9.134125709533691406e-02
1.687502861022949219e-02
1.690006256103515625e-02
1.667404174804687500e-02
9.678363800048828125e-03
1.187539100646972656e-02
5.984306335449218750e-03
3.962993621826171875e-03
8.404254913330078125e-03
4.503011703491210938e-03
4.156351089477539062e-03
6.748199462890625000e-03
5.613327026367187500e-03
9.491443634033203125e-03
1.676273345947265625e-02
1.432704925537109375e-02
1.636099815368652344e-02
1.338887214660644531e-02
1.689624786376953125e-02
1.551127433776855469e-02
2.085757255554199219e-02
8.877277374267578125e-03
1.914000511169433594e-02
1.689600944519042969e-02
1.682138442993164062e-02
1.704668998718261719e-02
1.665329933166503906e-02
1.784753799438476562e-02
1.485490798950195312e-02
1.611757278442382812e-02
2.171230316162109375e-02
1.388096809387207031e-02
3.686189651489257812e-03
3.712654113769531250e-03
1.346254348754882812e-02
8.054971694946289062e-03
4.225730895996093750e-03
6.990909576416015625e-03
1.289129257202148438e-02
1.040959358215332031e-02
1.691889762878417969e-02
1.373863220214843750e-02
1.716732978820800781e-02
1.704835891723632812e-02
1.521778106689453125e-02
1.507163047790527344e-02
1.816129684448242188e-02
1.795530319213867188e-02
1.717615127563476562e-02
1.497769355773925781e-02
1.664996147155761719e-02
1.721191406250000000e-02
1.625299453735351562e-02
1.598334312438964844e-02
1.688838005065917969e-02
1.524615287780761719e-02
1.010847091674804688e-02
1.029133796691894531e-02
1.112866401672363281e-02
9.381055831909179688e-03
9.758472442626953125e-03
5.625963211059570312e-03
5.738735198974609375e-03
1.058745384216308594e-02
4.709720611572265625e-03
1.022505760192871094e-02
1.672816276550292969e-02
1.615762710571289062e-02
1.178407669067382812e-02
1.648402214050292969e-02
1.476240158081054688e-02
1.565694808959960938e-02
4.547595977783203125e-03
1.490402221679687500e-02
2.037525177001953125e-02
1.296377182006835938e-02
9.752273559570312500e-03
1.182270050048828125e-02
9.240865707397460938e-03
6.035804748535156250e-03
8.071184158325195312e-03
8.468151092529296875e-03
9.735345840454101562e-03
8.653163909912109375e-03
1.125288009643554688e-02
5.998611450195312500e-03
1.670885086059570312e-02
1.094579696655273438e-02
7.431983947753906250e-03
1.938486099243164062e-02
1.185631752014160156e-02
1.672768592834472656e-02
1.604533195495605469e-02
1.742792129516601562e-02
1.667737960815429688e-02
2.021980285644531250e-02
9.954214096069335938e-03
1.093888282775878906e-02
7.914781570434570312e-03
3.855943679809570312e-03
1.212954521179199219e-02
9.899139404296875000e-03
9.921789169311523438e-03
1.143479347229003906e-02
1.623106002807617188e-02
1.791620254516601562e-02
1.708841323852539062e-02
1.039862632751464844e-02
1.689481735229492188e-02
1.894879341125488281e-02
1.444792747497558594e-02
1.523828506469726562e-02
1.371908187866210938e-02
1.373291015625000000e-02
1.025319099426269531e-02
2.115321159362792969e-02
8.963346481323242188e-03
2.543854713439941406e-02
5.202770233154296875e-03
1.127195358276367188e-02
1.565384864807128906e-02
9.264945983886718750e-03
1.156711578369140625e-02
9.569883346557617188e-03
1.154375076293945312e-02
1.385974884033203125e-02
1.848363876342773438e-02
1.846313476562500000e-02
1.630258560180664062e-02
1.723337173461914062e-02
1.696515083312988281e-02
2.072262763977050781e-02
2.162361145019531250e-02
1.520681381225585938e-02
1.694321632385253906e-02
1.153182983398437500e-02
1.706075668334960938e-02
1.536488533020019531e-02
1.640367507934570312e-02
1.676177978515625000e-02
1.618003845214843750e-02
1.176190376281738281e-02
2.775621414184570312e-02
1.288175582885742188e-02
8.509159088134765625e-03
1.786160469055175781e-02
1.164555549621582031e-02
4.601001739501953125e-03
4.987955093383789062e-03
1.611185073852539062e-02
9.940147399902343750e-03
2.024698257446289062e-02
1.699519157409667969e-02
1.482224464416503906e-02
1.478362083435058594e-02
1.405215263366699219e-02
1.830863952636718750e-02
1.362085342407226562e-02
1.657438278198242188e-02
1.457381248474121094e-02
1.686549186706542969e-02
1.509618759155273438e-02
1.751422882080078125e-02
1.321196556091308594e-02
1.675367355346679688e-02
1.114559173583984375e-02
1.799702644348144531e-02
1.646614074707031250e-02
9.916782379150390625e-03
1.604866981506347656e-02
1.138520240783691406e-02
4.269599914550781250e-03
5.369424819946289062e-03
2.007389068603515625e-02
4.686355590820312500e-03
4.642248153686523438e-03
1.114964485168457031e-02
1.218819618225097656e-02
1.641035079956054688e-02
1.455235481262207031e-02
1.743555068969726562e-02
1.407384872436523438e-02
1.698970794677734375e-02
1.557302474975585938e-02
1.092743873596191406e-02
1.563143730163574219e-02
1.718139648437500000e-02
1.351642608642578125e-02
1.255106925964355469e-02
1.634216308593750000e-02
1.685261726379394531e-02
1.896762847900390625e-02
9.830474853515625000e-03
1.534962654113769531e-02
1.955103874206542969e-02
1.815867424011230469e-02
1.035356521606445312e-02
6.384611129760742188e-03
1.020503044128417969e-02
1.014733314514160156e-02
8.693456649780273438e-03
1.031565666198730469e-02
5.612611770629882812e-03
1.629638671875000000e-02
7.099151611328125000e-03
1.956796646118164062e-02
1.680922508239746094e-02
1.770973205566406250e-02
1.683020591735839844e-02
1.600575447082519531e-02
1.699829101562500000e-02
2.299594879150390625e-02
1.798319816589355469e-02
1.361179351806640625e-02
1.072168350219726562e-02
2.103710174560546875e-02
1.510214805603027344e-02
9.387731552124023438e-03
1.219415664672851562e-02
1.193141937255859375e-02
1.700162887573242188e-02
1.736831665039062500e-02
1.742196083068847656e-02
1.466965675354003906e-02
1.754426956176757812e-02
1.755976676940917969e-02
1.014900207519531250e-02
1.090955734252929688e-02
1.428580284118652344e-02
1.946878433227539062e-02
1.059246063232421875e-02
1.834368705749511719e-02
5.959272384643554688e-03
9.903430938720703125e-03
2.073621749877929688e-02
1.794266700744628906e-02
1.044034957885742188e-02
1.002883911132812500e-02
1.091241836547851562e-02
1.005220413208007812e-02
7.614612579345703125e-03
1.570630073547363281e-02
2.296638488769531250e-02
1.672267913818359375e-02
1.358747482299804688e-02
1.368832588195800781e-02
1.532101631164550781e-02
1.564168930053710938e-02
1.160430908203125000e-02
1.915907859802246094e-02
1.389098167419433594e-02
1.460003852844238281e-02
1.632595062255859375e-02
1.983642578125000000e-02
1.243305206298828125e-02
1.644277572631835938e-02
4.529237747192382812e-03
4.915237426757812500e-03
4.848003387451171875e-03
5.283355712890625000e-03
1.110434532165527344e-02
1.272892951965332031e-02
9.236574172973632812e-03
1.615262031555175781e-02
1.040601730346679688e-02
1.886796951293945312e-02
1.896834373474121094e-02
1.458835601806640625e-02
1.665663719177246094e-02
1.762604713439941406e-02
1.731252670288085938e-02
2.222418785095214844e-02
1.662945747375488281e-02
1.683473587036132812e-02
2.261376380920410156e-02
1.493859291076660156e-02
1.715016365051269531e-02
1.474666595458984375e-02
1.680874824523925781e-02
1.828408241271972656e-02
1.675963401794433594e-02
1.669383049011230469e-02
4.025459289550781250e-03
8.292198181152343750e-03
7.362127304077148438e-03
5.629301071166992188e-03
1.043534278869628906e-02
7.483959197998046875e-03
1.207542419433593750e-02
1.171517372131347656e-02
1.715135574340820312e-02
1.302719116210937500e-02
1.725792884826660156e-02
1.383376121520996094e-02
1.737236976623535156e-02
1.480484008789062500e-02
1.626396179199218750e-02
1.733899116516113281e-02
1.493215560913085938e-02
1.729607582092285156e-02
9.576320648193359375e-03
1.530933380126953125e-02
1.835608482360839844e-02
1.541304588317871094e-02
1.709818840026855469e-02
1.705241203308105469e-02
1.714849472045898438e-02
8.860111236572265625e-03
1.230263710021972656e-02
1.162815093994140625e-02
1.183485984802246094e-02
9.317159652709960938e-03
4.753112792968750000e-03
7.773876190185546875e-03
6.126642227172851562e-03
9.829759597778320312e-03
7.552862167358398438e-03
1.000952720642089844e-02
9.432077407836914062e-03
1.715970039367675781e-02
1.704931259155273438e-02
1.565384864807128906e-02
1.648950576782226562e-02
1.538062095642089844e-02
1.759171485900878906e-02
1.737904548645019531e-02
1.572990417480468750e-02
1.712417602539062500e-02
1.168298721313476562e-02
2.095794677734375000e-02
1.084089279174804688e-02
1.480603218078613281e-02
1.164460182189941406e-02
1.126766204833984375e-02
1.054024696350097656e-02
1.463627815246582031e-02
1.395893096923828125e-02
1.100325584411621094e-02
1.081371307373046875e-02
5.131244659423828125e-03
1.289033889770507812e-02
1.222062110900878906e-02
1.228809356689453125e-02
1.737928390502929688e-02
1.461243629455566406e-02
1.729655265808105469e-02
9.176015853881835938e-03
4.135370254516601562e-03
1.148128509521484375e-02
1.037096977233886719e-02
1.893997192382812500e-02
1.093935966491699219e-02
1.071572303771972656e-02
1.125788688659667969e-02
1.542043685913085938e-02
1.742935180664062500e-02
1.637172698974609375e-02
1.285600662231445312e-02
1.437282562255859375e-02
1.794505119323730469e-02
1.752233505249023438e-02
1.515102386474609375e-02
1.537418365478515625e-02
1.039123535156250000e-02
1.130676269531250000e-02
1.262545585632324219e-02
1.869893074035644531e-02
8.143663406372070312e-03
3.329110145568847656e-02
1.324844360351562500e-02
1.660418510437011719e-02
1.007723808288574219e-02
1.731753349304199219e-02
1.002645492553710938e-02
1.821494102478027344e-02
1.699566841125488281e-02
1.072192192077636719e-02
1.962447166442871094e-02
1.555132865905761719e-02
1.704931259155273438e-02
1.704740524291992188e-02
1.763296127319335938e-02
1.597929000854492188e-02
2.034187316894531250e-02
1.731300354003906250e-02
1.701545715332031250e-02
1.583528518676757812e-02
1.342344284057617188e-02
2.114176750183105469e-02
1.031899452209472656e-02
3.863263130187988281e-02
2.246594429016113281e-02
6.073713302612304688e-03
3.876447677612304688e-03
1.505827903747558594e-02
1.072549819946289062e-02
9.499788284301757812e-03
1.188445091247558594e-02
1.006531715393066406e-02
1.696562767028808594e-02
1.810836791992187500e-02
1.724767684936523438e-02
1.489233970642089844e-02
1.605272293090820312e-02
1.820755004882812500e-02
1.338696479797363281e-02
1.803040504455566406e-02
1.747059822082519531e-02
1.919651031494140625e-02
1.666283607482910156e-02
1.461839675903320312e-02
1.706814765930175781e-02
2.049350738525390625e-02
1.684880256652832031e-02
1.760172843933105469e-02
1.045393943786621094e-02
1.486968994140625000e-02
1.532697677612304688e-02
1.076221466064453125e-02
4.440307617187500000e-03
9.804010391235351562e-03
4.500389099121093750e-03
7.486343383789062500e-03
1.699090003967285156e-02
2.430915832519531250e-02
1.230239868164062500e-02
1.765489578247070312e-02
1.737833023071289062e-02
1.399779319763183594e-02
1.707005500793457031e-02
1.747679710388183594e-02
1.727175712585449219e-02
1.160764694213867188e-02
1.708197593688964844e-02
1.564240455627441406e-02
1.786899566650390625e-02
1.597666740417480469e-02
1.752328872680664062e-02
1.651883125305175781e-02
1.280140876770019531e-02
1.444816589355468750e-02
1.046609878540039062e-02
8.766174316406250000e-03
1.420521736145019531e-02
9.728908538818359375e-03
8.381128311157226562e-03
3.839969635009765625e-03
7.526397705078125000e-03
1.075482368469238281e-02
1.034307479858398438e-02
9.348869323730468750e-03
1.254510879516601562e-02
1.141834259033203125e-02
4.496335983276367188e-03
1.463818550109863281e-02
1.675343513488769531e-02
1.795601844787597656e-02
9.600400924682617188e-03
2.082490921020507812e-02
1.712846755981445312e-02
1.705956459045410156e-02
1.707220077514648438e-02
1.724672317504882812e-02
1.736068725585937500e-02
1.195836067199707031e-02
1.428604125976562500e-02
9.813785552978515625e-03
1.269292831420898438e-02
1.133227348327636719e-02
1.243114471435546875e-02
5.635976791381835938e-03
1.701426506042480469e-02
1.484727859497070312e-02
6.864547729492187500e-03
1.718688011169433594e-02
1.007080078125000000e-02
1.975369453430175781e-02
9.173154830932617188e-03
1.065754890441894531e-02
5.614280700683593750e-03
1.755690574645996094e-02
1.320457458496093750e-02
1.095581054687500000e-02
1.416444778442382812e-02
1.193928718566894531e-02
7.702827453613281250e-03
1.094675064086914062e-02
1.162219047546386719e-02
1.091623306274414062e-02
1.744151115417480469e-02
1.403117179870605469e-02
1.727509498596191406e-02
1.554369926452636719e-02
2.196121215820312500e-02
1.543474197387695312e-02
1.473283767700195312e-02
1.563763618469238281e-02
1.726007461547851562e-02
1.350140571594238281e-02
1.547574996948242188e-02
1.352691650390625000e-02
1.135444641113281250e-02
9.059906005859375000e-03
7.916450500488281250e-03
1.054239273071289062e-02
8.828878402709960938e-03
1.018524169921875000e-02
6.327152252197265625e-03
1.140546798706054688e-02
4.815578460693359375e-03
9.645938873291015625e-03
1.038050651550292969e-02
1.863336563110351562e-02
2.221012115478515625e-02
1.408839225769042969e-02
1.594090461730957031e-02
1.549434661865234375e-02
1.411867141723632812e-02
1.528787612915039062e-02
1.350998878479003906e-02
1.797318458557128906e-02
1.397299766540527344e-02
1.112318038940429688e-02
1.708316802978515625e-02
1.657915115356445312e-02
6.870746612548828125e-03
1.055717468261718750e-02
4.636764526367187500e-03
1.553702354431152344e-02
4.035472869873046875e-03
1.444435119628906250e-02
1.521134376525878906e-02
1.072311401367187500e-02
1.482152938842773438e-02
1.530838012695312500e-02
1.465988159179687500e-02
1.435017585754394531e-02
1.353383064270019531e-02
1.868820190429687500e-02
1.706266403198242188e-02
1.520252227783203125e-02
1.535391807556152344e-02
1.829338073730468750e-02
1.683974266052246094e-02
1.439213752746582031e-02
1.760506629943847656e-02
2.075457572937011719e-02
1.699995994567871094e-02
1.203441619873046875e-02
2.491188049316406250e-02
1.551508903503417969e-02
1.868152618408203125e-02
4.929780960083007812e-03
1.885080337524414062e-02
4.437685012817382812e-03
5.456686019897460938e-03
8.522748947143554688e-03
5.333900451660156250e-03
2.316308021545410156e-02
1.283836364746093750e-02
1.491570472717285156e-02
1.729297637939453125e-02
1.686143875122070312e-02
1.605629920959472656e-02
1.498246192932128906e-02
1.637125015258789062e-02
1.724052429199218750e-02
1.518702507019042969e-02
1.725721359252929688e-02
1.653528213500976562e-02
1.112270355224609375e-02
1.724028587341308594e-02
1.726579666137695312e-02
1.401591300964355469e-02
1.702046394348144531e-02
1.774144172668457031e-02
9.021997451782226562e-03
9.902238845825195312e-03
1.636457443237304688e-02
1.021933555603027344e-02
1.347565650939941406e-02
4.546403884887695312e-03
4.964351654052734375e-03
7.380485534667968750e-03
1.099705696105957031e-02
1.065516471862792969e-02
9.939908981323242188e-03
1.674151420593261719e-02
1.663708686828613281e-02
1.760101318359375000e-02
1.434278488159179688e-02
1.679039001464843750e-02
1.731586456298828125e-02
1.705837249755859375e-02
1.464915275573730469e-02
1.704072952270507812e-02
1.164698600769042969e-02
1.713299751281738281e-02
1.667094230651855469e-02
1.125860214233398438e-02
2.129983901977539062e-02
1.230120658874511719e-02
9.464979171752929688e-03
1.076221466064453125e-02
8.899688720703125000e-03
1.735448837280273438e-02
1.881027221679687500e-02
1.010942459106445312e-02
2.328467369079589844e-02
6.631851196289062500e-03
1.883244514465332031e-02
1.025867462158203125e-02
1.361274719238281250e-02
1.682662963867187500e-02
1.426148414611816406e-02
1.034808158874511719e-02
1.133799552917480469e-02
9.564161300659179688e-03
1.719141006469726562e-02
4.262447357177734375e-03
9.233236312866210938e-03
1.032447814941406250e-02
1.048517227172851562e-02
1.483273506164550781e-02
1.485419273376464844e-02
1.723217964172363281e-02
1.743173599243164062e-02
2.097630500793457031e-02
1.738643646240234375e-02
1.615858078002929688e-02
1.858282089233398438e-02
1.268982887268066406e-02
1.719069480895996094e-02
1.098394393920898438e-02
9.362697601318359375e-03
2.539396286010742188e-02
1.526451110839843750e-02
1.286983489990234375e-02
1.106691360473632812e-02
1.127028465270996094e-02
1.028251647949218750e-02
1.129221916198730469e-02
1.459670066833496094e-02
2.130293846130371094e-02
1.571035385131835938e-02
1.691889762878417969e-02
1.746344566345214844e-02
1.677322387695312500e-02
1.823401451110839844e-02
1.709580421447753906e-02
1.737141609191894531e-02
1.588487625122070312e-02
1.730775833129882812e-02
1.815986633300781250e-02
1.793003082275390625e-02
2.015328407287597656e-02
1.399087905883789062e-02
3.895521163940429688e-03
1.508927345275878906e-02
2.129030227661132812e-02
7.527112960815429688e-03
4.724025726318359375e-03
2.758550643920898438e-02
4.609584808349609375e-03
9.207010269165039062e-03
1.297831535339355469e-02
1.087689399719238281e-02
1.122474670410156250e-02
1.726531982421875000e-02
1.515626907348632812e-02
1.721978187561035156e-02
4.036903381347656250e-03
1.708865165710449219e-02
1.444840431213378906e-02
1.705670356750488281e-02
1.500177383422851562e-02
1.701116561889648438e-02
1.585721969604492188e-02
1.068258285522460938e-02
1.580595970153808594e-02
1.578593254089355469e-02
1.568579673767089844e-02
1.464629173278808594e-02
1.414966583251953125e-02
1.486229896545410156e-02
1.868057250976562500e-02
4.448652267456054688e-03
1.348781585693359375e-02
1.279449462890625000e-02
4.502296447753906250e-03
4.732370376586914062e-03
4.993200302124023438e-03
7.321357727050781250e-03
1.006793975830078125e-02
1.777744293212890625e-02
1.246118545532226562e-02
1.750826835632324219e-02
1.579451560974121094e-02
1.793909072875976562e-02
1.723980903625488281e-02
1.694178581237792969e-02
1.838541030883789062e-02
1.761651039123535156e-02
1.391029357910156250e-02
1.755881309509277344e-02
1.455211639404296875e-02
1.778340339660644531e-02
1.841473579406738281e-02
9.788513183593750000e-03
9.972095489501953125e-03
3.584337234497070312e-02
1.761579513549804688e-02
1.085734367370605469e-02
1.087117195129394531e-02
3.882169723510742188e-03
5.244255065917968750e-03
4.429340362548828125e-03
3.879070281982421875e-03
1.073503494262695312e-02
1.083159446716308594e-02
1.099491119384765625e-02
1.525449752807617188e-02
1.706337928771972656e-02
1.934266090393066406e-02
1.634621620178222656e-02
1.815915107727050781e-02
1.774501800537109375e-02
1.752805709838867188e-02
1.748824119567871094e-02
1.678562164306640625e-02
1.799345016479492188e-02
1.272273063659667969e-02
4.803895950317382812e-03
1.284861564636230469e-02
1.028299331665039062e-02
2.870750427246093750e-02
4.119873046875000000e-03
1.105713844299316406e-02
1.044678688049316406e-02
1.120829582214355469e-02
1.563835144042968750e-02
9.543418884277343750e-03
1.178121566772460938e-02
1.731586456298828125e-02
2.227330207824707031e-02
1.594614982604980469e-02
1.783251762390136719e-02
1.515221595764160156e-02
1.290321350097656250e-02
1.520800590515136719e-02
1.768398284912109375e-02
1.093626022338867188e-02
1.102900505065917969e-02
1.079821586608886719e-02
6.205320358276367188e-03
7.444858551025390625e-03
1.495075225830078125e-02
1.052498817443847656e-02
1.022624969482421875e-02
1.074862480163574219e-02
1.700735092163085938e-02
9.563684463500976562e-03
9.979248046875000000e-03
8.701562881469726562e-03
1.164937019348144531e-02
1.231336593627929688e-02
1.038789749145507812e-02
9.730815887451171875e-03
1.691007614135742188e-02
1.690030097961425781e-02
1.719403266906738281e-02
1.520705223083496094e-02
1.664280891418457031e-02
1.628971099853515625e-02
7.894515991210937500e-03
1.924514770507812500e-02
1.592230796813964844e-02
1.097393035888671875e-02
6.954193115234375000e-03
9.635686874389648438e-03
1.209259033203125000e-02
1.299977302551269531e-02
9.661674499511718750e-03
7.247447967529296875e-03
8.718013763427734375e-03
4.411697387695312500e-03
4.329442977905273438e-03
1.651144027709960938e-02
8.211135864257812500e-03
1.886153221130371094e-02
1.211285591125488281e-02
1.663613319396972656e-02
1.636409759521484375e-02
1.207327842712402344e-02
1.126194000244140625e-02
1.924657821655273438e-02
1.584005355834960938e-02
1.548194885253906250e-02
1.589274406433105469e-02
2.040934562683105469e-02
1.602101325988769531e-02
1.035690307617187500e-02
5.662441253662109375e-03
5.204200744628906250e-03
1.375699043273925781e-02
5.009889602661132812e-03
7.215023040771484375e-03
5.136251449584960938e-03
1.999425888061523438e-02
1.690840721130371094e-02
1.931905746459960938e-02
1.961398124694824219e-02
1.008152961730957031e-02
2.028441429138183594e-02
1.519942283630371094e-02
2.191638946533203125e-02
2.076220512390136719e-02
1.387262344360351562e-02
4.742383956909179688e-03
1.360726356506347656e-02
1.425457000732421875e-02
1.152133941650390625e-02
1.195025444030761719e-02
5.420684814453125000e-03
6.586313247680664062e-03
5.307435989379882812e-03
3.075337409973144531e-02
9.965419769287109375e-03
4.406452178955078125e-03
8.662939071655273438e-03
2.005434036254882812e-02
2.395510673522949219e-02
1.712250709533691406e-02
2.007579803466796875e-02
1.881742477416992188e-02
6.528139114379882812e-03
9.728908538818359375e-03
1.389455795288085938e-02
1.888561248779296875e-02
5.007743835449218750e-03
1.476359367370605469e-02
4.307270050048828125e-03
4.371166229248046875e-03
8.857727050781250000e-03
6.338357925415039062e-03
2.384734153747558594e-02
4.054069519042968750e-03
1.526880264282226562e-02
1.471543312072753906e-02
3.007459640502929688e-02
1.474046707153320312e-02
1.827454566955566406e-02
1.423382759094238281e-02
1.551365852355957031e-02
8.883953094482421875e-03
1.606464385986328125e-02
2.305507659912109375e-02
2.665281295776367188e-02
1.704502105712890625e-02
1.092433929443359375e-02
1.472711563110351562e-02
1.585030555725097656e-02
7.497072219848632812e-03
1.783895492553710938e-02
3.369069099426269531e-02
2.444219589233398438e-02
1.171278953552246094e-02
5.155086517333984375e-03
1.455855369567871094e-02
2.855801582336425781e-02
1.176381111145019531e-02
1.802015304565429688e-02
1.064157485961914062e-02
9.813785552978515625e-03
2.027344703674316406e-02
1.114177703857421875e-02
1.359748840332031250e-02
1.253151893615722656e-02
1.038312911987304688e-02
1.529955863952636719e-02
5.289554595947265625e-03
4.755496978759765625e-03
6.931543350219726562e-03
6.401062011718750000e-03
4.421234130859375000e-03
8.177518844604492188e-03
7.453441619873046875e-03
4.898309707641601562e-03
1.082229614257812500e-02
1.037287712097167969e-02
1.093506813049316406e-02
9.067296981811523438e-03
1.472640037536621094e-02
1.855683326721191406e-02
9.669303894042968750e-03
1.697134971618652344e-02
1.070690155029296875e-02
1.105737686157226562e-02
1.044368743896484375e-02
1.126456260681152344e-02
1.046490669250488281e-02
1.716685295104980469e-02
4.237651824951171875e-03
4.902839660644531250e-03
5.928516387939453125e-03
4.699945449829101562e-03
4.564285278320312500e-03
5.933284759521484375e-03
2.080464363098144531e-02
1.114892959594726562e-02
1.003265380859375000e-02
1.393413543701171875e-02
1.003170013427734375e-02
1.071715354919433594e-02
1.030302047729492188e-02
1.067900657653808594e-02
9.223699569702148438e-03
6.316184997558593750e-03
9.016752243041992188e-03
1.436662673950195312e-02
1.023483276367187500e-02
1.613736152648925781e-02
1.142406463623046875e-02
1.155924797058105469e-02
7.724761962890625000e-03
7.534503936767578125e-03
1.229095458984375000e-02
4.512071609497070312e-03
3.696441650390625000e-03
3.863811492919921875e-03
4.174232482910156250e-03
4.680156707763671875e-03
1.047372817993164062e-02
1.445531845092773438e-02
1.020956039428710938e-02
1.090264320373535156e-02
1.041007041931152344e-02
1.082706451416015625e-02
8.481740951538085938e-03
1.263570785522460938e-02
1.095509529113769531e-02
1.165103912353515625e-02
1.018667221069335938e-02
9.033441543579101562e-03
1.166367530822753906e-02
1.401543617248535156e-02
1.058053970336914062e-02
1.071453094482421875e-02
4.040002822875976562e-03
4.280805587768554688e-03
