9.497642517089843750e-02
1.405382156372070312e-02
1.655483245849609375e-02
1.424837112426757812e-02
2.101540565490722656e-02
1.583194732666015625e-02
1.617431640625000000e-02
1.490736007690429688e-02
1.001167297363281250e-02
1.519846916198730469e-02
1.015043258666992188e-02
3.520083427429199219e-02
7.970333099365234375e-03
1.685428619384765625e-02
6.263732910156250000e-03
1.016163825988769531e-02
9.660720825195312500e-03
1.805162429809570312e-02
1.546001434326171875e-02
1.348090171813964844e-02
1.590681076049804688e-02
1.542186737060546875e-02
1.672816276550292969e-02
1.596999168395996094e-02
1.400041580200195312e-02
1.492094993591308594e-02
1.437640190124511719e-02
1.075553894042968750e-02
1.676821708679199219e-02
1.407718658447265625e-02
8.640766143798828125e-03
9.945154190063476562e-03
7.804632186889648438e-03
1.679730415344238281e-02
3.646850585937500000e-03
9.551286697387695312e-03
9.558200836181640625e-03
3.436326980590820312e-03
4.255056381225585938e-03
1.001763343811035156e-02
1.081752777099609375e-02
9.187221527099609375e-03
9.228944778442382812e-03
7.898807525634765625e-03
9.235143661499023438e-03
1.361298561096191406e-02
1.376724243164062500e-02
1.979422569274902344e-02
1.473450660705566406e-02
1.112055778503417969e-02
1.610946655273437500e-02
1.379942893981933594e-02
1.825737953186035156e-02
2.340698242187500000e-02
1.044225692749023438e-02
9.723901748657226562e-03
1.042675971984863281e-02
1.103782653808593750e-02
9.676456451416015625e-03
1.309561729431152344e-02
1.840949058532714844e-02
1.507973670959472656e-02
1.821351051330566406e-02
1.765704154968261719e-02
1.020455360412597656e-02
6.336450576782226562e-03
1.249766349792480469e-02
8.477687835693359375e-03
1.046872138977050781e-02
1.010465621948242188e-02
9.767532348632812500e-03
1.036548614501953125e-02
6.892442703247070312e-03
3.627157211303710938e-02
1.225948333740234375e-02
9.562492370605468750e-03
1.166367530822753906e-02
9.248971939086914062e-03
1.672077178955078125e-02
1.790118217468261719e-02
1.813125610351562500e-02
1.660776138305664062e-02
1.689004898071289062e-02
1.580381393432617188e-02
1.601386070251464844e-02
1.529479026794433594e-02
1.389980316162109375e-02
1.542782783508300781e-02
1.577210426330566406e-02
1.154422760009765625e-02
1.063537597656250000e-02
1.903128623962402344e-02
1.735782623291015625e-02
2.485060691833496094e-02
7.107496261596679688e-03
1.587414741516113281e-02
1.561212539672851562e-02
1.244878768920898438e-02
9.907007217407226562e-03
1.816916465759277344e-02
9.804725646972656250e-03
8.373975753784179688e-03
1.030278205871582031e-02
1.574754714965820312e-02
1.664400100708007812e-02
1.413583755493164062e-02
1.248121261596679688e-02
1.751255989074707031e-02
1.661348342895507812e-02
2.262425422668457031e-02
1.634812355041503906e-02
1.350665092468261719e-02
1.651787757873535156e-02
1.171684265136718750e-02
1.655864715576171875e-02
1.695275306701660156e-02
1.703500747680664062e-02
1.387906074523925781e-02
1.844215393066406250e-02
1.508045196533203125e-02
1.086783409118652344e-02
1.104092597961425781e-02
5.110263824462890625e-03
5.224704742431640625e-03
3.776073455810546875e-03
4.012346267700195312e-03
4.187345504760742188e-03
1.010727882385253906e-02
1.177597045898437500e-02
1.477265357971191406e-02
1.641368865966796875e-02
1.478385925292968750e-02
8.963584899902343750e-03
1.683449745178222656e-02
1.338672637939453125e-02
1.475310325622558594e-02
9.110212326049804688e-03
1.528048515319824219e-02
1.512312889099121094e-02
1.498603820800781250e-02
1.549124717712402344e-02
1.515007019042968750e-02
1.667380332946777344e-02
1.410031318664550781e-02
1.682162284851074219e-02
1.405215263366699219e-02
1.686382293701171875e-02
9.292125701904296875e-03
9.536743164062500000e-03
1.579165458679199219e-02
4.625797271728515625e-03
5.417108535766601562e-03
3.570079803466796875e-03
8.786678314208984375e-03
5.876541137695312500e-03
5.037784576416015625e-03
3.946065902709960938e-03
1.436877250671386719e-02
1.621747016906738281e-02
1.754021644592285156e-02
1.698374748229980469e-02
1.521372795104980469e-02
1.797533035278320312e-02
1.700496673583984375e-02
1.599645614624023438e-02
1.509618759155273438e-02
1.698160171508789062e-02
1.593041419982910156e-02
1.727867126464843750e-02
1.629281044006347656e-02
1.657700538635253906e-02
1.789784431457519531e-02
1.625180244445800781e-02
1.758050918579101562e-02
1.207900047302246094e-02
9.578704833984375000e-03
1.152276992797851562e-02
1.074051856994628906e-02
1.104092597961425781e-02
9.151697158813476562e-03
1.293730735778808594e-02
1.834249496459960938e-02
4.415750503540039062e-03
1.366353034973144531e-02
1.031374931335449219e-02
1.476001739501953125e-02
1.253080368041992188e-02
1.383423805236816406e-02
1.798057556152343750e-02
1.702737808227539062e-02
1.772594451904296875e-02
1.282143592834472656e-02
1.736474037170410156e-02
1.800465583801269531e-02
1.335310935974121094e-02
1.740169525146484375e-02
1.069736480712890625e-02
7.251977920532226562e-03
9.828090667724609375e-03
8.762836456298828125e-03
1.626920700073242188e-02
1.690578460693359375e-02
1.709437370300292969e-02
1.784372329711914062e-02
1.661753654479980469e-02
1.616001129150390625e-02
3.762483596801757812e-03
1.793026924133300781e-02
9.145021438598632812e-03
8.375883102416992188e-03
2.310252189636230469e-02
1.199150085449218750e-02
1.011943817138671875e-02
1.895260810852050781e-02
6.039142608642578125e-03
1.074314117431640625e-02
1.050448417663574219e-02
1.095867156982421875e-02
9.699821472167968750e-03
1.076173782348632812e-02
1.692461967468261719e-02
1.359343528747558594e-02
1.832389831542968750e-02
1.372504234313964844e-02
1.641058921813964844e-02
1.565885543823242188e-02
1.073455810546875000e-02
1.363897323608398438e-02
1.657819747924804688e-02
1.578903198242187500e-02
1.460909843444824219e-02
1.952910423278808594e-02
1.058793067932128906e-02
1.607871055603027344e-02
4.127979278564453125e-03
7.291316986083984375e-03
1.085758209228515625e-02
2.153706550598144531e-02
9.866952896118164062e-03
1.582765579223632812e-02
1.234316825866699219e-02
9.720325469970703125e-03
1.656007766723632812e-02
1.481628417968750000e-02
1.648926734924316406e-02
1.889681816101074219e-02
1.663255691528320312e-02
1.371479034423828125e-02
1.682639122009277344e-02
1.541972160339355469e-02
1.679372787475585938e-02
1.042199134826660156e-02
1.689219474792480469e-02
9.373188018798828125e-03
1.693606376647949219e-02
1.381850242614746094e-02
1.672005653381347656e-02
1.487588882446289062e-02
1.843309402465820312e-02
1.735758781433105469e-02
4.573655128479003906e-02
1.269650459289550781e-02
4.432201385498046875e-03
5.591154098510742188e-03
3.828763961791992188e-03
5.085229873657226562e-03
4.105806350708007812e-03
1.812005043029785156e-02
4.731416702270507812e-03
1.508069038391113281e-02
9.554624557495117188e-03
1.771211624145507812e-02
1.409959793090820312e-02
1.505255699157714844e-02
1.503038406372070312e-02
1.303148269653320312e-02
1.519179344177246094e-02
1.569247245788574219e-02
1.659297943115234375e-02
1.705503463745117188e-02
1.645302772521972656e-02
1.622867584228515625e-02
1.663208007812500000e-02
1.664876937866210938e-02
1.483201980590820312e-02
1.736164093017578125e-02
1.744341850280761719e-02
1.410174369812011719e-02
9.041786193847656250e-03
9.498119354248046875e-03
9.971857070922851562e-03
1.531267166137695312e-02
1.095557212829589844e-02
2.754402160644531250e-02
1.802659034729003906e-02
1.770234107971191406e-02
5.692005157470703125e-03
4.062891006469726562e-03
1.013278961181640625e-02
1.291871070861816406e-02
1.427316665649414062e-02
2.001237869262695312e-02
1.833868026733398438e-02
1.334595680236816406e-02
1.512932777404785156e-02
1.513147354125976562e-02
1.565647125244140625e-02
1.523709297180175781e-02
1.562643051147460938e-02
1.609587669372558594e-02
1.298236846923828125e-02
1.632404327392578125e-02
1.664900779724121094e-02
1.661348342895507812e-02
3.607034683227539062e-03
2.371835708618164062e-02
1.235198974609375000e-02
1.043295860290527344e-02
6.748199462890625000e-03
4.123687744140625000e-03
4.161596298217773438e-03
4.086732864379882812e-03
5.551576614379882812e-03
9.755373001098632812e-03
9.607791900634765625e-03
7.708311080932617188e-03
1.109719276428222656e-02
1.835465431213378906e-02
1.400446891784667969e-02
1.620364189147949219e-02
1.688337326049804688e-02
1.661205291748046875e-02
1.870250701904296875e-02
1.675200462341308594e-02
1.505804061889648438e-02
9.299993515014648438e-03
1.928043365478515625e-02
9.642362594604492188e-03
1.073002815246582031e-02
4.103899002075195312e-03
6.577730178833007812e-03
7.909297943115234375e-03
1.027750968933105469e-02
1.691269874572753906e-02
1.297211647033691406e-02
5.306005477905273438e-03
1.078557968139648438e-02
1.752424240112304688e-02
1.056814193725585938e-02
1.898741722106933594e-02
1.317501068115234375e-02
1.698827743530273438e-02
1.310014724731445312e-02
1.015710830688476562e-02
8.434295654296875000e-03
5.601644515991210938e-03
1.040506362915039062e-02
9.565114974975585938e-03
1.009654998779296875e-02
1.009130477905273438e-02
8.784294128417968750e-03
1.656270027160644531e-02
1.377391815185546875e-02
1.701951026916503906e-02
1.299262046813964844e-02
1.672577857971191406e-02
1.596617698669433594e-02
1.617312431335449219e-02
1.455450057983398438e-02
1.643872261047363281e-02
1.794028282165527344e-02
9.328126907348632812e-03
1.146459579467773438e-02
1.161837577819824219e-02
3.830432891845703125e-03
9.011030197143554688e-03
4.226684570312500000e-03
9.910821914672851562e-03
9.120464324951171875e-03
3.889083862304687500e-03
9.918928146362304688e-03
3.664731979370117188e-03
1.009583473205566406e-02
9.630680084228515625e-03
1.300907135009765625e-02
1.668238639831542969e-02
1.368522644042968750e-02
1.654577255249023438e-02
1.183414459228515625e-02
1.693677902221679688e-02
1.284408569335937500e-02
1.712226867675781250e-02
1.648712158203125000e-02
1.659750938415527344e-02
1.375412940979003906e-02
1.678109169006347656e-02
1.997280120849609375e-02
1.631689071655273438e-02
1.478695869445800781e-02
1.862883567810058594e-02
3.439188003540039062e-03
1.726174354553222656e-02
1.743412017822265625e-02
5.573749542236328125e-03
2.259206771850585938e-02
1.311039924621582031e-02
3.858566284179687500e-03
5.566120147705078125e-03
1.280760765075683594e-02
1.017642021179199219e-02
1.672387123107910156e-02
1.900434494018554688e-02
1.583671569824218750e-02
1.375722885131835938e-02
1.527094841003417969e-02
1.424407958984375000e-02
1.674532890319824219e-02
1.654720306396484375e-02
1.309227943420410156e-02
1.660323143005371094e-02
1.700043678283691406e-02
1.694846153259277344e-02
1.353073120117187500e-02
1.661515235900878906e-02
1.596689224243164062e-02
1.669120788574218750e-02
1.046466827392578125e-02
5.744934082031250000e-03
1.376891136169433594e-02
3.486156463623046875e-03
1.278734207153320312e-02
3.932714462280273438e-03
1.274561882019042969e-02
3.818750381469726562e-03
1.889896392822265625e-02
1.627588272094726562e-02
1.561665534973144531e-02
1.644659042358398438e-02
1.585817337036132812e-02
1.662158966064453125e-02
1.995301246643066406e-02
1.414966583251953125e-02
1.404404640197753906e-02
1.646709442138671875e-02
1.372337341308593750e-02
1.818823814392089844e-02
1.623177528381347656e-02
1.627373695373535156e-02
1.555967330932617188e-02
1.650118827819824219e-02
1.471114158630371094e-02
9.650945663452148438e-03
1.708054542541503906e-02
9.768962860107421875e-03
9.280204772949218750e-03
7.610797882080078125e-03
9.375333786010742188e-03
8.183240890502929688e-03
4.877567291259765625e-03
4.130125045776367188e-03
9.401321411132812500e-03
9.529829025268554688e-03
9.653806686401367188e-03
9.514808654785156250e-03
1.718282699584960938e-02
1.930165290832519531e-02
1.412248611450195312e-02
9.961128234863281250e-03
1.493668556213378906e-02
1.672577857971191406e-02
1.654314994812011719e-02
1.638627052307128906e-02
2.091455459594726562e-02
1.650857925415039062e-02
1.285696029663085938e-02
1.024317741394042969e-02
2.034878730773925781e-02
1.617050170898437500e-02
1.314949989318847656e-02
1.107072830200195312e-02
8.656978607177734375e-03
1.109886169433593750e-02
2.013587951660156250e-02
9.999990463256835938e-03
1.097679138183593750e-02
1.072692871093750000e-02
8.843183517456054688e-03
7.260799407958984375e-03
9.906053543090820312e-03
1.675152778625488281e-02
1.235628128051757812e-02
1.655769348144531250e-02
1.972961425781250000e-02
9.739398956298828125e-03
1.072669029235839844e-02
9.575843811035156250e-03
8.854866027832031250e-03
3.695011138916015625e-03
1.247644424438476562e-02
7.580995559692382812e-03
9.156465530395507812e-03
1.010441780090332031e-02
1.320886611938476562e-02
1.666593551635742188e-02
1.635980606079101562e-02
1.171612739562988281e-02
1.303219795227050781e-02
1.660084724426269531e-02
1.603746414184570312e-02
4.149675369262695312e-03
1.052212715148925781e-02
9.455204010009765625e-03
1.730394363403320312e-02
2.252936363220214844e-02
7.115602493286132812e-03
3.514766693115234375e-03
4.034757614135742188e-03
9.718894958496093750e-03
9.686946868896484375e-03
9.176015853881835938e-03
1.559519767761230469e-02
9.812355041503906250e-03
1.025462150573730469e-02
1.649856567382812500e-02
1.350474357604980469e-02
1.693820953369140625e-02
1.019024848937988281e-02
1.672577857971191406e-02
1.309847831726074219e-02
1.651453971862792969e-02
1.440119743347167969e-02
1.585936546325683594e-02
1.589846611022949219e-02
8.973598480224609375e-03
1.612305641174316406e-02
1.345396041870117188e-02
1.461815834045410156e-02
9.291648864746093750e-03
9.792089462280273438e-03
1.670598983764648438e-02
1.796340942382812500e-02
8.425712585449218750e-03
1.550579071044921875e-02
5.636215209960937500e-03
1.075553894042968750e-02
1.217031478881835938e-02
8.970022201538085938e-03
5.779027938842773438e-03
9.736776351928710938e-03
1.653623580932617188e-02
1.561284065246582031e-02
1.658034324645996094e-02
1.367163658142089844e-02
1.686930656433105469e-02
1.597285270690917969e-02
1.840376853942871094e-02
1.400518417358398438e-02
1.346945762634277344e-02
1.708555221557617188e-02
4.648685455322265625e-03
1.642131805419921875e-02
1.330971717834472656e-02
1.566624641418457031e-02
1.334500312805175781e-02
1.345491409301757812e-02
1.348233222961425781e-02
8.776187896728515625e-03
4.392147064208984375e-03
3.813028335571289062e-03
1.635861396789550781e-02
1.399755477905273438e-02
4.010915756225585938e-03
5.140304565429687500e-03
4.419326782226562500e-03
1.590847969055175781e-02
1.662254333496093750e-02
1.504945755004882812e-02
1.607990264892578125e-02
1.406550407409667969e-02
1.697134971618652344e-02
1.359438896179199219e-02
1.474642753601074219e-02
1.651692390441894531e-02
1.570963859558105469e-02
1.081633567810058594e-02
1.471352577209472656e-02
1.536035537719726562e-02
1.368498802185058594e-02
1.745128631591796875e-02
1.648902893066406250e-02
1.415824890136718750e-02
3.570079803466796875e-03
8.672475814819335938e-03
8.834362030029296875e-03
2.500391006469726562e-02
1.060581207275390625e-02
8.987665176391601562e-03
8.862257003784179688e-03
3.964424133300781250e-03
9.546756744384765625e-03
1.361846923828125000e-02
9.727239608764648438e-03
9.565591812133789062e-03
9.860515594482421875e-03
2.040171623229980469e-02
1.448750495910644531e-02
1.459884643554687500e-02
1.426982879638671875e-02
1.345109939575195312e-02
1.879715919494628906e-02
1.677131652832031250e-02
9.753465652465820312e-03
1.074862480163574219e-02
4.233360290527343750e-03
1.027941703796386719e-02
6.803750991821289062e-03
1.146221160888671875e-02
1.069474220275878906e-02
1.000857353210449219e-02
1.750349998474121094e-02
1.463651657104492188e-02
1.673221588134765625e-02
1.449251174926757812e-02
1.657080650329589844e-02
1.108956336975097656e-02
9.554386138916015625e-03
9.898662567138671875e-03
9.236812591552734375e-03
1.081538200378417969e-02
9.331703186035156250e-03
4.237174987792968750e-03
2.282309532165527344e-02
8.228778839111328125e-03
1.804757118225097656e-02
1.012611389160156250e-02
9.868383407592773438e-03
9.684324264526367188e-03
9.908914566040039062e-03
7.371664047241210938e-03
1.229524612426757812e-02
1.343989372253417969e-02
1.753020286560058594e-02
1.607918739318847656e-02
1.678419113159179688e-02
1.606774330139160156e-02
1.613759994506835938e-02
1.092958450317382812e-02
1.657915115356445312e-02
1.659417152404785156e-02
9.318113327026367188e-03
1.206064224243164062e-02
1.170611381530761719e-02
4.110097885131835938e-03
7.197380065917968750e-03
7.810831069946289062e-03
8.251190185546875000e-03
9.832143783569335938e-03
9.542703628540039062e-03
1.026988029479980469e-02
1.016426086425781250e-02
5.774497985839843750e-03
9.225845336914062500e-03
1.677322387695312500e-02
1.586270332336425781e-02
1.656770706176757812e-02
1.236009597778320312e-02
1.897382736206054688e-02
1.137351989746093750e-02
1.427698135375976562e-02
1.397752761840820312e-02
1.693105697631835938e-02
1.499056816101074219e-02
1.672744750976562500e-02
1.095271110534667969e-02
2.552986145019531250e-02
1.434493064880371094e-02
9.206533432006835938e-03
1.377892494201660156e-02
7.454633712768554688e-03
4.479885101318359375e-03
1.019334793090820312e-02
7.281064987182617188e-03
1.006579399108886719e-02
1.159453392028808594e-02
5.625009536743164062e-03
1.394939422607421875e-02
1.665592193603515625e-02
1.430320739746093750e-02
1.834583282470703125e-02
1.470446586608886719e-02
1.645779609680175781e-02
1.615118980407714844e-02
1.230406761169433594e-02
1.238369941711425781e-02
1.677680015563964844e-02
1.135683059692382812e-02
1.650929450988769531e-02
1.510143280029296875e-02
1.867413520812988281e-02
1.236486434936523438e-02
1.648950576782226562e-02
1.298880577087402344e-02
1.242256164550781250e-02
2.286148071289062500e-02
3.998041152954101562e-03
4.732608795166015625e-03
2.197098731994628906e-02
4.087924957275390625e-03
4.539012908935546875e-03
8.507013320922851562e-03
1.668286323547363281e-02
1.763343811035156250e-02
1.638197898864746094e-02
1.533126831054687500e-02
1.314091682434082031e-02
1.471400260925292969e-02
1.111245155334472656e-02
1.700592041015625000e-02
1.666831970214843750e-02
1.393723487854003906e-02
1.448893547058105469e-02
1.745891571044921875e-02
1.632642745971679688e-02
1.363992691040039062e-02
1.452732086181640625e-02
1.544380187988281250e-02
1.643610000610351562e-02
8.593082427978515625e-03
1.085019111633300781e-02
9.067535400390625000e-03
1.049995422363281250e-02
1.016974449157714844e-02
3.820180892944335938e-03
6.273269653320312500e-03
8.173942565917968750e-03
4.400730133056640625e-03
1.377153396606445312e-02
1.072525978088378906e-02
9.616851806640625000e-03
9.618282318115234375e-03
1.672697067260742188e-02
1.610255241394042969e-02
1.972246170043945312e-02
1.739859580993652344e-02
1.141619682312011719e-02
1.491332054138183594e-02
1.335048675537109375e-02
1.500272750854492188e-02
1.274108886718750000e-02
2.040410041809082031e-02
1.672267913818359375e-02
1.079344749450683594e-02
1.021957397460937500e-02
2.264976501464843750e-02
1.022052764892578125e-02
9.661197662353515625e-03
1.033449172973632812e-02
9.344100952148437500e-03
3.409385681152343750e-03
1.258707046508789062e-02
1.019144058227539062e-02
1.063466072082519531e-02
4.046201705932617188e-03
1.899242401123046875e-02
4.127502441406250000e-03
1.699137687683105469e-02
1.684355735778808594e-02
1.504015922546386719e-02
1.676535606384277344e-02
1.570916175842285156e-02
1.571917533874511719e-02
1.047158241271972656e-02
9.514808654785156250e-03
3.213071823120117188e-02
9.279966354370117188e-03
9.392499923706054688e-03
9.592056274414062500e-03
9.009838104248046875e-03
8.571147918701171875e-03
9.970188140869140625e-03
1.640248298645019531e-02
1.329255104064941406e-02
1.636409759521484375e-02
1.591849327087402344e-02
9.893894195556640625e-03
1.005291938781738281e-02
3.094315528869628906e-02
1.071786880493164062e-02
1.354813575744628906e-02
1.510596275329589844e-02
1.628065109252929688e-02
9.829759597778320312e-03
1.039862632751464844e-02
2.205944061279296875e-02
1.025152206420898438e-02
1.085329055786132812e-02
1.018500328063964844e-02
1.395773887634277344e-02
1.615786552429199219e-02
1.485562324523925781e-02
1.682877540588378906e-02
1.271438598632812500e-02
1.683735847473144531e-02
1.259994506835937500e-02
1.657295227050781250e-02
8.088827133178710938e-03
1.670265197753906250e-02
1.266098022460937500e-02
3.382921218872070312e-03
1.379585266113281250e-02
9.202003479003906250e-03
4.765510559082031250e-03
5.799293518066406250e-03
5.661010742187500000e-03
4.021883010864257812e-03
1.467013359069824219e-02
3.643512725830078125e-03
1.195216178894042969e-02
8.127450942993164062e-03
6.922006607055664062e-03
5.663394927978515625e-03
8.905887603759765625e-03
1.650691032409667969e-02
1.234316825866699219e-02
1.718544960021972656e-02
1.550436019897460938e-02
1.693511009216308594e-02
1.375222206115722656e-02
1.011443138122558594e-02
1.571273803710937500e-02
1.682567596435546875e-02
1.708722114562988281e-02
1.665925979614257812e-02
1.541399955749511719e-02
7.684230804443359375e-03
9.005069732666015625e-03
6.681919097900390625e-03
2.152013778686523438e-02
2.111530303955078125e-02
1.775670051574707031e-02
4.042625427246093750e-03
2.415013313293457031e-02
5.751609802246093750e-03
1.059937477111816406e-02
9.698867797851562500e-03
9.791135787963867188e-03
1.688289642333984375e-02
1.553034782409667969e-02
1.341152191162109375e-02
1.449966430664062500e-02
1.633191108703613281e-02
1.377487182617187500e-02
1.652622222900390625e-02
1.696491241455078125e-02
1.671314239501953125e-02
1.820588111877441406e-02
1.290369033813476562e-02
1.567173004150390625e-02
1.854038238525390625e-02
9.178876876831054688e-03
1.635384559631347656e-02
1.395010948181152344e-02
3.342628479003906250e-03
3.206014633178710938e-03
7.593154907226562500e-03
4.084587097167968750e-03
3.763437271118164062e-03
4.815340042114257812e-03
6.602525711059570312e-03
5.485534667968750000e-03
5.475044250488281250e-03
9.820938110351562500e-03
1.641082763671875000e-02
1.606774330139160156e-02
1.636648178100585938e-02
1.008057594299316406e-02
1.566433906555175781e-02
1.398801803588867188e-02
1.323008537292480469e-02
1.724100112915039062e-02
1.835680007934570312e-02
1.508331298828125000e-02
1.237750053405761719e-02
1.456284523010253906e-02
1.608204841613769531e-02
1.440072059631347656e-02
1.474213600158691406e-02
1.302528381347656250e-02
1.441669464111328125e-02
1.125121116638183594e-02
3.791570663452148438e-03
6.847620010375976562e-03
2.297186851501464844e-02
1.439523696899414062e-02
3.865242004394531250e-03
3.808259963989257812e-03
8.981227874755859375e-03
3.839015960693359375e-03
1.322865486145019531e-02
1.386785507202148438e-02
1.665973663330078125e-02
1.651334762573242188e-02
1.619434356689453125e-02
1.531887054443359375e-02
1.913762092590332031e-02
1.306891441345214844e-02
1.660346984863281250e-02
1.446413993835449219e-02
1.646614074707031250e-02
1.297044754028320312e-02
1.674747467041015625e-02
1.464819908142089844e-02
2.021789550781250000e-02
8.831739425659179688e-03
1.056122779846191406e-02
9.506225585937500000e-03
1.049757003784179688e-02
9.071588516235351562e-03
1.021718978881835938e-02
8.576154708862304688e-03
7.685422897338867188e-03
1.388192176818847656e-02
9.513616561889648438e-03
1.002597808837890625e-02
9.857892990112304688e-03
1.778602600097656250e-02
1.040410995483398438e-02
1.335239410400390625e-02
1.810431480407714844e-02
1.711010932922363281e-02
1.595759391784667969e-02
1.890778541564941406e-02
9.618520736694335938e-03
2.184653282165527344e-02
1.040697097778320312e-02
1.090717315673828125e-02
9.229660034179687500e-03
1.208472251892089844e-02
1.641559600830078125e-02
1.350402832031250000e-02
2.117609977722167969e-02
1.422286033630371094e-02
1.647830009460449219e-02
1.553869247436523438e-02
1.668119430541992188e-02
1.259922981262207031e-02
9.832143783569335938e-03
1.290631294250488281e-02
4.383563995361328125e-03
9.031534194946289062e-03
