1.658158302307128906e-01
1.564335823059082031e-02
1.741170883178710938e-02
1.794433593750000000e-02
1.168918609619140625e-02
9.832620620727539062e-03
1.699900627136230469e-02
1.359248161315917969e-02
1.466441154479980469e-02
1.430344581604003906e-02
1.369810104370117188e-02
1.238894462585449219e-02
1.408624649047851562e-02
1.460242271423339844e-02
1.358866691589355469e-02
1.855707168579101562e-02
1.355528831481933594e-02
1.698756217956542969e-02
1.725625991821289062e-02
1.662302017211914062e-02
1.631331443786621094e-02
1.425123214721679688e-02
1.539969444274902344e-02
1.857614517211914062e-02
1.006960868835449219e-02
1.778912544250488281e-02
1.090240478515625000e-02
2.182149887084960938e-02
3.245115280151367188e-03
1.460671424865722656e-02
8.417129516601562500e-03
9.312629699707031250e-03
1.167845726013183594e-02
1.520109176635742188e-02
1.664376258850097656e-02
1.397919654846191406e-02
1.703429222106933594e-02
1.827263832092285156e-02
1.227974891662597656e-02
1.361703872680664062e-02
1.706957817077636719e-02
1.327943801879882812e-02
1.614141464233398438e-02
1.033782958984375000e-02
1.694893836975097656e-02
1.559972763061523438e-02
1.732206344604492188e-02
1.644253730773925781e-02
1.646566390991210938e-02
1.723289489746093750e-02
1.723003387451171875e-02
1.664185523986816406e-02
1.020789146423339844e-02
1.572227478027343750e-02
4.226684570312500000e-03
1.627230644226074219e-02
4.494667053222656250e-03
9.037017822265625000e-03
4.078149795532226562e-03
4.759550094604492188e-03
3.961086273193359375e-03
1.428174972534179688e-02
1.681661605834960938e-02
1.394295692443847656e-02
1.889252662658691406e-02
1.737046241760253906e-02
1.663827896118164062e-02
1.670908927917480469e-02
1.697921752929687500e-02
1.390552520751953125e-02
1.670074462890625000e-02
1.482272148132324219e-02
1.734280586242675781e-02
1.633429527282714844e-02
1.643180847167968750e-02
1.464366912841796875e-02
1.652693748474121094e-02
1.630973815917968750e-02
1.620745658874511719e-02
1.703381538391113281e-02
1.073884963989257812e-02
8.617877960205078125e-03
1.019334793090820312e-02
1.142859458923339844e-02
8.759498596191406250e-03
4.987716674804687500e-03
1.190376281738281250e-02
5.738735198974609375e-03
5.032539367675781250e-03
4.870414733886718750e-03
1.018762588500976562e-02
1.731157302856445312e-02
1.498055458068847656e-02
1.620292663574218750e-02
1.459050178527832031e-02
1.473760604858398438e-02
1.672101020812988281e-02
1.305866241455078125e-02
1.634836196899414062e-02
1.320719718933105469e-02
1.679372787475585938e-02
1.749753952026367188e-02
1.446461677551269531e-02
1.367235183715820312e-02
1.339006423950195312e-02
1.780056953430175781e-02
1.638770103454589844e-02
1.353096961975097656e-02
4.375219345092773438e-03
7.386684417724609375e-03
1.134610176086425781e-02
2.087235450744628906e-02
7.125616073608398438e-03
9.423971176147460938e-03
3.560781478881835938e-03
6.031513214111328125e-03
1.223587989807128906e-02
1.099300384521484375e-02
9.253263473510742188e-03
1.644563674926757812e-02
4.657745361328125000e-03
1.527452468872070312e-02
1.388597488403320312e-02
1.539564132690429688e-02
1.293897628784179688e-02
1.497530937194824219e-02
1.111292839050292969e-02
1.722955703735351562e-02
1.300001144409179688e-02
9.895563125610351562e-03
1.061224937438964844e-02
9.728431701660156250e-03
1.769185066223144531e-02
1.787137985229492188e-02
9.872436523437500000e-03
1.065897941589355469e-02
1.657366752624511719e-02
1.743507385253906250e-02
1.321077346801757812e-02
1.449751853942871094e-02
1.010560989379882812e-02
1.088690757751464844e-02
7.756233215332031250e-03
1.572799682617187500e-02
9.381771087646484375e-03
1.492857933044433594e-02
1.691651344299316406e-02
1.745533943176269531e-02
1.797795295715332031e-02
1.677060127258300781e-02
1.016378402709960938e-02
9.881496429443359375e-03
9.286642074584960938e-03
1.257562637329101562e-02
8.850812911987304688e-03
9.107112884521484375e-03
9.390115737915039062e-03
1.280474662780761719e-02
1.693511009216308594e-02
1.084184646606445312e-02
1.298379898071289062e-02
1.594257354736328125e-02
1.541566848754882812e-02
1.309156417846679688e-02
1.460123062133789062e-02
1.629328727722167969e-02
9.392023086547851562e-03
1.267766952514648438e-02
9.711503982543945312e-03
1.227188110351562500e-02
4.127025604248046875e-03
9.983062744140625000e-03
1.089143753051757812e-02
9.845733642578125000e-03
4.855871200561523438e-03
9.692668914794921875e-03
1.121807098388671875e-02
9.040832519531250000e-03
1.738095283508300781e-02
1.170969009399414062e-02
1.692533493041992188e-02
1.349878311157226562e-02
1.702380180358886719e-02
1.312232017517089844e-02
1.655864715576171875e-02
1.699542999267578125e-02
1.685571670532226562e-02
1.574778556823730469e-02
2.061891555786132812e-02
1.777744293212890625e-02
1.685500144958496094e-02
1.678180694580078125e-02
8.135318756103515625e-03
1.369905471801757812e-02
4.101753234863281250e-03
9.168624877929687500e-03
1.892948150634765625e-02
6.404399871826171875e-03
1.021194458007812500e-02
1.248407363891601562e-02
9.839057922363281250e-03
1.291799545288085938e-02
1.744866371154785156e-02
1.329040527343750000e-02
1.909017562866210938e-02
1.425194740295410156e-02
1.696300506591796875e-02
1.474881172180175781e-02
1.681017875671386719e-02
1.384377479553222656e-02
1.674461364746093750e-02
1.453280448913574219e-02
1.432681083679199219e-02
1.685166358947753906e-02
1.807832717895507812e-02
1.312780380249023438e-02
1.672792434692382812e-02
1.653838157653808594e-02
1.628494262695312500e-02
1.419234275817871094e-02
1.029348373413085938e-02
1.120901107788085938e-02
2.154755592346191406e-02
2.238869667053222656e-02
5.518436431884765625e-03
1.447463035583496094e-02
1.221823692321777344e-02
4.629135131835937500e-03
9.930372238159179688e-03
1.622748374938964844e-02
1.712441444396972656e-02
1.213884353637695312e-02
1.694536209106445312e-02
1.916050910949707031e-02
1.666831970214843750e-02
1.257395744323730469e-02
1.460647583007812500e-02
1.173090934753417969e-02
1.659393310546875000e-02
1.594400405883789062e-02
1.681661605834960938e-02
2.122020721435546875e-02
1.678752899169921875e-02
1.733446121215820312e-02
1.706075668334960938e-02
1.695561408996582031e-02
1.359176635742187500e-02
8.985996246337890625e-03
3.819704055786132812e-03
1.714920997619628906e-02
9.620189666748046875e-03
3.571987152099609375e-03
7.547616958618164062e-03
1.552414894104003906e-02
7.621526718139648438e-03
9.218931198120117188e-03
8.349180221557617188e-03
1.404690742492675781e-02
9.482622146606445312e-03
1.537990570068359375e-02
1.346182823181152344e-02
1.599979400634765625e-02
1.390004158020019531e-02
1.679348945617675781e-02
1.443839073181152344e-02
1.650667190551757812e-02
1.394033432006835938e-02
1.514792442321777344e-02
1.385664939880371094e-02
2.026867866516113281e-02
1.295971870422363281e-02
1.599693298339843750e-02
1.314520835876464844e-02
1.374554634094238281e-02
8.339643478393554688e-03
1.821947097778320312e-02
9.551763534545898438e-03
8.641481399536132812e-03
1.098179817199707031e-02
1.094746589660644531e-02
9.697437286376953125e-03
8.734703063964843750e-03
9.795188903808593750e-03
1.008248329162597656e-02
6.531238555908203125e-03
1.795315742492675781e-02
1.384472846984863281e-02
1.460409164428710938e-02
1.648187637329101562e-02
1.032328605651855469e-02
1.684546470642089844e-02
1.715588569641113281e-02
1.009464263916015625e-02
1.724576950073242188e-02
1.195383071899414062e-02
1.132130622863769531e-02
3.814935684204101562e-03
1.046347618103027344e-02
1.013088226318359375e-02
1.386904716491699219e-02
1.280236244201660156e-02
1.647090911865234375e-02
1.366543769836425781e-02
1.798033714294433594e-02
9.136915206909179688e-03
1.661276817321777344e-02
1.336431503295898438e-02
9.654998779296875000e-03
1.718592643737792969e-02
1.734948158264160156e-02
6.794691085815429688e-03
9.612798690795898438e-03
1.243472099304199219e-02
8.874893188476562500e-03
4.464864730834960938e-03
8.066177368164062500e-03
9.229898452758789062e-03
9.744167327880859375e-03
1.888036727905273438e-02
1.246881484985351562e-02
1.632666587829589844e-02
1.735973358154296875e-02
1.651763916015625000e-02
1.295590400695800781e-02
1.646828651428222656e-02
1.654553413391113281e-02
1.628446578979492188e-02
1.679611206054687500e-02
8.847475051879882812e-03
1.432442665100097656e-02
1.015067100524902344e-02
3.873825073242187500e-03
1.308608055114746094e-02
1.365327835083007812e-02
1.038837432861328125e-02
9.307861328125000000e-03
9.437084197998046875e-03
9.886264801025390625e-03
8.560419082641601562e-03
9.788751602172851562e-03
1.284575462341308594e-02
1.684641838073730469e-02
1.182579994201660156e-02
1.735830307006835938e-02
1.564836502075195312e-02
1.682543754577636719e-02
1.424193382263183594e-02
1.648044586181640625e-02
1.704096794128417969e-02
1.551842689514160156e-02
1.152801513671875000e-02
1.357316970825195312e-02
1.316189765930175781e-02
2.087521553039550781e-02
1.351523399353027344e-02
9.695768356323242188e-03
9.887218475341796875e-03
3.359556198120117188e-03
1.591825485229492188e-02
6.128549575805664062e-03
4.087924957275390625e-03
5.722522735595703125e-03
4.057645797729492188e-03
1.225543022155761719e-02
1.040124893188476562e-02
1.649403572082519531e-02
1.481938362121582031e-02
1.279711723327636719e-02
1.459240913391113281e-02
1.704478263854980469e-02
1.509881019592285156e-02
1.658272743225097656e-02
1.296544075012207031e-02
1.705241203308105469e-02
1.319956779479980469e-02
1.670885086059570312e-02
1.722908020019531250e-02
1.564002037048339844e-02
1.719021797180175781e-02
1.362586021423339844e-02
1.713848114013671875e-02
1.658463478088378906e-02
1.431179046630859375e-02
1.444196701049804688e-02
4.082179069519042969e-02
3.507614135742187500e-03
1.839423179626464844e-02
4.225015640258789062e-03
1.235270500183105469e-02
3.777980804443359375e-03
4.291057586669921875e-03
9.051561355590820312e-03
1.645231246948242188e-02
1.694416999816894531e-02
1.430892944335937500e-02
1.687073707580566406e-02
2.084136009216308594e-02
1.298117637634277344e-02
1.560926437377929688e-02
8.990764617919921875e-03
1.446318626403808594e-02
1.673746109008789062e-02
1.401138305664062500e-02
1.347541809082031250e-02
1.364517211914062500e-02
1.668524742126464844e-02
1.624321937561035156e-02
1.652097702026367188e-02
1.320433616638183594e-02
1.907420158386230469e-02
1.216626167297363281e-02
1.884222030639648438e-02
2.558898925781250000e-02
4.132032394409179688e-03
2.064514160156250000e-02
3.428697586059570312e-03
1.883673667907714844e-02
1.155948638916015625e-02
2.322959899902343750e-02
1.013255119323730469e-02
1.072740554809570312e-02
1.215028762817382812e-02
1.628637313842773438e-02
1.701283454895019531e-02
1.428318023681640625e-02
1.693820953369140625e-02
1.581215858459472656e-02
1.597404479980468750e-02
1.467943191528320312e-02
1.674532890319824219e-02
9.653806686401367188e-03
9.527683258056640625e-03
1.876235008239746094e-02
1.977610588073730469e-02
1.399207115173339844e-02
1.312875747680664062e-02
1.753926277160644531e-02
1.674652099609375000e-02
1.306271553039550781e-02
1.701211929321289062e-02
1.815605163574218750e-02
9.954214096069335938e-03
1.063323020935058594e-02
8.815526962280273438e-03
1.977729797363281250e-02
9.780883789062500000e-03
1.756715774536132812e-02
1.690340042114257812e-02
1.257467269897460938e-02
3.881931304931640625e-03
1.260733604431152344e-02
9.889841079711914062e-03
1.129937171936035156e-02
9.501695632934570312e-03
1.034593582153320312e-02
9.408235549926757812e-03
1.412057876586914062e-02
1.302528381347656250e-02
1.447296142578125000e-02
1.603603363037109375e-02
1.688718795776367188e-02
2.143502235412597656e-02
1.398515701293945312e-02
1.693820953369140625e-02
1.541042327880859375e-02
1.616334915161132812e-02
1.381993293762207031e-02
1.084589958190917969e-02
1.295328140258789062e-02
2.313613891601562500e-02
7.877826690673828125e-03
4.056692123413085938e-03
9.898424148559570312e-03
1.194548606872558594e-02
9.010553359985351562e-03
1.000189781188964844e-02
8.828878402709960938e-03
9.408473968505859375e-03
1.554608345031738281e-02
1.676869392395019531e-02
1.626706123352050781e-02
1.677608489990234375e-02
1.778340339660644531e-02
1.851558685302734375e-02
1.057052612304687500e-02
1.682114601135253906e-02
1.668548583984375000e-02
1.644873619079589844e-02
1.684761047363281250e-02
1.670718193054199219e-02
1.542830467224121094e-02
1.034450531005859375e-02
1.078844070434570312e-02
9.315490722656250000e-03
3.492593765258789062e-03
6.776809692382812500e-03
1.886057853698730469e-02
7.318496704101562500e-03
1.139068603515625000e-02
4.481792449951171875e-03
1.365113258361816406e-02
1.243972778320312500e-02
1.587867736816406250e-02
1.502585411071777344e-02
1.174879074096679688e-02
1.591420173645019531e-02
1.679968833923339844e-02
1.575684547424316406e-02
1.706910133361816406e-02
1.360511779785156250e-02
1.708173751831054688e-02
1.647686958312988281e-02
1.301455497741699219e-02
1.668620109558105469e-02
1.510500907897949219e-02
1.816272735595703125e-02
1.560020446777343750e-02
1.670217514038085938e-02
1.326036453247070312e-02
1.655244827270507812e-02
1.881384849548339844e-02
3.717422485351562500e-03
3.894805908203125000e-03
5.107641220092773438e-03
1.187515258789062500e-02
3.576040267944335938e-03
4.105329513549804688e-03
4.763364791870117188e-03
4.510641098022460938e-03
6.216764450073242188e-03
1.504182815551757812e-02
1.445841789245605469e-02
1.431274414062500000e-02
1.660847663879394531e-02
1.674580574035644531e-02
1.636481285095214844e-02
1.553010940551757812e-02
1.670956611633300781e-02
1.393485069274902344e-02
1.737236976623535156e-02
1.457142829895019531e-02
1.670980453491210938e-02
1.350307464599609375e-02
1.745319366455078125e-02
1.452398300170898438e-02
1.382970809936523438e-02
1.050043106079101562e-02
1.674485206604003906e-02
1.734685897827148438e-02
9.793043136596679688e-03
9.653806686401367188e-03
1.044631004333496094e-02
5.320787429809570312e-03
6.103515625000000000e-03
4.770040512084960938e-03
4.917860031127929688e-03
5.668640136718750000e-03
9.610891342163085938e-03
1.032066345214843750e-02
1.628923416137695312e-02
1.337552070617675781e-02
1.635098457336425781e-02
1.342749595642089844e-02
1.708340644836425781e-02
1.586174964904785156e-02
1.679062843322753906e-02
1.401996612548828125e-02
1.680183410644531250e-02
1.478362083435058594e-02
1.811242103576660156e-02
1.226067543029785156e-02
1.658058166503906250e-02
1.312780380249023438e-02
1.071143150329589844e-02
2.710342407226562500e-02
1.040625572204589844e-02
1.819157600402832031e-02
9.919404983520507812e-03
1.047086715698242188e-02
1.002097129821777344e-02
7.667303085327148438e-03
1.007103919982910156e-02
2.027559280395507812e-02
9.874343872070312500e-03
8.588314056396484375e-03
1.641297340393066406e-02
1.563501358032226562e-02
1.672005653381347656e-02
1.609945297241210938e-02
1.684331893920898438e-02
1.364850997924804688e-02
9.693384170532226562e-03
1.010560989379882812e-02
2.376079559326171875e-02
1.885175704956054688e-02
9.660243988037109375e-03
1.118803024291992188e-02
1.883602142333984375e-02
1.816534996032714844e-02
1.686239242553710938e-02
