8.185219764709472656e-02
5.054712295532226562e-03
3.843545913696289062e-03
1.376008987426757812e-02
6.306886672973632812e-03
1.457977294921875000e-02
4.446268081665039062e-02
8.492708206176757812e-03
1.623916625976562500e-02
1.536178588867187500e-02
1.438570022583007812e-02
1.564002037048339844e-02
1.467013359069824219e-02
1.617717742919921875e-02
1.287865638732910156e-02
1.294803619384765625e-02
9.456872940063476562e-03
1.896858215332031250e-02
1.036381721496582031e-02
9.708642959594726562e-03
4.079341888427734375e-03
1.216435432434082031e-02
6.869792938232421875e-03
1.034426689147949219e-02
4.908561706542968750e-03
1.490163803100585938e-02
9.989500045776367188e-03
1.047205924987792969e-02
1.613640785217285156e-02
1.539349555969238281e-02
1.636528968811035156e-02
1.298785209655761719e-02
8.547782897949218750e-03
1.136827468872070312e-02
9.410619735717773438e-03
1.637172698974609375e-02
8.424520492553710938e-03
8.235216140747070312e-03
3.606557846069335938e-03
1.635813713073730469e-02
3.809213638305664062e-03
1.031279563903808594e-02
1.153326034545898438e-02
9.473562240600585938e-03
1.623797416687011719e-02
1.551461219787597656e-02
1.630067825317382812e-02
1.303100585937500000e-02
8.200168609619140625e-03
1.026940345764160156e-02
3.797292709350585938e-03
9.545803070068359375e-03
1.615905761718750000e-02
1.562333106994628906e-02
1.625585556030273438e-02
1.598405838012695312e-02
1.093173027038574219e-02
1.291966438293457031e-02
9.401082992553710938e-03
1.103568077087402344e-02
8.101463317871093750e-03
9.153127670288085938e-03
1.423025131225585938e-02
1.076006889343261719e-02
9.410619735717773438e-03
9.353637695312500000e-03
1.607227325439453125e-02
1.526474952697753906e-02
1.268839836120605469e-02
1.587176322937011719e-02
1.633834838867187500e-02
1.697087287902832031e-02
9.342432022094726562e-03
1.091694831848144531e-02
4.127264022827148438e-03
9.189605712890625000e-03
4.323005676269531250e-03
4.059791564941406250e-03
9.804964065551757812e-03
1.374888420104980469e-02
8.541822433471679688e-03
8.943319320678710938e-03
1.606082916259765625e-02
1.246500015258789062e-02
1.622104644775390625e-02
1.574635505676269531e-02
1.600956916809082031e-02
1.504993438720703125e-02
1.208591461181640625e-02
1.609611511230468750e-02
1.230001449584960938e-02
1.602959632873535156e-02
3.924846649169921875e-03
4.711389541625976562e-03
8.961439132690429688e-03
3.572702407836914062e-03
5.353212356567382812e-03
1.092386245727539062e-02
9.489059448242187500e-03
8.880138397216796875e-03
1.615548133850097656e-02
1.317095756530761719e-02
1.410341262817382812e-02
1.516795158386230469e-02
1.614093780517578125e-02
1.716804504394531250e-02
1.621055603027343750e-02
1.234197616577148438e-02
1.619005203247070312e-02
1.622724533081054688e-02
4.673004150390625000e-03
1.845383644104003906e-02
1.514506340026855469e-02
1.353120803833007812e-02
4.213809967041015625e-03
6.471157073974609375e-03
9.836196899414062500e-03
3.722906112670898438e-03
5.744218826293945312e-03
1.619076728820800781e-02
1.535058021545410156e-02
1.657915115356445312e-02
1.041245460510253906e-02
1.706218719482421875e-02
1.022386550903320312e-02
1.287436485290527344e-02
1.026105880737304688e-02
9.488105773925781250e-03
6.217956542968750000e-03
1.144480705261230469e-02
9.416341781616210938e-03
8.566379547119140625e-03
9.480476379394531250e-03
4.077434539794921875e-03
1.638936996459960938e-02
9.398460388183593750e-03
1.165938377380371094e-02
1.740455627441406250e-02
8.091211318969726562e-03
8.364915847778320312e-03
9.177207946777343750e-03
8.596658706665039062e-03
8.533000946044921875e-03
8.414268493652343750e-03
1.605892181396484375e-02
1.744365692138671875e-02
1.626276969909667969e-02
1.281738281250000000e-02
9.534358978271484375e-03
1.151871681213378906e-02
1.944875717163085938e-02
4.241466522216796875e-03
4.522085189819335938e-03
1.313209533691406250e-02
1.208305358886718750e-02
8.453369140625000000e-03
9.320259094238281250e-03
3.902435302734375000e-03
9.454727172851562500e-03
1.150012016296386719e-02
1.614165306091308594e-02
1.685810089111328125e-02
1.605510711669921875e-02
1.666760444641113281e-02
1.383233070373535156e-02
1.545095443725585938e-02
9.342432022094726562e-03
1.063013076782226562e-02
5.406141281127929688e-03
4.314422607421875000e-03
8.076906204223632812e-03
1.265954971313476562e-02
4.376173019409179688e-03
1.066851615905761719e-02
6.742715835571289062e-03
8.814811706542968750e-03
9.018421173095703125e-03
9.280443191528320312e-03
1.619005203247070312e-02
1.667213439941406250e-02
1.614975929260253906e-02
1.325297355651855469e-02
1.415443420410156250e-02
1.700305938720703125e-02
1.607894897460937500e-02
1.691341400146484375e-02
1.618981361389160156e-02
6.911277770996093750e-03
4.581451416015625000e-03
6.970167160034179688e-03
1.333951950073242188e-02
4.447460174560546875e-03
4.145622253417968750e-03
4.830360412597656250e-03
6.778478622436523438e-03
9.865522384643554688e-03
1.599669456481933594e-02
1.297807693481445312e-02
1.628780364990234375e-02
1.648950576782226562e-02
1.648545265197753906e-02
1.683688163757324219e-02
1.608991622924804688e-02
1.643586158752441406e-02
1.614379882812500000e-02
1.512813568115234375e-02
8.267641067504882812e-03
1.436686515808105469e-02
4.025697708129882812e-03
3.702163696289062500e-03
4.410743713378906250e-03
4.088878631591796875e-03
4.082918167114257812e-03
1.097559928894042969e-02
4.554748535156250000e-03
1.721954345703125000e-02
1.648998260498046875e-02
1.247739791870117188e-02
1.588249206542968750e-02
1.499986648559570312e-02
3.820180892944335938e-03
2.112865447998046875e-02
1.646327972412109375e-02
9.220361709594726562e-03
5.762577056884765625e-03
9.835243225097656250e-03
8.211135864257812500e-03
1.573109626770019531e-02
6.709814071655273438e-03
1.094174385070800781e-02
1.615047454833984375e-02
1.062035560607910156e-02
1.616120338439941406e-02
1.263022422790527344e-02
4.036903381347656250e-03
1.783013343811035156e-02
1.063919067382812500e-02
9.046792984008789062e-03
1.072883605957031250e-02
1.599979400634765625e-02
1.598811149597167969e-02
1.646637916564941406e-02
1.283693313598632812e-02
1.690697669982910156e-02
9.433507919311523438e-03
2.056288719177246094e-02
3.576278686523437500e-03
1.355934143066406250e-02
7.067918777465820312e-03
2.380442619323730469e-02
9.259939193725585938e-03
8.545875549316406250e-03
1.059603691101074219e-02
1.690697669982910156e-02
1.618456840515136719e-02
1.207661628723144531e-02
1.596856117248535156e-02
9.786128997802734375e-03
1.613759994506835938e-02
1.347851753234863281e-02
1.494503021240234375e-02
1.670050621032714844e-02
1.622724533081054688e-02
1.508355140686035156e-02
2.061557769775390625e-02
2.647757530212402344e-02
1.208424568176269531e-02
7.803678512573242188e-03
3.532171249389648438e-03
3.334760665893554688e-03
4.423379898071289062e-03
4.622459411621093750e-03
1.623272895812988281e-02
1.089859008789062500e-02
1.614689826965332031e-02
1.654934883117675781e-02
1.602911949157714844e-02
1.711344718933105469e-02
1.599502563476562500e-02
1.240706443786621094e-02
1.259636878967285156e-02
1.659560203552246094e-02
9.397506713867187500e-03
1.663184165954589844e-02
3.332114219665527344e-02
3.504037857055664062e-03
6.446838378906250000e-03
1.813364028930664062e-02
4.439830780029296875e-03
9.764432907104492188e-03
6.706714630126953125e-03
1.049375534057617188e-02
1.617026329040527344e-02
1.324844360351562500e-02
1.614975929260253906e-02
1.708555221557617188e-02
1.517438888549804688e-02
1.616787910461425781e-02
1.017522811889648438e-02
1.561689376831054688e-02
9.422063827514648438e-03
1.793169975280761719e-02
1.041913032531738281e-02
1.015448570251464844e-02
9.405612945556640625e-03
8.570194244384765625e-03
3.762483596801757812e-03
9.119033813476562500e-03
8.001089096069335938e-03
1.617741584777832031e-02
1.607322692871093750e-02
1.279878616333007812e-02
1.128745079040527344e-02
2.217221260070800781e-02
4.186630249023437500e-03
9.155273437500000000e-03
1.069355010986328125e-02
8.107662200927734375e-03
1.610350608825683594e-02
1.622176170349121094e-02
1.633810997009277344e-02
1.534867286682128906e-02
9.303092956542968750e-03
3.810644149780273438e-03
3.545761108398437500e-03
5.563974380493164062e-03
8.520364761352539062e-03
3.744602203369140625e-03
1.004052162170410156e-02
8.145570755004882812e-03
1.648807525634765625e-02
1.060962677001953125e-02
9.727954864501953125e-03
9.948253631591796875e-03
1.654458045959472656e-02
1.500773429870605469e-02
1.651883125305175781e-02
1.634716987609863281e-02
1.661109924316406250e-02
1.616144180297851562e-02
1.001238822937011719e-02
3.544330596923828125e-03
1.386666297912597656e-02
3.866910934448242188e-03
5.918025970458984375e-03
5.498647689819335938e-03
2.397680282592773438e-02
6.119489669799804688e-03
9.241342544555664062e-03
1.612448692321777344e-02
1.293301582336425781e-02
1.606369018554687500e-02
1.260542869567871094e-02
1.617693901062011719e-02
1.686739921569824219e-02
1.610636711120605469e-02
1.659846305847167969e-02
1.521563529968261719e-02
1.280927658081054688e-02
3.582715988159179688e-03
1.358604431152343750e-02
9.951591491699218750e-03
9.391546249389648438e-03
3.936767578125000000e-03
3.989219665527343750e-03
4.186153411865234375e-03
8.016824722290039062e-03
1.600933074951171875e-02
1.616501808166503906e-02
1.376843452453613281e-02
1.697421073913574219e-02
1.601552963256835938e-02
1.315164566040039062e-02
1.619148254394531250e-02
1.659584045410156250e-02
1.611161231994628906e-02
1.613759994506835938e-02
8.630037307739257812e-03
2.124476432800292969e-02
5.195856094360351562e-03
6.154537200927734375e-03
7.682800292968750000e-03
1.189613342285156250e-02
4.015445709228515625e-03
3.711938858032226562e-03
3.729104995727539062e-03
3.986358642578125000e-03
5.865097045898437500e-03
1.060867309570312500e-02
1.608037948608398438e-02
1.332855224609375000e-02
1.255202293395996094e-02
1.520156860351562500e-02
1.621651649475097656e-02
1.479554176330566406e-02
1.620721817016601562e-02
1.325702667236328125e-02
1.027154922485351562e-02
8.255243301391601562e-03
6.548166275024414062e-03
4.113674163818359375e-03
9.514331817626953125e-03
8.271932601928710938e-03
1.212143898010253906e-02
1.060581207275390625e-02
9.427785873413085938e-03
1.081252098083496094e-02
1.626348495483398438e-02
1.261615753173828125e-02
1.616692543029785156e-02
1.254606246948242188e-02
1.601648330688476562e-02
1.943707466125488281e-02
4.249095916748046875e-03
8.710622787475585938e-03
8.358001708984375000e-03
8.741140365600585938e-03
8.178949356079101562e-03
1.539969444274902344e-02
4.056692123413085938e-03
1.632094383239746094e-02
3.766298294067382812e-03
1.182579994201660156e-02
1.187396049499511719e-02
1.313447952270507812e-02
1.624011993408203125e-02
1.641869544982910156e-02
1.030254364013671875e-02
9.982824325561523438e-03
9.623527526855468750e-03
9.328842163085937500e-03
8.607864379882812500e-03
1.011347770690917969e-02
1.618099212646484375e-02
1.542639732360839844e-02
1.631116867065429688e-02
1.302099227905273438e-02
1.005387306213378906e-02
1.811337471008300781e-02
3.716707229614257812e-03
9.143352508544921875e-03
4.126548767089843750e-03
6.277322769165039062e-03
5.108356475830078125e-03
1.362872123718261719e-02
9.965658187866210938e-03
4.967451095581054688e-03
1.115512847900390625e-02
5.818843841552734375e-03
1.596236228942871094e-02
1.550269126892089844e-02
1.616978645324707031e-02
1.624846458435058594e-02
1.621437072753906250e-02
1.306843757629394531e-02
9.382247924804687500e-03
1.050448417663574219e-02
6.960868835449218750e-03
2.090406417846679688e-02
3.488063812255859375e-03
8.854150772094726562e-03
4.813909530639648438e-03
9.122371673583984375e-03
9.295463562011718750e-03
3.642082214355468750e-03
3.661632537841796875e-03
1.035809516906738281e-02
1.608729362487792969e-02
1.644444465637207031e-02
1.602625846862792969e-02
1.646494865417480469e-02
1.621937751770019531e-02
1.614093780517578125e-02
1.252150535583496094e-02
1.541185379028320312e-02
1.616597175598144531e-02
8.858680725097656250e-03
3.951072692871093750e-03
3.519773483276367188e-03
4.832983016967773438e-03
2.398800849914550781e-02
3.842830657958984375e-03
4.843473434448242188e-03
1.189517974853515625e-02
3.724813461303710938e-03
1.092219352722167969e-02
1.271343231201171875e-02
1.605701446533203125e-02
1.629781723022460938e-02
1.413559913635253906e-02
1.613521575927734375e-02
1.521825790405273438e-02
1.499533653259277344e-02
1.624846458435058594e-02
1.368808746337890625e-02
9.322404861450195312e-03
1.332783699035644531e-02
3.956794738769531250e-03
6.887912750244140625e-03
5.185127258300781250e-03
3.572225570678710938e-03
4.417181015014648438e-03
3.597736358642578125e-03
9.674787521362304688e-03
1.538610458374023438e-02
1.508617401123046875e-02
1.532745361328125000e-02
1.630949974060058594e-02
1.710772514343261719e-02
1.625728607177734375e-02
1.330351829528808594e-02
9.442806243896484375e-03
9.621143341064453125e-03
3.564834594726562500e-03
1.058721542358398438e-02
1.194310188293457031e-02
9.331226348876953125e-03
3.497362136840820312e-03
3.846883773803710938e-03
3.520965576171875000e-03
1.167273521423339844e-02
3.829002380371093750e-03
2.261257171630859375e-02
1.614546775817871094e-02
1.295971870422363281e-02
1.623725891113281250e-02
5.882740020751953125e-03
9.415626525878906250e-03
1.983857154846191406e-02
8.126735687255859375e-03
1.404547691345214844e-02
9.377717971801757812e-03
9.744405746459960938e-03
1.625204086303710938e-02
1.646685600280761719e-02
9.329795837402343750e-03
1.995325088500976562e-02
4.429578781127929688e-03
1.026415824890136719e-02
1.599454879760742188e-02
1.309370994567871094e-02
3.823995590209960938e-03
2.387022972106933594e-02
3.615379333496093750e-03
9.473085403442382812e-03
9.400844573974609375e-03
8.101701736450195312e-03
1.043915748596191406e-02
7.729053497314453125e-03
1.624035835266113281e-02
1.325631141662597656e-02
1.583838462829589844e-02
1.293039321899414062e-02
9.321928024291992188e-03
8.907079696655273438e-03
3.771066665649414062e-03
9.291887283325195312e-03
9.936571121215820312e-03
1.013517379760742188e-02
9.496688842773437500e-03
8.417367935180664062e-03
9.948968887329101562e-03
1.636743545532226562e-02
1.596951484680175781e-02
1.548457145690917969e-02
1.607418060302734375e-02
1.225185394287109375e-02
1.651740074157714844e-02
1.528644561767578125e-02
9.441137313842773438e-03
1.027131080627441406e-02
3.657579421997070312e-03
3.465890884399414062e-03
7.424831390380859375e-03
5.451440811157226562e-03
1.048827171325683594e-02
1.059651374816894531e-02
1.018714904785156250e-02
5.966424942016601562e-03
1.090621948242187500e-02
1.633429527282714844e-02
1.639604568481445312e-02
1.663422584533691406e-02
1.627230644226074219e-02
1.556587219238281250e-02
1.406860351562500000e-02
1.343250274658203125e-02
1.615786552429199219e-02
1.675367355346679688e-02
4.132986068725585938e-03
1.325297355651855469e-02
3.453898429870605469e-02
3.563642501831054688e-03
4.126548767089843750e-03
1.459169387817382812e-02
7.913589477539062500e-03
9.996175765991210938e-03
4.274606704711914062e-03
9.352445602416992188e-03
7.997274398803710938e-03
