1.422333717346191406e-02
1.114177703857421875e-02
7.458686828613281250e-03
7.962226867675781250e-03
1.711130142211914062e-03
2.886247634887695312e-02
2.478170394897460938e-02
1.412630081176757812e-03
1.652717590332031250e-03
1.852989196777343750e-03
7.325410842895507812e-03
6.936550140380859375e-03
6.423234939575195312e-03
1.277780532836914062e-02
1.440954208374023438e-02
1.085329055786132812e-02
1.224851608276367188e-02
1.102805137634277344e-02
1.407384872436523438e-02
1.127243041992187500e-02
1.236438751220703125e-02
1.457548141479492188e-02
1.441001892089843750e-02
1.460242271423339844e-02
1.236724853515625000e-02
1.318573951721191406e-02
1.167678833007812500e-02
1.517391204833984375e-02
4.685163497924804688e-03
1.146340370178222656e-02
1.128864288330078125e-02
7.103919982910156250e-03
1.105070114135742188e-03
1.142501831054687500e-03
1.065015792846679688e-03
1.304149627685546875e-03
1.072883605957031250e-03
1.020908355712890625e-03
1.544713973999023438e-03
1.615762710571289062e-03
1.438379287719726562e-03
2.125740051269531250e-03
1.416325569152832031e-02
1.136732101440429688e-02
1.410794258117675781e-02
1.479339599609375000e-02
1.462674140930175781e-02
1.194810867309570312e-02
1.212596893310546875e-02
1.409363746643066406e-02
1.447629928588867188e-02
1.111721992492675781e-02
4.492521286010742188e-03
1.156783103942871094e-02
1.313781738281250000e-02
1.176238059997558594e-02
1.243710517883300781e-02
1.294517517089843750e-02
1.451039314270019531e-02
1.459479331970214844e-02
7.286310195922851562e-03
6.706714630126953125e-03
7.700204849243164062e-03
6.242752075195312500e-03
8.042097091674804688e-03
6.812810897827148438e-03
1.725912094116210938e-03
1.093912124633789062e-02
1.446247100830078125e-03
1.717567443847656250e-03
7.099390029907226562e-03
6.575107574462890625e-03
7.709503173828125000e-03
1.167654991149902344e-02
1.454472541809082031e-02
1.438617706298828125e-02
1.429748535156250000e-02
1.166129112243652344e-02
1.440572738647460938e-02
1.268553733825683594e-02
1.430082321166992188e-02
1.153540611267089844e-02
1.442885398864746094e-02
1.296544075012207031e-02
1.419806480407714844e-02
1.374030113220214844e-02
1.451396942138671875e-02
7.128715515136718750e-03
7.387161254882812500e-03
1.396441459655761719e-02
2.879858016967773438e-03
8.588075637817382812e-03
7.050037384033203125e-03
6.620645523071289062e-03
7.718324661254882812e-03
1.137256622314453125e-03
1.617908477783203125e-03
1.262664794921875000e-03
7.730484008789062500e-03
7.688283920288085938e-03
7.034540176391601562e-03
6.672143936157226562e-03
2.309322357177734375e-03
1.231002807617187500e-02
1.082944869995117188e-02
1.189088821411132812e-02
1.370930671691894531e-02
1.236176490783691406e-02
1.443672180175781250e-02
1.332902908325195312e-02
1.414251327514648438e-02
1.333951950073242188e-02
1.451301574707031250e-02
6.858110427856445312e-03
7.012128829956054688e-03
6.415843963623046875e-03
5.863428115844726562e-03
7.849693298339843750e-03
5.465507507324218750e-03
7.508754730224609375e-03
7.048845291137695312e-03
6.710529327392578125e-03
1.066637039184570312e-02
1.357555389404296875e-02
1.104688644409179688e-02
6.425142288208007812e-03
7.671594619750976562e-03
6.943941116333007812e-03
7.125616073608398438e-03
6.841897964477539062e-03
1.777172088623046875e-03
7.833242416381835938e-03
1.388001441955566406e-02
1.155829429626464844e-02
1.428318023681640625e-02
1.337218284606933594e-02
5.722761154174804688e-03
7.841110229492187500e-03
7.340431213378906250e-03
6.716489791870117188e-03
7.067680358886718750e-03
1.335811614990234375e-02
6.813287734985351562e-03
7.735967636108398438e-03
7.599830627441406250e-03
6.923198699951171875e-03
1.394176483154296875e-02
1.240062713623046875e-02
1.238965988159179688e-02
1.142930984497070312e-02
1.232504844665527344e-02
1.144361495971679688e-02
1.136088371276855469e-02
8.629322052001953125e-03
1.108741760253906250e-02
6.761789321899414062e-03
1.678705215454101562e-03
7.475137710571289062e-03
7.468223571777343750e-03
6.297111511230468750e-03
1.965999603271484375e-03
2.050733566284179688e-02
1.627445220947265625e-03
1.780271530151367188e-03
1.432943344116210938e-02
8.864879608154296875e-03
7.120370864868164062e-03
8.031368255615234375e-03
7.849216461181640625e-03
1.219034194946289062e-03
1.410198211669921875e-02
1.261138916015625000e-02
1.445388793945312500e-02
1.358866691589355469e-02
1.402401924133300781e-02
1.545453071594238281e-02
1.406550407409667969e-02
1.121735572814941406e-02
1.398444175720214844e-02
8.248090744018554688e-03
1.410579681396484375e-02
1.158380508422851562e-02
1.450252532958984375e-02
9.186267852783203125e-03
1.440382003784179688e-02
1.368546485900878906e-02
1.434636116027832031e-02
9.263038635253906250e-03
1.638412475585937500e-03
3.086876869201660156e-02
1.373004913330078125e-02
1.516342163085937500e-03
1.430273056030273438e-03
2.155900001525878906e-02
1.670122146606445312e-03
3.831148147583007812e-03
7.464170455932617188e-03
7.773876190185546875e-03
7.483243942260742188e-03
1.144814491271972656e-02
