8.860111236572265625e-02
2.555358409881591797e-01
2.704348564147949219e-01
1.918773651123046875e-01
1.744105815887451172e-01
2.557671070098876953e-01
3.002269268035888672e-01
2.326431274414062500e-01
2.573518753051757812e-01
2.382221221923828125e-01
1.713047027587890625e-01
2.497713565826416016e-01
3.238530158996582031e-01
2.859632968902587891e-01
2.854292392730712891e-01
2.539317607879638672e-01
2.244691848754882812e-01
2.212636470794677734e-01
1.810798645019531250e-01
1.804473400115966797e-01
2.527959346771240234e-01
3.274297714233398438e-01
2.526743412017822266e-01
2.588298320770263672e-01
3.286950588226318359e-01
2.500045299530029297e-01
1.810960769653320312e-01
2.453191280364990234e-01
2.484455108642578125e-01
1.892459392547607422e-01
2.608618736267089844e-01
2.583527565002441406e-01
1.910128593444824219e-01
1.955006122589111328e-01
1.906936168670654297e-01
2.609176635742187500e-01
3.447678089141845703e-01
2.716751098632812500e-01
1.900629997253417969e-01
1.933472156524658203e-01
1.913058757781982422e-01
1.911902427673339844e-01
1.966793537139892578e-01
1.969425678253173828e-01
1.919744014739990234e-01
1.902050971984863281e-01
1.900947093963623047e-01
1.908128261566162109e-01
1.917357444763183594e-01
1.887669563293457031e-01
1.886200904846191406e-01
1.837344169616699219e-01
1.852006912231445312e-01
2.449316978454589844e-01
2.439281940460205078e-01
1.869673728942871094e-01
2.622563838958740234e-01
3.427679538726806641e-01
2.644679546356201172e-01
2.540438175201416016e-01
2.550954818725585938e-01
1.891491413116455078e-01
1.891732215881347656e-01
1.866087913513183594e-01
2.267346382141113281e-01
2.292168140411376953e-01
1.915297508239746094e-01
2.040121555328369141e-01
2.039129734039306641e-01
2.303984165191650391e-01
2.368006706237792969e-01
2.218763828277587891e-01
3.135995864868164062e-01
2.983965873718261719e-01
2.622511386871337891e-01
3.325562477111816406e-01
3.272256851196289062e-01
3.102245330810546875e-01
2.495555877685546875e-01
1.981806755065917969e-01
2.085652351379394531e-01
2.068533897399902344e-01
2.685711383819580078e-01
2.733914852142333984e-01
2.095851898193359375e-01
2.013840675354003906e-01
2.711160182952880859e-01
3.308496475219726562e-01
4.532351493835449219e-01
3.865816593170166016e-01
2.647674083709716797e-01
3.438041210174560547e-01
3.418583869934082031e-01
2.638797760009765625e-01
2.617900371551513672e-01
3.275725841522216797e-01
2.579381465911865234e-01
1.930780410766601562e-01
2.045078277587890625e-01
2.871136665344238281e-01
3.561019897460937500e-01
3.495380878448486328e-01
3.422958850860595703e-01
2.722723484039306641e-01
2.065105438232421875e-01
2.040116786956787109e-01
2.019433975219726562e-01
2.776176929473876953e-01
3.579378128051757812e-01
3.628439903259277344e-01
3.614494800567626953e-01
3.549048900604248047e-01
2.704594135284423828e-01
1.951918601989746094e-01
1.995446681976318359e-01
2.559618949890136719e-01
2.534852027893066406e-01
1.942367553710937500e-01
2.516298294067382812e-01
3.407857418060302734e-01
3.531808853149414062e-01
2.715187072753906250e-01
2.035925388336181641e-01
2.090792655944824219e-01
2.854480743408203125e-01
3.647899627685546875e-01
3.769214153289794922e-01
3.747248649597167969e-01
3.679547309875488281e-01
3.519973754882812500e-01
3.119637966156005859e-01
3.165810108184814453e-01
3.384253978729248047e-01
3.262770175933837891e-01
3.323109149932861328e-01
3.481307029724121094e-01
3.502633571624755859e-01
3.500590324401855469e-01
3.606696128845214844e-01
3.235075473785400391e-01
2.443416118621826172e-01
2.067980766296386719e-01
2.058284282684326172e-01
1.975216865539550781e-01
2.683968544006347656e-01
2.687373161315917969e-01
1.987495422363281250e-01
2.852020263671875000e-01
3.555994033813476562e-01
2.823281288146972656e-01
2.073569297790527344e-01
2.005007266998291016e-01
2.048456668853759766e-01
2.327935695648193359e-01
2.316274642944335938e-01
2.049992084503173828e-01
2.788259983062744141e-01
2.731454372406005859e-01
1.968276500701904297e-01
2.698972225189208984e-01
3.458738327026367188e-01
3.406240940093994141e-01
2.134718894958496094e-01
1.539564132690429688e-01
2.190749645233154297e-01
2.178995609283447266e-01
2.518277168273925781e-01
3.332962989807128906e-01
3.404912948608398438e-01
3.240756988525390625e-01
3.200891017913818359e-01
2.497639656066894531e-01
1.959714889526367188e-01
1.995747089385986328e-01
2.044820785522460938e-01
2.752084732055664062e-01
3.530926704406738281e-01
3.608412742614746094e-01
3.525693416595458984e-01
2.791280746459960938e-01
2.127408981323242188e-01
2.758681774139404297e-01
2.738487720489501953e-01
2.096347808837890625e-01
2.963638305664062500e-01
2.891738414764404297e-01
2.059636116027832031e-01
2.835540771484375000e-01
3.595583438873291016e-01
3.573141098022460938e-01
3.452548980712890625e-01
3.350982666015625000e-01
2.923443317413330078e-01
3.089153766632080078e-01
2.892494201660156250e-01
2.814438343048095703e-01
3.465468883514404297e-01
2.756738662719726562e-01
2.112920284271240234e-01
2.173902988433837891e-01
2.145166397094726562e-01
2.799367904663085938e-01
3.513610363006591797e-01
3.464293479919433594e-01
2.765679359436035156e-01
2.889070510864257812e-01
2.809324264526367188e-01
2.019286155700683594e-01
2.024474143981933594e-01
2.039885520935058594e-01
2.790167331695556641e-01
2.918162345886230469e-01
2.157511711120605469e-01
2.800350189208984375e-01
3.342037200927734375e-01
2.587759494781494141e-01
2.717075347900390625e-01
2.725811004638671875e-01
2.677402496337890625e-01
2.648801803588867188e-01
2.140688896179199219e-01
2.195336818695068359e-01
2.983431816101074219e-01
3.644869327545166016e-01
2.765421867370605469e-01
2.051496505737304688e-01
2.113814353942871094e-01
2.361752986907958984e-01
2.422208786010742188e-01
2.782762050628662109e-01
3.560504913330078125e-01
3.833494186401367188e-01
3.845694065093994141e-01
3.687450885772705078e-01
3.652272224426269531e-01
2.973654270172119141e-01
2.208886146545410156e-01
2.771606445312500000e-01
2.700057029724121094e-01
2.901566028594970703e-01
3.670878410339355469e-01
3.605880737304687500e-01
2.824912071228027344e-01
2.040808200836181641e-01
2.043640613555908203e-01
2.875962257385253906e-01
2.885470390319824219e-01
2.642669677734375000e-01
2.634167671203613281e-01
2.076706886291503906e-01
2.169713973999023438e-01
2.854688167572021484e-01
2.707395553588867188e-01
2.760696411132812500e-01
2.790660858154296875e-01
2.018191814422607422e-01
2.065055370330810547e-01
2.016522884368896484e-01
1.953032016754150391e-01
1.953134536743164062e-01
2.342422008514404297e-01
2.366902828216552734e-01
2.765252590179443359e-01
3.510015010833740234e-01
2.764253616333007812e-01
2.114305496215820312e-01
2.266128063201904297e-01
2.406063079833984375e-01
3.065779209136962891e-01
3.507828712463378906e-01
3.414223194122314453e-01
3.532617092132568359e-01
3.519995212554931641e-01
3.337819576263427734e-01
3.221859931945800781e-01
2.594709396362304688e-01
2.453453540802001953e-01
3.218362331390380859e-01
3.480317592620849609e-01
2.790167331695556641e-01
1.985261440277099609e-01
1.970436573028564453e-01
2.013840675354003906e-01
1.975512504577636719e-01
2.895700931549072266e-01
3.816087245941162109e-01
3.732762336730957031e-01
2.953186035156250000e-01
2.989873886108398438e-01
3.722977638244628906e-01
3.650627136230468750e-01
3.171296119689941406e-01
3.101451396942138672e-01
3.396384716033935547e-01
3.525683879852294922e-01
3.613712787628173828e-01
3.501887321472167969e-01
3.428044319152832031e-01
2.680852413177490234e-01
2.041585445404052734e-01
2.095420360565185547e-01
2.082693576812744141e-01
2.869217395782470703e-01
2.851734161376953125e-01
2.035026550292968750e-01
2.039613723754882812e-01
2.062921524047851562e-01
2.057046890258789062e-01
2.037944793701171875e-01
2.051978111267089844e-01
2.893531322479248047e-01
3.456895351409912109e-01
2.643802165985107422e-01
2.813119888305664062e-01
2.878556251525878906e-01
2.382218837738037109e-01
2.419898509979248047e-01
2.264075279235839844e-01
2.148017883300781250e-01
2.107210159301757812e-01
2.127926349639892578e-01
2.395973205566406250e-01
3.164081573486328125e-01
2.894742488861083984e-01
2.354915142059326172e-01
1.824743747711181641e-01
2.185387611389160156e-01
2.714965343475341797e-01
2.528784275054931641e-01
3.097894191741943359e-01
2.663824558258056641e-01
2.903993129730224609e-01
3.753006458282470703e-01
3.062818050384521484e-01
2.291054725646972656e-01
2.933931350708007812e-01
3.467898368835449219e-01
2.671473026275634766e-01
2.128131389617919922e-01
3.003818988800048828e-01
3.632414340972900391e-01
2.808153629302978516e-01
2.970018386840820312e-01
3.035576343536376953e-01
3.059937953948974609e-01
2.960846424102783203e-01
2.141447067260742188e-01
2.148845195770263672e-01
2.156071662902832031e-01
2.906630039215087891e-01
3.047971725463867188e-01
2.446749210357666016e-01
2.386367321014404297e-01
2.401068210601806641e-01
2.384002208709716797e-01
2.336862087249755859e-01
2.189550399780273438e-01
2.020287513732910156e-01
2.076163291931152344e-01
2.838299274444580078e-01
2.770798206329345703e-01
1.996757984161376953e-01
1.968894004821777344e-01
1.985018253326416016e-01
2.015984058380126953e-01
2.030410766601562500e-01
2.747070789337158203e-01
3.324425220489501953e-01
3.478710651397705078e-01
3.236513137817382812e-01
2.807877063751220703e-01
2.512590885162353516e-01
2.133772373199462891e-01
2.074773311614990234e-01
2.023022174835205078e-01
2.748301029205322266e-01
3.502485752105712891e-01
3.558552265167236328e-01
3.460063934326171875e-01
3.345983028411865234e-01
3.493709564208984375e-01
3.522920608520507812e-01
3.432719707489013672e-01
3.408179283142089844e-01
3.399257659912109375e-01
3.209848403930664062e-01
3.174195289611816406e-01
2.675795555114746094e-01
2.763712406158447266e-01
3.572313785552978516e-01
3.595409393310546875e-01
3.543212413787841797e-01
2.780110836029052734e-01
2.091610431671142578e-01
2.102336883544921875e-01
2.141494750976562500e-01
2.958788871765136719e-01
3.728978633880615234e-01
3.728351593017578125e-01
3.540778160095214844e-01
3.343849182128906250e-01
2.693800926208496094e-01
2.799193859100341797e-01
3.320527076721191406e-01
3.113224506378173828e-01
3.257417678833007812e-01
2.687571048736572266e-01
2.710773944854736328e-01
2.716059684753417969e-01
2.431194782257080078e-01
2.453658580780029297e-01
2.926301956176757812e-01
3.658492565155029297e-01
2.761881351470947266e-01
2.102453708648681641e-01
2.132902145385742188e-01
2.065801620483398438e-01
2.083337306976318359e-01
2.100524902343750000e-01
2.042841911315917969e-01
2.672724723815917969e-01
2.934684753417968750e-01
2.235505580902099609e-01
2.744817733764648438e-01
3.566741943359375000e-01
3.445286750793457031e-01
3.200812339782714844e-01
3.075330257415771484e-01
2.560629844665527344e-01
2.024836540222167969e-01
2.660751342773437500e-01
2.649822235107421875e-01
2.640626430511474609e-01
2.647929191589355469e-01
1.974904537200927734e-01
1.975963115692138672e-01
1.963279247283935547e-01
1.995708942413330078e-01
2.012434005737304688e-01
2.737355232238769531e-01
3.247711658477783203e-01
2.507841587066650391e-01
2.773675918579101562e-01
3.262021541595458984e-01
2.499063014984130859e-01
2.032649517059326172e-01
2.008066177368164062e-01
1.961333751678466797e-01
1.967885494232177734e-01
1.977930068969726562e-01
1.978201866149902344e-01
1.994249820709228516e-01
2.008726596832275391e-01
2.002530097961425781e-01
1.953542232513427734e-01
1.921753883361816406e-01
2.735543251037597656e-01
3.265261650085449219e-01
2.487230300903320312e-01
1.968283653259277344e-01
1.951336860656738281e-01
2.512700557708740234e-01
2.483787536621093750e-01
1.899108886718750000e-01
1.931657791137695312e-01
1.961834430694580078e-01
2.742376327514648438e-01
2.763473987579345703e-01
2.000737190246582031e-01
2.557251453399658203e-01
3.242776393890380859e-01
2.988283634185791016e-01
2.313778400421142578e-01
1.991207599639892578e-01
1.951763629913330078e-01
2.706680297851562500e-01
3.436369895935058594e-01
3.372704982757568359e-01
2.850551605224609375e-01
2.174377441406250000e-01
2.782762050628662109e-01
3.508014678955078125e-01
3.480186462402343750e-01
3.326945304870605469e-01
3.396377563476562500e-01
3.504784107208251953e-01
3.358826637268066406e-01
3.312664031982421875e-01
2.536606788635253906e-01
2.578809261322021484e-01
3.501644134521484375e-01
2.834589481353759766e-01
2.800991535186767578e-01
3.298876285552978516e-01
3.305783271789550781e-01
3.483972549438476562e-01
3.397967815399169922e-01
3.500556945800781250e-01
3.405294418334960938e-01
3.428778648376464844e-01
3.581387996673583984e-01
3.398649692535400391e-01
3.289628028869628906e-01
3.368902206420898438e-01
2.694327831268310547e-01
1.988403797149658203e-01
2.056210041046142578e-01
2.697045803070068359e-01
3.444790840148925781e-01
2.846591472625732422e-01
2.881972789764404297e-01
3.652510643005371094e-01
3.430061340332031250e-01
2.957656383514404297e-01
2.292475700378417969e-01
2.611081600189208984e-01
2.604477405548095703e-01
1.888396739959716797e-01
1.883199214935302734e-01
2.659146785736083984e-01
2.636985778808593750e-01
1.849806308746337891e-01
2.504761219024658203e-01
2.556333541870117188e-01
1.978826522827148438e-01
1.961860656738281250e-01
1.952385902404785156e-01
1.946349143981933594e-01
1.940469741821289062e-01
2.690801620483398438e-01
2.653481960296630859e-01
1.868431568145751953e-01
1.922056674957275391e-01
1.968576908111572266e-01
2.004916667938232422e-01
2.389163970947265625e-01
2.369196414947509766e-01
2.000374794006347656e-01
1.954026222229003906e-01
2.094397544860839844e-01
2.195084095001220703e-01
2.289335727691650391e-01
2.172043323516845703e-01
1.940832138061523438e-01
1.981534957885742188e-01
1.939883232116699219e-01
1.901021003723144531e-01
1.936838626861572266e-01
1.934647560119628906e-01
1.839842796325683594e-01
1.833693981170654297e-01
1.884374618530273438e-01
1.883001327514648438e-01
1.860306262969970703e-01
1.824796199798583984e-01
2.596409320831298828e-01
3.406031131744384766e-01
3.237960338592529297e-01
2.497370243072509766e-01
1.895239353179931641e-01
1.808078289031982422e-01
1.803293228149414062e-01
1.808221340179443359e-01
2.582464218139648438e-01
3.415453433990478516e-01
3.416037559509277344e-01
2.619495391845703125e-01
2.023992538452148438e-01
2.120850086212158203e-01
1.949751377105712891e-01
1.897525787353515625e-01
1.930408477783203125e-01
1.918668746948242188e-01
1.938724517822265625e-01
1.946101188659667969e-01
1.895418167114257812e-01
1.889674663543701172e-01
1.882772445678710938e-01
1.835587024688720703e-01
1.941816806793212891e-01
1.976819038391113281e-01
2.569901943206787109e-01
3.109860420227050781e-01
3.203294277191162109e-01
3.410258293151855469e-01
3.376934528350830078e-01
2.932860851287841797e-01
3.393151760101318359e-01
3.068625926971435547e-01
1.844027042388916016e-01
1.816558837890625000e-01
2.537376880645751953e-01
2.561879158020019531e-01
2.588260173797607422e-01
3.396208286285400391e-01
3.437042236328125000e-01
2.665252685546875000e-01
1.892356872558593750e-01
1.814389228820800781e-01
1.797168254852294922e-01
1.797173023223876953e-01
2.567155361175537109e-01
2.591876983642578125e-01
1.866528987884521484e-01
2.685906887054443359e-01
3.123543262481689453e-01
2.322947978973388672e-01
1.906752586364746094e-01
1.936345100402832031e-01
2.665085792541503906e-01
3.248744010925292969e-01
2.525634765625000000e-01
1.950488090515136719e-01
2.606441974639892578e-01
2.562196254730224609e-01
1.834444999694824219e-01
2.550652027130126953e-01
3.336875438690185547e-01
3.312191963195800781e-01
3.210735321044921875e-01
2.834711074829101562e-01
2.172651290893554688e-01
2.585904598236083984e-01
3.354756832122802734e-01
3.428726196289062500e-01
3.341431617736816406e-01
2.964591979980468750e-01
2.973132133483886719e-01
2.512497901916503906e-01
1.790988445281982422e-01
2.566354274749755859e-01
2.585396766662597656e-01
2.584760189056396484e-01
3.319795131683349609e-01
3.399262428283691406e-01
2.802138328552246094e-01
1.956436634063720703e-01
1.798591613769531250e-01
1.889641284942626953e-01
1.863036155700683594e-01
2.615458965301513672e-01
2.662048339843750000e-01
2.653877735137939453e-01
2.655105590820312500e-01
2.507219314575195312e-01
2.481124401092529297e-01
1.827602386474609375e-01
2.658309936523437500e-01
3.384814262390136719e-01
2.594695091247558594e-01
2.460553646087646484e-01
1.975858211517333984e-01
1.460864543914794922e-01
2.633221149444580078e-01
2.668604850769042969e-01
2.043542861938476562e-01
2.099635601043701172e-01
2.080464363098144531e-01
2.786004543304443359e-01
2.809915542602539062e-01
1.996858119964599609e-01
2.750616073608398438e-01
2.739830017089843750e-01
1.974811553955078125e-01
2.026748657226562500e-01
2.077367305755615234e-01
2.089807987213134766e-01
2.020812034606933594e-01
2.746975421905517578e-01
3.610107898712158203e-01
3.681797981262207031e-01
3.235573768615722656e-01
2.374596595764160156e-01
2.002046108245849609e-01
2.060787677764892578e-01
2.822504043579101562e-01
3.611233234405517578e-01
3.549034595489501953e-01
3.393836021423339844e-01
3.394105434417724609e-01
2.985599040985107422e-01
2.256376743316650391e-01
2.017178535461425781e-01
1.964883804321289062e-01
2.692167758941650391e-01
3.486404418945312500e-01
3.586599826812744141e-01
3.513860702514648438e-01
3.344471454620361328e-01
2.685275077819824219e-01
1.970160007476806641e-01
1.943991184234619141e-01
1.923787593841552734e-01
2.113101482391357422e-01
2.169575691223144531e-01
1.996166706085205078e-01
2.812433242797851562e-01
3.728287220001220703e-01
3.228650093078613281e-01
2.362439632415771484e-01
2.819550037384033203e-01
3.538975715637207031e-01
3.656563758850097656e-01
3.676793575286865234e-01
2.871484756469726562e-01
2.172977924346923828e-01
2.136185169219970703e-01
2.450623512268066406e-01
2.350742816925048828e-01
1.920244693756103516e-01
2.426695823669433594e-01
3.157081604003906250e-01
3.201830387115478516e-01
2.888162136077880859e-01
2.893693447113037109e-01
2.473971843719482422e-01
1.980082988739013672e-01
2.240247726440429688e-01
2.248899936676025391e-01
2.786276340484619141e-01
2.763233184814453125e-01
2.750563621520996094e-01
3.167438507080078125e-01
2.999036312103271484e-01
3.261272907257080078e-01
2.660925388336181641e-01
2.473993301391601562e-01
2.446374893188476562e-01
1.908421516418457031e-01
2.722523212432861328e-01
3.454985618591308594e-01
2.654337882995605469e-01
2.665915489196777344e-01
3.416628837585449219e-01
2.684674263000488281e-01
1.978545188903808594e-01
2.838625907897949219e-01
3.513703346252441406e-01
3.445997238159179688e-01
3.460183143615722656e-01
3.488390445709228516e-01
3.431551456451416016e-01
2.613890171051025391e-01
2.562906742095947266e-01
2.595639228820800781e-01
2.619340419769287109e-01
3.359444141387939453e-01
2.745628356933593750e-01
1.963565349578857422e-01
2.703120708465576172e-01
3.021595478057861328e-01
2.923586368560791016e-01
2.636566162109375000e-01
2.002773284912109375e-01
2.043771743774414062e-01
2.002859115600585938e-01
1.985328197479248047e-01
2.856962680816650391e-01
3.506915569305419922e-01
3.282728195190429688e-01
2.684571743011474609e-01
2.035839557647705078e-01
2.708718776702880859e-01
2.770187854766845703e-01
2.370765209197998047e-01
2.369565963745117188e-01
2.706830501556396484e-01
3.458659648895263672e-01
3.022022247314453125e-01
2.164022922515869141e-01
2.576189041137695312e-01
2.561995983123779297e-01
2.585208415985107422e-01
3.220341205596923828e-01
2.465083599090576172e-01
2.521800994873046875e-01
2.917571067810058594e-01
3.043167591094970703e-01
3.353071212768554688e-01
2.556166648864746094e-01
2.581965923309326172e-01
2.559728622436523438e-01
1.865112781524658203e-01
2.533979415893554688e-01
3.168575763702392578e-01
2.572720050811767578e-01
1.920049190521240234e-01
1.914153099060058594e-01
1.950588226318359375e-01
1.931815147399902344e-01
1.979053020477294922e-01
2.028884887695312500e-01
2.009799480438232422e-01
1.993377208709716797e-01
2.546043395996093750e-01
2.521436214447021484e-01
1.938319206237792969e-01
1.922845840454101562e-01
1.910092830657958984e-01
1.921522617340087891e-01
1.935565471649169922e-01
1.919748783111572266e-01
1.918718814849853516e-01
1.995990276336669922e-01
2.054820060729980469e-01
2.039995193481445312e-01
1.977372169494628906e-01
1.919665336608886719e-01
1.902263164520263672e-01
1.843304634094238281e-01
1.810247898101806641e-01
1.920156478881835938e-01
2.003717422485351562e-01
1.967327594757080078e-01
1.425225734710693359e-01
1.471767425537109375e-01
2.044589519500732422e-01
2.051286697387695312e-01
2.047762870788574219e-01
2.074081897735595703e-01
2.100198268890380859e-01
2.108726501464843750e-01
2.077472209930419922e-01
2.058744430541992188e-01
2.069251537322998047e-01
2.076487541198730469e-01
2.127056121826171875e-01
2.935478687286376953e-01
2.852516174316406250e-01
2.028157711029052734e-01
2.849133014678955078e-01
2.846229076385498047e-01
1.992413997650146484e-01
1.995086669921875000e-01
2.619528770446777344e-01
2.624859809875488281e-01
2.008285522460937500e-01
2.724292278289794922e-01
2.722628116607666016e-01
2.016041278839111328e-01
2.035021781921386719e-01
1.987206935882568359e-01
1.988184452056884766e-01
1.961951255798339844e-01
1.957564353942871094e-01
1.986873149871826172e-01
1.966292858123779297e-01
2.012541294097900391e-01
2.128751277923583984e-01
2.088315486907958984e-01
2.009167671203613281e-01
1.998951435089111328e-01
1.988368034362792969e-01
2.034647464752197266e-01
2.090942859649658203e-01
2.056105136871337891e-01
2.709958553314208984e-01
2.752699851989746094e-01
2.068581581115722656e-01
2.740364074707031250e-01
2.721254825592041016e-01
2.700004577636718750e-01
2.699007987976074219e-01
2.013013362884521484e-01
2.001605033874511719e-01
1.974191665649414062e-01
1.975197792053222656e-01
2.036395072937011719e-01
2.067551612854003906e-01
1.988370418548583984e-01
1.980504989624023438e-01
1.973643302917480469e-01
1.939492225646972656e-01
1.945033073425292969e-01
2.626109123229980469e-01
3.463771343231201172e-01
3.276371955871582031e-01
3.280274868011474609e-01
3.205757141113281250e-01
3.171520233154296875e-01
3.554167747497558594e-01
3.527851104736328125e-01
2.700121402740478516e-01
1.987218856811523438e-01
2.027122974395751953e-01
1.993935108184814453e-01
2.019584178924560547e-01
2.020227909088134766e-01
2.012405395507812500e-01
2.663190364837646484e-01
2.647199630737304688e-01
2.023568153381347656e-01
2.036063671112060547e-01
1.987218856811523438e-01
2.762036323547363281e-01
3.423335552215576172e-01
2.633047103881835938e-01
1.987724304199218750e-01
1.987347602844238281e-01
2.765204906463623047e-01
2.715256214141845703e-01
2.627830505371093750e-01
2.682306766510009766e-01
1.963496208190917969e-01
1.929910182952880859e-01
1.971955299377441406e-01
2.011854648590087891e-01
2.763316631317138672e-01
2.750179767608642578e-01
2.690315246582031250e-01
2.665379047393798828e-01
2.627191543579101562e-01
2.604382038116455078e-01
1.914589405059814453e-01
1.925160884857177734e-01
1.926860809326171875e-01
2.619445323944091797e-01
2.640182971954345703e-01
2.588045597076416016e-01
2.552459239959716797e-01
2.580587863922119141e-01
2.630164623260498047e-01
2.435355186462402344e-01
2.399177551269531250e-01
1.935398578643798828e-01
1.936533451080322266e-01
1.944212913513183594e-01
1.952612400054931641e-01
1.922137737274169922e-01
1.899602413177490234e-01
1.925587654113769531e-01
1.959693431854248047e-01
1.970922946929931641e-01
1.922693252563476562e-01
1.888642311096191406e-01
1.962049007415771484e-01
2.649910449981689453e-01
3.310923576354980469e-01
2.629723548889160156e-01
1.915531158447265625e-01
1.942646503448486328e-01
1.900703907012939453e-01
2.470090389251708984e-01
2.496395111083984375e-01
1.968593597412109375e-01
2.737815380096435547e-01
2.667989730834960938e-01
1.850686073303222656e-01
1.882469654083251953e-01
1.981976032257080078e-01
2.708430290222167969e-01
2.667565345764160156e-01
1.958985328674316406e-01
2.690033912658691406e-01
2.625451087951660156e-01
1.923141479492187500e-01
1.993281841278076172e-01
1.964330673217773438e-01
1.969618797302246094e-01
1.975960731506347656e-01
1.919338703155517578e-01
2.642004489898681641e-01
3.448576927185058594e-01
2.731728553771972656e-01
1.946058273315429688e-01
1.971364021301269531e-01
2.009587287902832031e-01
2.626197338104248047e-01
3.301858901977539062e-01
3.342401981353759766e-01
3.391919136047363281e-01
3.468890190124511719e-01
3.249487876892089844e-01
2.504746913909912109e-01
1.947877407073974609e-01
1.963219642639160156e-01
1.992774009704589844e-01
1.495368480682373047e-01
1.544601917266845703e-01
2.092976570129394531e-01
2.084000110626220703e-01
2.075843811035156250e-01
2.082090377807617188e-01
2.015516757965087891e-01
2.054362297058105469e-01
2.113029956817626953e-01
2.112038135528564453e-01
2.094798088073730469e-01
2.067697048187255859e-01
2.040526866912841797e-01
1.991257667541503906e-01
1.983656883239746094e-01
2.010359764099121094e-01
2.062535285949707031e-01
2.026126384735107422e-01
2.707786560058593750e-01
3.412711620330810547e-01
3.137693405151367188e-01
3.200206756591796875e-01
3.536674976348876953e-01
2.798552513122558594e-01
2.026374340057373047e-01
2.766976356506347656e-01
3.470776081085205078e-01
3.442327976226806641e-01
2.797524929046630859e-01
2.006804943084716797e-01
2.698695659637451172e-01
3.264400959014892578e-01
2.497353553771972656e-01
1.961565017700195312e-01
2.214896678924560547e-01
2.336461544036865234e-01
2.093546390533447266e-01
2.002310752868652344e-01
2.825710773468017578e-01
2.764251232147216797e-01
2.556715011596679688e-01
2.583339214324951172e-01
1.954853534698486328e-01
1.954629421234130859e-01
2.673332691192626953e-01
2.658727169036865234e-01
2.592990398406982422e-01
2.545802593231201172e-01
1.835284233093261719e-01
1.859748363494873047e-01
1.857159137725830078e-01
1.863071918487548828e-01
1.876442432403564453e-01
1.845011711120605469e-01
1.839938163757324219e-01
1.853809356689453125e-01
1.886384487152099609e-01
2.625854015350341797e-01
3.361897468566894531e-01
2.630307674407958984e-01
1.866378784179687500e-01
2.671926021575927734e-01
3.424425125122070312e-01
2.636947631835937500e-01
1.865835189819335938e-01
1.913561820983886719e-01
1.989567279815673828e-01
1.963331699371337891e-01
1.912579536437988281e-01
1.896724700927734375e-01
1.938729286193847656e-01
2.673525810241699219e-01
3.203604221343994141e-01
2.532172203063964844e-01
2.231583595275878906e-01
2.174651622772216797e-01
2.583370208740234375e-01
2.553379535675048828e-01
1.856372356414794922e-01
2.581059932708740234e-01
2.618827819824218750e-01
1.947562694549560547e-01
2.017674446105957031e-01
2.737438678741455078e-01
2.716991901397705078e-01
1.979863643646240234e-01
1.947140693664550781e-01
2.002186775207519531e-01
2.026538848876953125e-01
1.957330703735351562e-01
1.892087459564208984e-01
1.914944648742675781e-01
1.942527294158935547e-01
1.992540359497070312e-01
3.121192455291748047e-01
3.297169208526611328e-01
2.806544303894042969e-01
2.559819221496582031e-01
2.656178474426269531e-01
3.399085998535156250e-01
3.533179759979248047e-01
3.488404750823974609e-01
3.563876152038574219e-01
3.778924942016601562e-01
3.696281909942626953e-01
3.151652812957763672e-01
2.241661548614501953e-01
2.657952308654785156e-01
2.714693546295166016e-01
2.752268314361572266e-01
3.554477691650390625e-01
3.580589294433593750e-01
2.814831733703613281e-01
2.738959789276123047e-01
2.841918468475341797e-01
2.239992618560791016e-01
2.844274044036865234e-01
3.526954650878906250e-01
3.762786388397216797e-01
3.742876052856445312e-01
2.884654998779296875e-01
2.114424705505371094e-01
2.795004844665527344e-01
2.977502346038818359e-01
2.187120914459228516e-01
2.692353725433349609e-01
2.737329006195068359e-01
2.211408615112304688e-01
2.170326709747314453e-01
1.964118480682373047e-01
1.937787532806396484e-01
1.960620880126953125e-01
1.982266902923583984e-01
1.992919445037841797e-01
2.141830921173095703e-01
2.452433109283447266e-01
2.338404655456542969e-01
2.040562629699707031e-01
2.072825431823730469e-01
2.030920982360839844e-01
2.493348121643066406e-01
3.249208927154541016e-01
3.299989700317382812e-01
2.547745704650878906e-01
2.028760910034179688e-01
2.074289321899414062e-01
2.038788795471191406e-01
2.779910564422607422e-01
3.491120338439941406e-01
3.522486686706542969e-01
3.638863563537597656e-01
3.038461208343505859e-01
2.292299270629882812e-01
2.294166088104248047e-01
2.509524822235107422e-01
2.384917736053466797e-01
2.133624553680419922e-01
2.062673568725585938e-01
2.067394256591796875e-01
2.114613056182861328e-01
2.804245948791503906e-01
2.745471000671386719e-01
2.669918537139892578e-01
2.183897495269775391e-01
1.590359210968017578e-01
2.882673740386962891e-01
3.575139045715332031e-01
3.570690155029296875e-01
3.556420803070068359e-01
2.778413295745849609e-01
2.061910629272460938e-01
2.063624858856201172e-01
2.047483921051025391e-01
2.068929672241210938e-01
2.979238033294677734e-01
3.801112174987792969e-01
4.705901145935058594e-01
4.631390571594238281e-01
3.632678985595703125e-01
3.680126667022705078e-01
2.858071327209472656e-01
2.079560756683349609e-01
2.060546875000000000e-01
2.009704113006591797e-01
2.015492916107177734e-01
2.014706134796142578e-01
1.989550590515136719e-01
1.993217468261718750e-01
2.199895381927490234e-01
2.179582118988037109e-01
2.795455455780029297e-01
3.570203781127929688e-01
3.018269538879394531e-01
2.903358936309814453e-01
2.631883621215820312e-01
2.756595611572265625e-01
2.762427330017089844e-01
1.984331607818603516e-01
1.983377933502197266e-01
1.906833648681640625e-01
1.802570819854736328e-01
1.842923164367675781e-01
1.929154396057128906e-01
2.648594379425048828e-01
3.505227565765380859e-01
2.882878780364990234e-01
2.083227634429931641e-01
2.093992233276367188e-01
2.116816043853759766e-01
2.832260131835937500e-01
3.517477512359619141e-01
3.019552230834960938e-01
2.305288314819335938e-01
2.767581939697265625e-01
3.380920886993408203e-01
2.591667175292968750e-01
1.979763507843017578e-01
2.049734592437744141e-01
2.072174549102783203e-01
2.782192230224609375e-01
2.706370353698730469e-01
2.544808387756347656e-01
3.280124664306640625e-01
3.476607799530029297e-01
3.513972759246826172e-01
3.333859443664550781e-01
2.922196388244628906e-01
2.304236888885498047e-01
2.706501483917236328e-01
2.852947711944580078e-01
2.172584533691406250e-01
2.007813453674316406e-01
2.671113014221191406e-01
3.475031852722167969e-01
3.476510047912597656e-01
3.469157218933105469e-01
3.359956741333007812e-01
3.255367279052734375e-01
3.278951644897460938e-01
2.661983966827392578e-01
1.996579170227050781e-01
1.950411796569824219e-01
2.043826580047607422e-01
2.096166610717773438e-01
2.690691947937011719e-01
3.396675586700439453e-01
3.362584114074707031e-01
3.257191181182861328e-01
3.303837776184082031e-01
3.328793048858642578e-01
3.226566314697265625e-01
3.256065845489501953e-01
2.804224491119384766e-01
2.157342433929443359e-01
2.031273841857910156e-01
1.982827186584472656e-01
1.983940601348876953e-01
1.920897960662841797e-01
1.858358383178710938e-01
1.937227249145507812e-01
2.033905982971191406e-01
2.044227123260498047e-01
1.988773345947265625e-01
2.685027122497558594e-01
3.559112548828125000e-01
2.838304042816162109e-01
2.013781070709228516e-01
2.080276012420654297e-01
2.796540260314941406e-01
3.347103595733642578e-01
2.617118358612060547e-01
2.074804306030273438e-01
2.713551521301269531e-01
2.595093250274658203e-01
2.483053207397460938e-01
2.548487186431884766e-01
2.001335620880126953e-01
2.738933563232421875e-01
2.695527076721191406e-01
1.902995109558105469e-01
1.943373680114746094e-01
2.672097682952880859e-01
2.768471240997314453e-01
2.040562629699707031e-01
1.932406425476074219e-01
1.908798217773437500e-01
1.878643035888671875e-01
1.888244152069091797e-01
1.911478042602539062e-01
1.955533027648925781e-01
1.990716457366943359e-01
2.013218402862548828e-01
1.988341808319091797e-01
1.992342472076416016e-01
2.005774974822998047e-01
1.964287757873535156e-01
1.985046863555908203e-01
2.048733234405517578e-01
2.050759792327880859e-01
2.064785957336425781e-01
2.012140750885009766e-01
2.411839962005615234e-01
3.163537979125976562e-01
3.366332054138183594e-01
3.417818546295166016e-01
3.525197505950927734e-01
3.587410449981689453e-01
3.644046783447265625e-01
3.583428859710693359e-01
3.481137752532958984e-01
3.462884426116943359e-01
3.437762260437011719e-01
3.224029541015625000e-01
3.150954246520996094e-01
3.347349166870117188e-01
3.356268405914306641e-01
3.205335140228271484e-01
2.851779460906982422e-01
2.253665924072265625e-01
2.606060504913330078e-01
2.604458332061767578e-01
1.955900192260742188e-01
2.423982620239257812e-01
2.339818477630615234e-01
1.826503276824951172e-01
1.893758773803710938e-01
1.838173866271972656e-01
2.660396099090576172e-01
2.875573635101318359e-01
2.944574356079101562e-01
3.643486499786376953e-01
2.798342704772949219e-01
2.624366283416748047e-01
2.600216865539550781e-01
1.957490444183349609e-01
1.945755481719970703e-01
2.757461071014404297e-01
2.785322666168212891e-01
2.835946083068847656e-01
3.291981220245361328e-01
2.447812557220458984e-01
2.756485939025878906e-01
2.719485759735107422e-01
2.702665328979492188e-01
2.722444534301757812e-01
2.702198028564453125e-01
2.703897953033447266e-01
1.954026222229003906e-01
2.752490043640136719e-01
2.740435600280761719e-01
2.666323184967041016e-01
2.627573013305664062e-01
2.611563205718994141e-01
2.694823741912841797e-01
1.916592121124267578e-01
2.564072608947753906e-01
3.395183086395263672e-01
2.796773910522460938e-01
2.052466869354248047e-01
2.789990901947021484e-01
3.506011962890625000e-01
2.709982395172119141e-01
2.712333202362060547e-01
2.714500427246093750e-01
1.999833583831787109e-01
1.992127895355224609e-01
2.001316547393798828e-01
2.035658359527587891e-01
2.073726654052734375e-01
2.026269435882568359e-01
1.997237205505371094e-01
2.786893844604492188e-01
3.434107303619384766e-01
2.686729431152343750e-01
2.039077281951904297e-01
2.674603462219238281e-01
3.421573638916015625e-01
3.466463088989257812e-01
3.475878238677978516e-01
3.478236198425292969e-01
3.374488353729248047e-01
3.339505195617675781e-01
3.060491085052490234e-01
2.944056987762451172e-01
2.521555423736572266e-01
2.005498409271240234e-01
2.064318656921386719e-01
2.759103775024414062e-01
3.456659317016601562e-01
3.402271270751953125e-01
3.278551101684570312e-01
2.528452873229980469e-01
1.883015632629394531e-01
2.667365074157714844e-01
3.400919437408447266e-01
3.334381580352783203e-01
2.674643993377685547e-01
2.005867958068847656e-01
2.714121341705322266e-01
2.724623680114746094e-01
2.723183631896972656e-01
2.669785022735595703e-01
2.618827819824218750e-01
2.699232101440429688e-01
2.741634845733642578e-01
3.377542495727539062e-01
2.632312774658203125e-01
2.696135044097900391e-01
3.450415134429931641e-01
3.490993976593017578e-01
2.892320156097412109e-01
2.131183147430419922e-01
2.563002109527587891e-01
2.538354396820068359e-01
1.954076290130615234e-01
2.713568210601806641e-01
3.458654880523681641e-01
3.245809078216552734e-01
3.137691020965576172e-01
3.252804279327392578e-01
2.662765979766845703e-01
2.056598663330078125e-01
2.174768447875976562e-01
2.178294658660888672e-01
2.661747932434082031e-01
2.613468170166015625e-01
2.355930805206298828e-01
2.431774139404296875e-01
2.117168903350830078e-01
2.205975055694580078e-01
2.166991233825683594e-01
2.005801200866699219e-01
2.723939418792724609e-01
2.707424163818359375e-01
1.991357803344726562e-01
2.071444988250732422e-01
2.879390716552734375e-01
3.556261062622070312e-01
3.540358543395996094e-01
3.576183319091796875e-01
3.142802715301513672e-01
2.455568313598632812e-01
2.898581027984619141e-01
3.642892837524414062e-01
3.674805164337158203e-01
2.952742576599121094e-01
2.786457538604736328e-01
2.678594589233398438e-01
2.717678546905517578e-01
2.672436237335205078e-01
1.980698108673095703e-01
2.019867897033691406e-01
1.957221031188964844e-01
1.985034942626953125e-01
2.830932140350341797e-01
3.218011856079101562e-01
2.746374607086181641e-01
3.000442981719970703e-01
2.698554992675781250e-01
2.089171409606933594e-01
2.835531234741210938e-01
2.809152603149414062e-01
2.005550861358642578e-01
1.997480392456054688e-01
2.834253311157226562e-01
3.618338108062744141e-01
3.617966175079345703e-01
3.598392009735107422e-01
3.617963790893554688e-01
3.713073730468750000e-01
3.616979122161865234e-01
3.218815326690673828e-01
3.056845664978027344e-01
