8.892941474914550781e-02
1.748182773590087891e-01
1.713354587554931641e-01
2.528789043426513672e-01
2.892282009124755859e-01
2.127425670623779297e-01
1.742305755615234375e-01
2.425270080566406250e-01
2.428448200225830078e-01
1.681377887725830078e-01
1.745645999908447266e-01
1.767251491546630859e-01
1.754443645477294922e-01
2.544002532958984375e-01
2.868828773498535156e-01
2.081091403961181641e-01
1.759588718414306641e-01
2.538473606109619141e-01
3.167779445648193359e-01
2.415435314178466797e-01
1.787447929382324219e-01
1.775505542755126953e-01
1.774840354919433594e-01
2.095460891723632812e-01
2.131943702697753906e-01
1.893451213836669922e-01
1.876735687255859375e-01
1.788072586059570312e-01
1.808469295501708984e-01
1.842217445373535156e-01
1.841571331024169922e-01
1.849772930145263672e-01
1.808478832244873047e-01
1.810829639434814453e-01
1.871216297149658203e-01
1.889131069183349609e-01
1.914701461791992188e-01
1.874926090240478516e-01
1.802382469177246094e-01
1.867229938507080078e-01
1.879987716674804688e-01
1.841325759887695312e-01
1.834683418273925781e-01
1.840534210205078125e-01
1.856584548950195312e-01
1.839120388031005859e-01
1.841964721679687500e-01
1.836037635803222656e-01
1.780924797058105469e-01
1.751213073730468750e-01
1.792168617248535156e-01
1.793165206909179688e-01
1.751234531402587891e-01
2.462241649627685547e-01
3.205175399780273438e-01
3.243374824523925781e-01
2.878859043121337891e-01
2.182660102844238281e-01
2.526409626007080078e-01
2.476730346679687500e-01
1.782560348510742188e-01
2.501201629638671875e-01
2.447729110717773438e-01
2.497613430023193359e-01
2.831649780273437500e-01
2.116146087646484375e-01
1.871662139892578125e-01
2.067368030548095703e-01
2.074644565582275391e-01
1.902010440826416016e-01
1.925530433654785156e-01
2.329871654510498047e-01
2.426679134368896484e-01
2.058832645416259766e-01
2.054855823516845703e-01
2.032413482666015625e-01
1.872301101684570312e-01
1.874620914459228516e-01
1.958663463592529297e-01
1.989123821258544922e-01
2.033028602600097656e-01
2.695484161376953125e-01
2.676231861114501953e-01
2.059507369995117188e-01
2.140996456146240234e-01
2.037289142608642578e-01
2.599234580993652344e-01
2.648868560791015625e-01
2.039940357208251953e-01
2.037484645843505859e-01
1.930689811706542969e-01
2.518849372863769531e-01
4.287290573120117188e-01
4.333693981170654297e-01
3.172261714935302734e-01
2.463457584381103516e-01
1.880602836608886719e-01
1.870155334472656250e-01
1.950361728668212891e-01
2.799956798553466797e-01
3.121170997619628906e-01
2.272682189941406250e-01
1.795983314514160156e-01
1.843249797821044922e-01
1.884272098541259766e-01
1.876432895660400391e-01
1.966071128845214844e-01
2.797918319702148438e-01
3.187751770019531250e-01
2.412858009338378906e-01
1.951589584350585938e-01
1.933755874633789062e-01
2.689330577850341797e-01
3.378138542175292969e-01
2.600326538085937500e-01
1.933956146240234375e-01
1.933157444000244141e-01
1.840517520904541016e-01
1.873145103454589844e-01
2.118542194366455078e-01
2.180917263031005859e-01
2.818078994750976562e-01
3.498079776763916016e-01
3.326802253723144531e-01
3.396461009979248047e-01
3.518183231353759766e-01
3.686380386352539062e-01
3.510820865631103516e-01
2.644193172454833984e-01
2.102806568145751953e-01
1.984372138977050781e-01
1.858451366424560547e-01
1.875150203704833984e-01
1.939656734466552734e-01
2.007622718811035156e-01
2.201802730560302734e-01
2.214355468750000000e-01
2.779901027679443359e-01
3.468379974365234375e-01
2.711236476898193359e-01
2.050833702087402344e-01
2.069878578186035156e-01
2.727000713348388672e-01
3.181447982788085938e-01
3.136188983917236328e-01
3.354287147521972656e-01
3.338494300842285156e-01
2.614414691925048828e-01
2.612836360931396484e-01
2.654788494110107422e-01
2.716681957244873047e-01
2.683908939361572266e-01
1.914494037628173828e-01
2.831954956054687500e-01
3.642113208770751953e-01
3.468062877655029297e-01
2.763621807098388672e-01
2.612135410308837891e-01
2.514741420745849609e-01
1.998295783996582031e-01
2.109825611114501953e-01
2.025332450866699219e-01
1.412656307220458984e-01
1.617445945739746094e-01
2.232608795166015625e-01
2.188928127288818359e-01
2.102124691009521484e-01
2.113900184631347656e-01
2.197179794311523438e-01
2.071187496185302734e-01
2.711100578308105469e-01
2.730085849761962891e-01
1.964097023010253906e-01
2.458930015563964844e-01
2.563207149505615234e-01
2.077090740203857422e-01
1.999430656433105469e-01
2.004644870758056641e-01
2.105677127838134766e-01
2.192332744598388672e-01
2.160346508026123047e-01
2.760477066040039062e-01
2.732846736907958984e-01
2.900869846343994141e-01
3.633711338043212891e-01
3.463366031646728516e-01
3.419687747955322266e-01
2.702777385711669922e-01
2.051863670349121094e-01
2.110815048217773438e-01
2.165668010711669922e-01
2.994842529296875000e-01
3.674352169036865234e-01
3.640377521514892578e-01
3.706462383270263672e-01
3.564789295196533203e-01
2.725262641906738281e-01
2.065536975860595703e-01
2.071583271026611328e-01
2.036249637603759766e-01
2.072129249572753906e-01
2.099783420562744141e-01
2.076709270477294922e-01
2.737021446228027344e-01
3.413498401641845703e-01
3.539595603942871094e-01
3.543431758880615234e-01
3.452422618865966797e-01
2.788519859313964844e-01
2.048280239105224609e-01
2.010552883148193359e-01
2.197024822235107422e-01
2.165150642395019531e-01
2.797410488128662109e-01
2.763161659240722656e-01
2.276370525360107422e-01
2.308492660522460938e-01
2.714231014251708984e-01
2.692248821258544922e-01
2.443695068359375000e-01
3.409762382507324219e-01
3.698141574859619141e-01
2.819833755493164062e-01
2.078504562377929688e-01
2.798552513122558594e-01
3.485231399536132812e-01
3.549563884735107422e-01
3.871443271636962891e-01
3.880357742309570312e-01
3.712811470031738281e-01
3.763124942779541016e-01
3.729047775268554688e-01
3.718900680541992188e-01
3.761384487152099609e-01
3.767087459564208984e-01
2.957627773284912109e-01
2.159662246704101562e-01
2.139687538146972656e-01
2.841439247131347656e-01
3.174030780792236328e-01
2.342772483825683594e-01
2.689871788024902344e-01
3.454196453094482422e-01
3.389005661010742188e-01
3.437812328338623047e-01
3.576278686523437500e-01
2.782487869262695312e-01
2.515513896942138672e-01
2.570974826812744141e-01
2.033414840698242188e-01
2.163150310516357422e-01
2.153387069702148438e-01
1.968510150909423828e-01
1.968743801116943359e-01
2.689361572265625000e-01
3.437125682830810547e-01
3.055109977722167969e-01
2.275569438934326172e-01
1.956694126129150391e-01
1.975016593933105469e-01
2.385363578796386719e-01
2.377269268035888672e-01
2.107965946197509766e-01
2.964754104614257812e-01
3.636953830718994141e-01
3.269495964050292969e-01
2.617421150207519531e-01
2.421641349792480469e-01
2.295460700988769531e-01
2.774043083190917969e-01
2.708368301391601562e-01
1.934993267059326172e-01
2.372639179229736328e-01
2.377493381500244141e-01
1.923565864562988281e-01
1.900773048400878906e-01
1.995253562927246094e-01
2.201404571533203125e-01
2.202992439270019531e-01
1.999254226684570312e-01
1.935396194458007812e-01
2.016344070434570312e-01
2.021751403808593750e-01
2.218911647796630859e-01
3.187637329101562500e-01
3.002011775970458984e-01
2.029459476470947266e-01
2.762951850891113281e-01
3.612220287322998047e-01
3.672025203704833984e-01
3.458955287933349609e-01
3.260517120361328125e-01
2.975232601165771484e-01
3.077480792999267578e-01
2.838914394378662109e-01
2.096138000488281250e-01
2.135291099548339844e-01
2.774069309234619141e-01
2.863981723785400391e-01
2.252027988433837891e-01
2.848796844482421875e-01
3.604550361633300781e-01
3.461596965789794922e-01
2.670450210571289062e-01
1.982204914093017578e-01
1.971232891082763672e-01
1.997139453887939453e-01
2.021656036376953125e-01
1.999218463897705078e-01
1.979224681854248047e-01
2.369842529296875000e-01
2.472040653228759766e-01
2.105784416198730469e-01
2.028582096099853516e-01
2.045166492462158203e-01
2.142291069030761719e-01
2.183215618133544922e-01
2.190370559692382812e-01
2.181477546691894531e-01
2.856478691101074219e-01
3.501496315002441406e-01
3.552165031433105469e-01
3.653132915496826172e-01
3.521919250488281250e-01
3.496973514556884766e-01
2.737548351287841797e-01
2.451655864715576172e-01
2.588872909545898438e-01
2.134118080139160156e-01
2.061626911163330078e-01
1.988418102264404297e-01
2.817192077636718750e-01
3.519978523254394531e-01
2.720413208007812500e-01
2.120158672332763672e-01
2.153897285461425781e-01
2.110803127288818359e-01
2.060008049011230469e-01
2.209513187408447266e-01
2.278411388397216797e-01
2.154862880706787109e-01
2.138762474060058594e-01
2.137372493743896484e-01
2.189450263977050781e-01
2.217466831207275391e-01
2.331435680389404297e-01
2.759830951690673828e-01
2.589120864868164062e-01
2.048742771148681641e-01
2.813649177551269531e-01
3.083412647247314453e-01
3.148062229156494141e-01
3.871870040893554688e-01
3.867273330688476562e-01
3.481326103210449219e-01
2.690038681030273438e-01
2.132940292358398438e-01
2.122459411621093750e-01
2.151710987091064453e-01
2.338049411773681641e-01
2.278885841369628906e-01
2.683627605438232422e-01
2.684180736541748047e-01
1.997768878936767578e-01
2.798321247100830078e-01
2.821726799011230469e-01
2.000231742858886719e-01
2.824554443359375000e-01
3.602917194366455078e-01
3.522181510925292969e-01
3.522250652313232422e-01
3.415038585662841797e-01
2.719557285308837891e-01
2.017424106597900391e-01
1.893076896667480469e-01
1.909461021423339844e-01
1.996533870697021484e-01
2.792582511901855469e-01
2.805802822113037109e-01
1.992356777191162109e-01
1.912429332733154297e-01
1.965308189392089844e-01
2.027156352996826172e-01
1.994690895080566406e-01
1.975371837615966797e-01
1.978607177734375000e-01
1.958351135253906250e-01
2.785499095916748047e-01
2.764384746551513672e-01
2.720880508422851562e-01
2.769060134887695312e-01
2.733347415924072266e-01
3.528850078582763672e-01
3.564300537109375000e-01
3.265280723571777344e-01
2.478291988372802734e-01
2.799196243286132812e-01
2.889590263366699219e-01
2.092056274414062500e-01
2.002046108245849609e-01
2.577209472656250000e-01
3.350782394409179688e-01
2.729377746582031250e-01
2.783918380737304688e-01
2.808845043182373047e-01
1.972444057464599609e-01
1.977694034576416016e-01
1.978635787963867188e-01
1.963145732879638672e-01
1.989264488220214844e-01
2.729928493499755859e-01
2.726025581359863281e-01
1.982295513153076172e-01
1.975307464599609375e-01
2.673950195312500000e-01
3.425724506378173828e-01
2.692251205444335938e-01
2.657687664031982422e-01
2.729971408843994141e-01
2.697300910949707031e-01
3.348169326782226562e-01
2.645692825317382812e-01
1.914100646972656250e-01
1.876733303070068359e-01
1.893820762634277344e-01
1.916520595550537109e-01
1.970705986022949219e-01
2.050707340240478516e-01
2.008600234985351562e-01
1.930067539215087891e-01
1.933324337005615234e-01
1.968383789062500000e-01
1.997928619384765625e-01
2.053165435791015625e-01
2.035243511199951172e-01
1.962046623229980469e-01
2.686197757720947266e-01
3.445756435394287109e-01
2.700507640838623047e-01
2.697718143463134766e-01
2.651510238647460938e-01
2.185697555541992188e-01
2.248942852020263672e-01
2.017784118652343750e-01
2.001173496246337891e-01
2.689938545227050781e-01
3.432662487030029297e-01
2.700731754302978516e-01
1.938745975494384766e-01
2.690105438232421875e-01
3.412170410156250000e-01
2.653262615203857422e-01
2.712144851684570312e-01
2.688455581665039062e-01
1.919107437133789062e-01
1.951813697814941406e-01
1.966011524200439453e-01
1.975355148315429688e-01
1.949129104614257812e-01
1.893517971038818359e-01
2.610371112823486328e-01
2.658529281616210938e-01
1.967875957489013672e-01
2.728435993194580078e-01
2.926890850067138672e-01
2.119400501251220703e-01
2.736151218414306641e-01
3.581559658050537109e-01
2.770001888275146484e-01
1.954481601715087891e-01
1.929912567138671875e-01
1.894304752349853516e-01
2.398588657379150391e-01
2.418520450592041016e-01
1.934041976928710938e-01
1.938283443450927734e-01
1.916055679321289062e-01
2.588107585906982422e-01
2.555150985717773438e-01
2.635567188262939453e-01
2.669980525970458984e-01
1.903572082519531250e-01
1.928408145904541016e-01
1.947250366210937500e-01
1.991369724273681641e-01
2.029469013214111328e-01
1.968188285827636719e-01
1.894772052764892578e-01
1.405282020568847656e-01
1.503648757934570312e-01
2.035295963287353516e-01
2.050895690917968750e-01
2.122230529785156250e-01
2.068076133728027344e-01
2.005665302276611328e-01
2.017362117767333984e-01
2.019059658050537109e-01
2.029569149017333984e-01
2.003729343414306641e-01
2.042162418365478516e-01
2.029337882995605469e-01
2.401833534240722656e-01
2.449939250946044922e-01
2.028324604034423828e-01
2.619106769561767578e-01
2.598252296447753906e-01
2.053191661834716797e-01
2.337307929992675781e-01
2.338137626647949219e-01
2.939755916595458984e-01
3.648164272308349609e-01
3.612189292907714844e-01
3.514208793640136719e-01
3.419406414031982422e-01
3.377084732055664062e-01
2.611863613128662109e-01
1.993317604064941406e-01
1.989433765411376953e-01
1.941082477569580078e-01
2.624576091766357422e-01
3.354439735412597656e-01
3.475739955902099609e-01
3.351588249206542969e-01
2.576351165771484375e-01
2.015421390533447266e-01
2.759671211242675781e-01
2.701857089996337891e-01
1.948707103729248047e-01
1.957705020904541016e-01
1.917881965637207031e-01
1.864261627197265625e-01
2.505612373352050781e-01
2.604479789733886719e-01
2.006778717041015625e-01
2.000479698181152344e-01
2.435703277587890625e-01
3.232474327087402344e-01
3.482046127319335938e-01
3.322031497955322266e-01
2.776784896850585938e-01
2.192780971527099609e-01
2.094562053680419922e-01
2.763669490814208984e-01
2.738976478576660156e-01
2.613544464111328125e-01
2.606184482574462891e-01
2.678740024566650391e-01
3.350806236267089844e-01
2.624318599700927734e-01
1.877973079681396484e-01
1.887655258178710938e-01
2.690541744232177734e-01
3.400373458862304688e-01
2.644052505493164062e-01
1.902620792388916016e-01
1.895635128021240234e-01
2.028269767761230469e-01
2.055373191833496094e-01
2.001528739929199219e-01
2.002665996551513672e-01
1.961238384246826172e-01
1.932966709136962891e-01
1.935513019561767578e-01
1.924612522125244141e-01
1.977577209472656250e-01
2.025837898254394531e-01
1.998538970947265625e-01
2.033634185791015625e-01
2.066962718963623047e-01
2.033929824829101562e-01
1.975817680358886719e-01
1.967806816101074219e-01
1.975343227386474609e-01
1.956360340118408203e-01
1.951880455017089844e-01
1.999626159667968750e-01
2.015960216522216797e-01
1.954720020294189453e-01
1.911618709564208984e-01
1.887302398681640625e-01
1.854305267333984375e-01
1.825678348541259766e-01
1.871886253356933594e-01
1.928334236145019531e-01
1.911747455596923828e-01
1.941244602203369141e-01
1.965489387512207031e-01
1.950576305389404297e-01
1.931829452514648438e-01
1.921026706695556641e-01
2.541453838348388672e-01
2.539660930633544922e-01
2.317736148834228516e-01
2.348885536193847656e-01
1.964511871337890625e-01
1.962552070617675781e-01
2.655756473541259766e-01
2.621767520904541016e-01
2.627797126770019531e-01
3.338043689727783203e-01
2.616684436798095703e-01
2.541973590850830078e-01
3.188226222991943359e-01
3.193314075469970703e-01
3.353581428527832031e-01
3.155021667480468750e-01
2.345445156097412109e-01
2.108633518218994141e-01
2.154169082641601562e-01
2.623124122619628906e-01
2.611250877380371094e-01
1.916692256927490234e-01
2.608933448791503906e-01
3.300015926361083984e-01
2.617843151092529297e-01
2.638449668884277344e-01
2.587587833404541016e-01
3.239722251892089844e-01
3.851344585418701172e-01
2.457103729248046875e-01
2.063372135162353516e-01
2.050662040710449219e-01
1.875774860382080078e-01
2.449390888214111328e-01
2.431361675262451172e-01
1.971240043640136719e-01
1.917679309844970703e-01
2.520060539245605469e-01
3.312101364135742188e-01
2.609374523162841797e-01
1.864054203033447266e-01
1.884796619415283203e-01
1.877062320709228516e-01
1.883654594421386719e-01
1.830625534057617188e-01
2.019717693328857422e-01
2.760469913482666016e-01
2.515969276428222656e-01
1.830303668975830078e-01
1.848134994506835938e-01
1.889243125915527344e-01
1.915388107299804688e-01
1.920907497406005859e-01
1.936538219451904297e-01
1.871016025543212891e-01
1.911926269531250000e-01
1.911656856536865234e-01
1.857335567474365234e-01
2.632777690887451172e-01
3.365929126739501953e-01
3.193192481994628906e-01
2.376520633697509766e-01
2.658879756927490234e-01
2.860579490661621094e-01
2.889754772186279297e-01
3.636896610260009766e-01
3.438155651092529297e-01
2.686789035797119141e-01
2.126026153564453125e-01
2.132639884948730469e-01
2.100450992584228516e-01
2.054300308227539062e-01
2.019488811492919922e-01
2.022638320922851562e-01
2.047245502471923828e-01
2.028167247772216797e-01
1.999142169952392578e-01
2.034358978271484375e-01
2.032086849212646484e-01
2.050986289978027344e-01
2.085807323455810547e-01
2.097012996673583984e-01
2.060091495513916016e-01
2.039346694946289062e-01
2.099530696868896484e-01
2.090849876403808594e-01
2.039227485656738281e-01
2.086610794067382812e-01
2.092146873474121094e-01
2.029030323028564453e-01
2.836391925811767578e-01
3.552589416503906250e-01
3.421962261199951172e-01
3.409194946289062500e-01
2.742791175842285156e-01
2.029020786285400391e-01
2.013673782348632812e-01
2.009871006011962891e-01
2.711181640625000000e-01
3.529357910156250000e-01
3.476722240447998047e-01
3.362176418304443359e-01
3.383769989013671875e-01
3.523218631744384766e-01
2.835054397583007812e-01
1.978003978729248047e-01
2.884197235107421875e-01
3.842935562133789062e-01
3.775582313537597656e-01
2.945470809936523438e-01
2.161362171173095703e-01
2.112500667572021484e-01
2.952373027801513672e-01
3.135936260223388672e-01
3.091440200805664062e-01
2.915859222412109375e-01
2.117691040039062500e-01
2.831795215606689453e-01
2.746748924255371094e-01
1.915531158447265625e-01
1.924049854278564453e-01
2.792575359344482422e-01
3.598759174346923828e-01
2.823245525360107422e-01
2.002065181732177734e-01
1.944673061370849609e-01
1.986961364746093750e-01
2.089409828186035156e-01
2.127628326416015625e-01
2.081892490386962891e-01
2.805171012878417969e-01
2.767260074615478516e-01
1.989743709564208984e-01
2.589988708496093750e-01
2.576026916503906250e-01
2.660081386566162109e-01
2.701637744903564453e-01
1.935651302337646484e-01
2.637543678283691406e-01
2.681632041931152344e-01
2.014153003692626953e-01
2.017927169799804688e-01
2.741024494171142578e-01
3.499472141265869141e-01
3.391261100769042969e-01
2.671256065368652344e-01
2.006461620330810547e-01
2.697179317474365234e-01
2.721710205078125000e-01
2.754912376403808594e-01
2.729156017303466797e-01
1.976349353790283203e-01
1.961846351623535156e-01
1.961667537689208984e-01
2.016651630401611328e-01
2.032268047332763672e-01
2.749040126800537109e-01
2.746686935424804688e-01
2.752766609191894531e-01
2.731060981750488281e-01
1.973180770874023438e-01
2.047464847564697266e-01
2.029919624328613281e-01
1.966571807861328125e-01
2.710371017456054688e-01
2.720315456390380859e-01
1.970298290252685547e-01
2.148594856262207031e-01
2.200887203216552734e-01
2.012760639190673828e-01
2.121813297271728516e-01
2.186262607574462891e-01
2.147049903869628906e-01
2.153718471527099609e-01
2.117645740509033203e-01
2.081582546234130859e-01
2.084484100341796875e-01
2.141504287719726562e-01
1.993837356567382812e-01
1.864960193634033203e-01
1.874914169311523438e-01
1.872825622558593750e-01
1.885268688201904297e-01
1.891486644744873047e-01
2.611093521118164062e-01
2.607655525207519531e-01
1.891651153564453125e-01
1.902914047241210938e-01
1.900796890258789062e-01
1.902480125427246094e-01
1.915483474731445312e-01
1.920549869537353516e-01
1.970443725585937500e-01
2.013521194458007812e-01
2.008306980133056641e-01
1.945602893829345703e-01
2.620697021484375000e-01
2.643678188323974609e-01
1.986083984375000000e-01
1.976675987243652344e-01
1.981530189514160156e-01
1.976876258850097656e-01
2.643523216247558594e-01
2.724103927612304688e-01
2.639877796173095703e-01
2.561082839965820312e-01
1.954314708709716797e-01
1.987497806549072266e-01
2.010221481323242188e-01
2.002098560333251953e-01
2.746038436889648438e-01
2.743198871612548828e-01
2.033951282501220703e-01
2.070569992065429688e-01
2.862763404846191406e-01
2.801439762115478516e-01
1.890113353729248047e-01
2.640929222106933594e-01
3.382525444030761719e-01
2.644979953765869141e-01
1.899492740631103516e-01
1.933975219726562500e-01
2.012228965759277344e-01
2.747590541839599609e-01
2.204775810241699219e-01
1.478250026702880859e-01
2.150247097015380859e-01
2.159287929534912109e-01
2.039077281951904297e-01
2.032260894775390625e-01
2.763998508453369141e-01
3.576540946960449219e-01
2.816870212554931641e-01
2.762780189514160156e-01
3.650755882263183594e-01
3.365097045898437500e-01
2.516829967498779297e-01
2.025647163391113281e-01
1.986129283905029297e-01
2.016205787658691406e-01
2.068595886230468750e-01
2.064418792724609375e-01
2.768194675445556641e-01
3.432841300964355469e-01
3.355300426483154297e-01
3.162624835968017578e-01
3.245143890380859375e-01
3.498136997222900391e-01
3.369760513305664062e-01
2.831981182098388672e-01
2.215030193328857422e-01
1.998848915100097656e-01
1.953389644622802734e-01
1.888983249664306641e-01
1.933908462524414062e-01
2.024021148681640625e-01
2.048859596252441406e-01
2.754454612731933594e-01
3.173570632934570312e-01
2.441885471343994141e-01
2.663927078247070312e-01
3.359208106994628906e-01
3.461008071899414062e-01
3.005502223968505859e-01
2.246971130371093750e-01
2.045252323150634766e-01
2.065839767456054688e-01
2.041513919830322266e-01
1.999981403350830078e-01
1.972529888153076172e-01
1.962480545043945312e-01
2.019312381744384766e-01
2.047235965728759766e-01
2.047433853149414062e-01
1.999025344848632812e-01
1.960458755493164062e-01
2.028026580810546875e-01
2.084443569183349609e-01
2.054786682128906250e-01
1.991271972656250000e-01
2.014615535736083984e-01
2.069115638732910156e-01
2.034807205200195312e-01
1.999974250793457031e-01
2.003564834594726562e-01
2.040085792541503906e-01
2.073941230773925781e-01
2.043797969818115234e-01
2.033643722534179688e-01
2.044911384582519531e-01
2.011790275573730469e-01
1.938431262969970703e-01
2.641017436981201172e-01
3.451836109161376953e-01
2.754967212677001953e-01
2.013442516326904297e-01
2.079119682312011719e-01
2.029604911804199219e-01
1.984899044036865234e-01
1.989076137542724609e-01
2.003581523895263672e-01
2.051093578338623047e-01
2.053956985473632812e-01
2.056355476379394531e-01
2.030460834503173828e-01
1.972198486328125000e-01
1.971385478973388672e-01
1.982450485229492188e-01
1.972975730895996094e-01
1.969590187072753906e-01
1.991357803344726562e-01
1.990134716033935547e-01
1.976389884948730469e-01
2.710943222045898438e-01
2.709605693817138672e-01
2.025127410888671875e-01
2.699959278106689453e-01
2.660677433013916016e-01
2.626080513000488281e-01
2.628376483917236328e-01
2.657678127288818359e-01
2.630321979522705078e-01
2.713365554809570312e-01
3.504858016967773438e-01
3.563296794891357422e-01
2.778270244598388672e-01
1.972560882568359375e-01
2.670812606811523438e-01
2.622251510620117188e-01
2.701308727264404297e-01
2.830355167388916016e-01
2.786912918090820312e-01
2.681758403778076172e-01
2.687101364135742188e-01
3.390135765075683594e-01
3.510711193084716797e-01
3.464241027832031250e-01
2.586491107940673828e-01
1.916167736053466797e-01
1.959095001220703125e-01
2.420599460601806641e-01
2.396559715270996094e-01
2.684481143951416016e-01
2.673747539520263672e-01
2.399911880493164062e-01
3.210525512695312500e-01
3.486182689666748047e-01
3.432168960571289062e-01
2.687013149261474609e-01
2.682397365570068359e-01
2.661941051483154297e-01
1.957237720489501953e-01
2.007052898406982422e-01
2.717642784118652344e-01
3.404996395111083984e-01
2.642529010772705078e-01
1.979594230651855469e-01
1.982841491699218750e-01
1.945312023162841797e-01
1.991395950317382812e-01
2.020361423492431641e-01
1.966040134429931641e-01
1.945309638977050781e-01
1.976809501647949219e-01
1.933956146240234375e-01
2.002191543579101562e-01
2.050356864929199219e-01
2.728705406188964844e-01
3.442614078521728516e-01
2.724890708923339844e-01
2.269928455352783203e-01
2.204797267913818359e-01
1.998836994171142578e-01
2.046020030975341797e-01
2.657434940338134766e-01
2.652928829193115234e-01
1.989569664001464844e-01
2.701334953308105469e-01
2.661480903625488281e-01
1.986625194549560547e-01
2.010383605957031250e-01
2.760543823242187500e-01
3.471925258636474609e-01
2.678043842315673828e-01
2.546591758728027344e-01
3.278710842132568359e-01
3.412358760833740234e-01
2.183644771575927734e-01
1.583700180053710938e-01
2.197396755218505859e-01
2.168207168579101562e-01
2.116219997406005859e-01
2.901926040649414062e-01
2.847282886505126953e-01
2.673528194427490234e-01
2.711086273193359375e-01
2.399187088012695312e-01
3.090083599090576172e-01
3.518681526184082031e-01
3.537392616271972656e-01
3.523976802825927734e-01
2.855236530303955078e-01
2.089645862579345703e-01
1.987986564636230469e-01
2.706618309020996094e-01
2.760353088378906250e-01
2.804045677185058594e-01
2.883665561676025391e-01
2.179017066955566406e-01
2.129364013671875000e-01
2.050895690917968750e-01
2.007918357849121094e-01
2.112762928009033203e-01
2.875976562500000000e-01
2.821404933929443359e-01
2.160418033599853516e-01
2.889497280120849609e-01
3.384354114532470703e-01
2.647526264190673828e-01
2.076983451843261719e-01
2.034626007080078125e-01
2.781574726104736328e-01
2.918796539306640625e-01
2.663362026214599609e-01
2.547569274902343750e-01
2.046988010406494141e-01
2.044532299041748047e-01
2.028846740722656250e-01
2.095336914062500000e-01
2.060978412628173828e-01
2.784898281097412109e-01
3.530740737915039062e-01
2.725658416748046875e-01
2.011165618896484375e-01
1.923785209655761719e-01
1.857125759124755859e-01
1.929345130920410156e-01
2.397813796997070312e-01
3.081526756286621094e-01
3.408272266387939453e-01
2.722680568695068359e-01
1.922969818115234375e-01
1.931889057159423828e-01
2.028567790985107422e-01
2.546145915985107422e-01
2.541160583496093750e-01
2.072536945343017578e-01
2.055475711822509766e-01
1.982932090759277344e-01
2.005414962768554688e-01
2.045454978942871094e-01
2.013173103332519531e-01
2.004213333129882812e-01
2.030637264251708984e-01
1.984310150146484375e-01
1.964185237884521484e-01
2.007842063903808594e-01
1.972513198852539062e-01
1.937267780303955078e-01
1.966669559478759766e-01
2.078034877777099609e-01
2.896535396575927734e-01
3.277494907379150391e-01
2.451159954071044922e-01
1.979589462280273438e-01
2.028651237487792969e-01
2.092971801757812500e-01
2.072503566741943359e-01
2.047665119171142578e-01
2.155911922454833984e-01
2.187938690185546875e-01
2.866592407226562500e-01
3.610212802886962891e-01
3.590147495269775391e-01
3.519032001495361328e-01
2.767102718353271484e-01
2.043058872222900391e-01
2.005367279052734375e-01
2.019820213317871094e-01
2.046282291412353516e-01
2.070701122283935547e-01
2.931075096130371094e-01
3.646984100341796875e-01
3.491415977478027344e-01
3.423192501068115234e-01
3.512992858886718750e-01
3.752875328063964844e-01
3.876879215240478516e-01
3.142659664154052734e-01
3.111326694488525391e-01
3.134071826934814453e-01
2.298626899719238281e-01
2.461323738098144531e-01
2.375447750091552734e-01
2.021987438201904297e-01
2.222084999084472656e-01
2.274820804595947266e-01
2.807023525238037109e-01
3.596761226654052734e-01
2.962210178375244141e-01
2.925190925598144531e-01
3.672101497650146484e-01
3.619804382324218750e-01
2.817180156707763672e-01
2.314617633819580078e-01
2.553932666778564453e-01
2.603721618652343750e-01
2.629880905151367188e-01
2.990536689758300781e-01
3.477780818939208984e-01
2.998859882354736328e-01
2.260687351226806641e-01
2.143254280090332031e-01
2.186408042907714844e-01
2.292840480804443359e-01
2.265505790710449219e-01
2.118458747863769531e-01
2.091410160064697266e-01
2.759907245635986328e-01
2.709722518920898438e-01
2.552218437194824219e-01
2.689843177795410156e-01
2.704162597656250000e-01
2.660949230194091797e-01
2.138283252716064453e-01
2.827749252319335938e-01
3.670663833618164062e-01
2.920672893524169922e-01
2.058131694793701172e-01
2.081358432769775391e-01
2.054095268249511719e-01
2.112884521484375000e-01
2.290830612182617188e-01
2.226731777191162109e-01
2.282106876373291016e-01
2.980194091796875000e-01
2.792186737060546875e-01
2.172729969024658203e-01
2.412245273590087891e-01
2.409889698028564453e-01
3.011572360992431641e-01
3.005380630493164062e-01
2.199597358703613281e-01
2.093939781188964844e-01
2.770445346832275391e-01
2.797558307647705078e-01
2.129595279693603516e-01
2.153999805450439453e-01
2.096388339996337891e-01
2.080581188201904297e-01
1.558890342712402344e-01
1.574316024780273438e-01
2.089865207672119141e-01
2.832388877868652344e-01
3.594245910644531250e-01
3.657448291778564453e-01
2.840621471405029297e-01
2.044303417205810547e-01
2.859799861907958984e-01
3.423001766204833984e-01
3.413124084472656250e-01
2.836189270019531250e-01
2.092821598052978516e-01
2.841382026672363281e-01
3.521983623504638672e-01
2.881672382354736328e-01
3.012781143188476562e-01
3.427112102508544922e-01
3.272340297698974609e-01
3.366384506225585938e-01
3.481876850128173828e-01
3.561897277832031250e-01
3.595731258392333984e-01
2.818746566772460938e-01
2.675559520721435547e-01
3.568472862243652344e-01
3.716835975646972656e-01
2.882010936737060547e-01
2.873249053955078125e-01
3.590669631958007812e-01
2.709834575653076172e-01
1.972501277923583984e-01
2.487022876739501953e-01
2.489564418792724609e-01
2.588217258453369141e-01
2.587931156158447266e-01
1.936082839965820312e-01
1.944069862365722656e-01
1.994309425354003906e-01
1.979942321777343750e-01
2.861294746398925781e-01
3.189032077789306641e-01
3.064477443695068359e-01
3.538441658020019531e-01
2.865297794342041016e-01
2.186169624328613281e-01
2.104208469390869141e-01
2.009437084197998047e-01
2.872226238250732422e-01
4.538452625274658203e-01
4.527013301849365234e-01
3.452920913696289062e-01
2.926576137542724609e-01
2.323288917541503906e-01
2.120680809020996094e-01
2.111790180206298828e-01
1.987762451171875000e-01
2.018384933471679688e-01
2.055449485778808594e-01
2.053289413452148438e-01
2.051286697387695312e-01
2.690312862396240234e-01
3.493754863739013672e-01
3.443121910095214844e-01
2.638490200042724609e-01
2.010324001312255859e-01
2.042269706726074219e-01
2.083222866058349609e-01
1.998076438903808594e-01
1.931359767913818359e-01
1.986341476440429688e-01
2.766861915588378906e-01
3.520870208740234375e-01
2.727854251861572266e-01
1.926679611206054688e-01
2.618176937103271484e-01
2.711925506591796875e-01
2.078578472137451172e-01
1.985797882080078125e-01
2.790899276733398438e-01
3.384199142456054688e-01
2.511723041534423828e-01
1.975224018096923828e-01
2.696440219879150391e-01
3.338408470153808594e-01
3.335044384002685547e-01
3.373851776123046875e-01
3.065736293792724609e-01
2.316358089447021484e-01
1.897068023681640625e-01
2.007288932800292969e-01
2.010900974273681641e-01
1.978957653045654297e-01
2.075622081756591797e-01
1.989061832427978516e-01
1.861877441406250000e-01
1.877048015594482422e-01
1.984186172485351562e-01
2.032914161682128906e-01
1.957767009735107422e-01
1.897416114807128906e-01
2.120320796966552734e-01
2.162585258483886719e-01
2.030687332153320312e-01
2.030651569366455078e-01
1.987497806549072266e-01
2.043433189392089844e-01
2.059607505798339844e-01
2.041821479797363281e-01
2.067530155181884766e-01
2.008969783782958984e-01
1.988420486450195312e-01
2.021644115447998047e-01
1.945340633392333984e-01
1.898729801177978516e-01
1.923038959503173828e-01
2.099370956420898438e-01
2.128503322601318359e-01
1.951885223388671875e-01
1.993765830993652344e-01
2.050333023071289062e-01
1.999299526214599609e-01
2.514045238494873047e-01
3.222079277038574219e-01
2.626638412475585938e-01
1.915328502655029297e-01
1.954758167266845703e-01
2.004480361938476562e-01
2.000141143798828125e-01
2.615699768066406250e-01
3.346512317657470703e-01
3.336033821105957031e-01
2.575895786285400391e-01
1.964073181152343750e-01
2.045562267303466797e-01
2.778937816619873047e-01
3.561601638793945312e-01
3.234653472900390625e-01
2.424185276031494141e-01
2.719063758850097656e-01
3.514080047607421875e-01
3.566341400146484375e-01
2.955052852630615234e-01
2.384181022644042969e-01
2.307994365692138672e-01
2.123606204986572266e-01
2.783513069152832031e-01
2.716212272644042969e-01
2.664034366607666016e-01
2.673223018646240234e-01
2.582910060882568359e-01
2.536435127258300781e-01
1.876702308654785156e-01
1.927325725555419922e-01
1.972403526306152344e-01
1.963713169097900391e-01
2.001793384552001953e-01
2.012569904327392578e-01
1.928834915161132812e-01
1.896054744720458984e-01
1.941335201263427734e-01
1.986465454101562500e-01
1.996648311614990234e-01
1.505303382873535156e-01
1.558837890625000000e-01
2.916784286499023438e-01
2.906436920166015625e-01
2.110064029693603516e-01
2.075836658477783203e-01
2.084586620330810547e-01
2.108223438262939453e-01
2.040297985076904297e-01
2.026910781860351562e-01
2.878365516662597656e-01
3.616554737091064453e-01
3.585820198059082031e-01
3.319578170776367188e-01
2.517633438110351562e-01
2.026839256286621094e-01
2.043693065643310547e-01
2.071995735168457031e-01
2.050566673278808594e-01
1.981739997863769531e-01
1.968765258789062500e-01
1.987166404724121094e-01
1.994600296020507812e-01
1.964819431304931641e-01
1.955344676971435547e-01
1.985383033752441406e-01
1.968269348144531250e-01
1.987514495849609375e-01
1.993563175201416016e-01
2.645385265350341797e-01
3.478353023529052734e-01
3.612980842590332031e-01
3.659324645996093750e-01
3.056869506835937500e-01
2.180080413818359375e-01
2.470896244049072266e-01
2.435851097106933594e-01
2.654247283935546875e-01
3.503339290618896484e-01
3.415791988372802734e-01
2.622787952423095703e-01
2.035324573516845703e-01
2.028117179870605469e-01
1.987998485565185547e-01
2.020192146301269531e-01
2.061264514923095703e-01
2.045996189117431641e-01
2.012951374053955078e-01
1.975879669189453125e-01
1.955211162567138672e-01
2.706520557403564453e-01
3.494529724121093750e-01
3.453834056854248047e-01
2.684276103973388672e-01
1.986808776855468750e-01
1.994931697845458984e-01
1.986403465270996094e-01
1.970133781433105469e-01
2.850263118743896484e-01
3.200953006744384766e-01
3.066990375518798828e-01
2.707133293151855469e-01
1.955819129943847656e-01
2.535660266876220703e-01
2.544338703155517578e-01
1.929543018341064453e-01
1.935973167419433594e-01
1.997823715209960938e-01
1.973214149475097656e-01
2.582724094390869141e-01
2.594783306121826172e-01
2.663531303405761719e-01
2.652390003204345703e-01
1.991238594055175781e-01
2.001521587371826172e-01
1.966543197631835938e-01
2.710821628570556641e-01
2.702679634094238281e-01
1.923165321350097656e-01
1.888546943664550781e-01
1.997992992401123047e-01
2.092850208282470703e-01
2.799181938171386719e-01
3.571650981903076172e-01
3.639893531799316406e-01
2.844588756561279297e-01
1.999258995056152344e-01
1.967902183532714844e-01
2.317745685577392578e-01
2.992725372314453125e-01
3.405332565307617188e-01
3.461399078369140625e-01
3.432805538177490234e-01
3.352603912353515625e-01
3.385539054870605469e-01
3.511452674865722656e-01
2.853147983551025391e-01
2.075808048248291016e-01
1.987807750701904297e-01
2.049176692962646484e-01
2.003936767578125000e-01
1.998841762542724609e-01
2.100329399108886719e-01
2.225108146667480469e-01
2.169041633605957031e-01
1.989033222198486328e-01
2.030813694000244141e-01
2.702214717864990234e-01
2.733731269836425781e-01
2.183876037597656250e-01
2.208449840545654297e-01
2.769629955291748047e-01
2.948205471038818359e-01
3.022553920745849609e-01
3.478312492370605469e-01
2.945947647094726562e-01
3.032784461975097656e-01
3.132922649383544922e-01
2.658269405364990234e-01
2.403202056884765625e-01
2.074973583221435547e-01
2.010936737060546875e-01
1.995317935943603516e-01
2.679419517517089844e-01
3.406097888946533203e-01
3.353483676910400391e-01
3.314657211303710938e-01
2.901670932769775391e-01
3.033535480499267578e-01
2.842295169830322266e-01
2.225503921508789062e-01
2.943167686462402344e-01
3.456821441650390625e-01
2.722082138061523438e-01
2.014484405517578125e-01
2.003085613250732422e-01
1.979203224182128906e-01
1.968646049499511719e-01
2.026734352111816406e-01
2.071621417999267578e-01
2.116332054138183594e-01
2.145087718963623047e-01
2.894251346588134766e-01
2.893767356872558594e-01
2.155389785766601562e-01
2.136080265045166016e-01
2.038023471832275391e-01
