9.056901931762695312e-02
1.811676025390625000e-01
1.779301166534423828e-01
1.760010719299316406e-01
2.445282936096191406e-01
3.001949787139892578e-01
2.912662029266357422e-01
2.315580844879150391e-01
2.438874244689941406e-01
3.088409900665283203e-01
3.037128448486328125e-01
2.413711547851562500e-01
2.427525520324707031e-01
2.457232475280761719e-01
2.541713714599609375e-01
3.280923366546630859e-01
2.704730033874511719e-01
1.955962181091308594e-01
1.831386089324951172e-01
1.842496395111083984e-01
1.793723106384277344e-01
1.784546375274658203e-01
2.549035549163818359e-01
2.532660961151123047e-01
1.786761283874511719e-01
1.795077323913574219e-01
2.394225597381591797e-01
3.144578933715820312e-01
3.226449489593505859e-01
3.322048187255859375e-01
2.683880329132080078e-01
2.596237659454345703e-01
3.328030109405517578e-01
3.097207546234130859e-01
2.364287376403808594e-01
1.898913383483886719e-01
1.950650215148925781e-01
2.739903926849365234e-01
3.417539596557617188e-01
3.356759548187255859e-01
3.343200683593750000e-01
3.160302639007568359e-01
2.432787418365478516e-01
1.878721714019775391e-01
1.853189468383789062e-01
1.845784187316894531e-01
1.883888244628906250e-01
1.888382434844970703e-01
1.819713115692138672e-01
1.794369220733642578e-01
2.590663433074951172e-01
3.251097202301025391e-01
3.127856254577636719e-01
3.194208145141601562e-01
2.930324077606201172e-01
2.979516983032226562e-01
2.632253170013427734e-01
1.941959857940673828e-01
1.913516521453857422e-01
1.836898326873779297e-01
2.544462680816650391e-01
3.244059085845947266e-01
3.222341537475585938e-01
3.256673812866210938e-01
2.838647365570068359e-01
2.103283405303955078e-01
2.588856220245361328e-01
3.174004554748535156e-01
3.214137554168701172e-01
3.203647136688232422e-01
3.369622230529785156e-01
3.766353130340576172e-01
3.641855716705322266e-01
3.558166027069091797e-01
3.623304367065429688e-01
3.502790927886962891e-01
3.334953784942626953e-01
3.338394165039062500e-01
3.333559036254882812e-01
2.648580074310302734e-01
2.153935432434082031e-01
2.126233577728271484e-01
2.619187831878662109e-01
3.229002952575683594e-01
3.104114532470703125e-01
3.185403347015380859e-01
2.699699401855468750e-01
2.133982181549072266e-01
2.170345783233642578e-01
2.469286918640136719e-01
3.056395053863525391e-01
2.984194755554199219e-01
3.007426261901855469e-01
3.290867805480957031e-01
4.229507446289062500e-01
3.514094352722167969e-01
2.499010562896728516e-01
2.532894611358642578e-01
2.015655040740966797e-01
2.331080436706542969e-01
2.238373756408691406e-01
2.514326572418212891e-01
2.440207004547119141e-01
2.615685462951660156e-01
3.187310695648193359e-01
2.463424205780029297e-01
1.996850967407226562e-01
2.092933654785156250e-01
2.097842693328857422e-01
2.122151851654052734e-01
2.103016376495361328e-01
1.974241733551025391e-01
2.692046165466308594e-01
3.426132202148437500e-01
3.359425067901611328e-01
2.623956203460693359e-01
2.673735618591308594e-01
3.311414718627929688e-01
3.188199996948242188e-01
2.579350471496582031e-01
2.165997028350830078e-01
2.098691463470458984e-01
2.679750919342041016e-01
3.452692031860351562e-01
2.665827274322509766e-01
2.101607322692871094e-01
2.237706184387207031e-01
2.109677791595458984e-01
2.044718265533447266e-01
2.728655338287353516e-01
2.641859054565429688e-01
1.881766319274902344e-01
2.565877437591552734e-01
3.273551464080810547e-01
3.304679393768310547e-01
3.431186676025390625e-01
3.476600646972656250e-01
2.798209190368652344e-01
2.119135856628417969e-01
2.087051868438720703e-01
2.843008041381835938e-01
2.997984886169433594e-01
2.181148529052734375e-01
1.933100223541259766e-01
1.981587409973144531e-01
2.113199234008789062e-01
2.273371219635009766e-01
2.171990871429443359e-01
2.034397125244140625e-01
2.093045711517333984e-01
2.818744182586669922e-01
2.778987884521484375e-01
2.033517360687255859e-01
2.147893905639648438e-01
2.098665237426757812e-01
2.006466388702392578e-01
2.072174549102783203e-01
2.610318660736083984e-01
3.142066001892089844e-01
3.229625225067138672e-01
3.350324630737304688e-01
3.362276554107666016e-01
2.531576156616210938e-01
2.560043334960937500e-01
2.900371551513671875e-01
2.743732929229736328e-01
3.133878707885742188e-01
2.692308425903320312e-01
2.812702655792236328e-01
2.690095901489257812e-01
2.768273353576660156e-01
3.539848327636718750e-01
3.533828258514404297e-01
3.556971549987792969e-01
3.622941970825195312e-01
3.648865222930908203e-01
3.585577011108398438e-01
3.481037616729736328e-01
2.763991355895996094e-01
2.889950275421142578e-01
2.830739021301269531e-01
2.049231529235839844e-01
2.769601345062255859e-01
2.831764221191406250e-01
2.223572731018066406e-01
2.134053707122802734e-01
2.063381671905517578e-01
2.070000171661376953e-01
2.869932651519775391e-01
3.578519821166992188e-01
2.760722637176513672e-01
2.223327159881591797e-01
2.308473587036132812e-01
2.242782115936279297e-01
2.962944507598876953e-01
3.577294349670410156e-01
3.512837886810302734e-01
3.551490306854248047e-01
2.826380729675292969e-01
2.084634304046630859e-01
2.098655700683593750e-01
2.149891853332519531e-01
2.140767574310302734e-01
2.838447093963623047e-01
2.778375148773193359e-01
2.304322719573974609e-01
2.298130989074707031e-01
2.013564109802246094e-01
2.557160854339599609e-01
3.158450126647949219e-01
2.693693637847900391e-01
2.847447395324707031e-01
3.426885604858398438e-01
3.443100452423095703e-01
3.278331756591796875e-01
2.824265956878662109e-01
2.303366661071777344e-01
1.990599632263183594e-01
2.661886215209960938e-01
2.631287574768066406e-01
2.062935829162597656e-01
2.130391597747802734e-01
2.149956226348876953e-01
2.112698554992675781e-01
1.990618705749511719e-01
1.934144496917724609e-01
1.991164684295654297e-01
2.786953449249267578e-01
3.243780136108398438e-01
3.107686042785644531e-01
3.380448818206787109e-01
3.630924224853515625e-01
3.732359409332275391e-01
3.495225906372070312e-01
2.890782356262207031e-01
3.039431571960449219e-01
2.852094173431396484e-01
2.773427963256835938e-01
2.770385742187500000e-01
2.099471092224121094e-01
2.072174549102783203e-01
2.006192207336425781e-01
1.945390701293945312e-01
1.933832168579101562e-01
2.858545780181884766e-01
3.674361705780029297e-01
3.432323932647705078e-01
3.517291545867919922e-01
2.997500896453857422e-01
2.108247280120849609e-01
2.056183815002441406e-01
2.053089141845703125e-01
2.520365715026855469e-01
3.172535896301269531e-01
3.315639495849609375e-01
2.692608833312988281e-01
1.997270584106445312e-01
2.636139392852783203e-01
2.563939094543457031e-01
2.698111534118652344e-01
3.652758598327636719e-01
3.559536933898925781e-01
3.429145812988281250e-01
3.354249000549316406e-01
2.558605670928955078e-01
1.997001171112060547e-01
2.288641929626464844e-01
2.639954090118408203e-01
2.472286224365234375e-01
2.190742492675781250e-01
2.075934410095214844e-01
1.967177391052246094e-01
1.932144165039062500e-01
1.857719421386718750e-01
2.589344978332519531e-01
2.598013877868652344e-01
1.992311477661132812e-01
2.723793983459472656e-01
3.365528583526611328e-01
3.094136714935302734e-01
2.370200157165527344e-01
1.960315704345703125e-01
1.956982612609863281e-01
2.629463672637939453e-01
3.505773544311523438e-01
2.897524833679199219e-01
2.063331604003906250e-01
2.069799900054931641e-01
2.080538272857666016e-01
2.206201553344726562e-01
3.041620254516601562e-01
3.717205524444580078e-01
3.717010021209716797e-01
3.710870742797851562e-01
3.064870834350585938e-01
2.177639007568359375e-01
2.143700122833251953e-01
2.152290344238281250e-01
1.941978931427001953e-01
2.487430572509765625e-01
2.554841041564941406e-01
1.998579502105712891e-01
2.483043670654296875e-01
3.221926689147949219e-01
3.481853008270263672e-01
3.324382305145263672e-01
2.558317184448242188e-01
1.947140693664550781e-01
2.305865287780761719e-01
2.913453578948974609e-01
3.341643810272216797e-01
2.877349853515625000e-01
2.731227874755859375e-01
2.656979560852050781e-01
2.093787193298339844e-01
2.871246337890625000e-01
3.562016487121582031e-01
3.498728275299072266e-01
3.456325531005859375e-01
3.449056148529052734e-01
3.346674442291259766e-01
3.435180187225341797e-01
2.907516956329345703e-01
2.793331146240234375e-01
3.403973579406738281e-01
2.270035743713378906e-01
2.254633903503417969e-01
2.764968872070312500e-01
2.055034637451171875e-01
1.969854831695556641e-01
2.021062374114990234e-01
2.097427845001220703e-01
2.156176567077636719e-01
2.756497859954833984e-01
3.470642566680908203e-01
3.171713352203369141e-01
3.047926425933837891e-01
3.451869487762451172e-01
2.903950214385986328e-01
3.062634468078613281e-01
3.622713088989257812e-01
2.765722274780273438e-01
2.115850448608398438e-01
2.117109298706054688e-01
2.326173782348632812e-01
2.327828407287597656e-01
2.150752544403076172e-01
2.116866111755371094e-01
2.718257904052734375e-01
3.515427112579345703e-01
3.017399311065673828e-01
3.102109432220458984e-01
3.821997642517089844e-01
3.075456619262695312e-01
3.055050373077392578e-01
3.055613040924072266e-01
2.413589954376220703e-01
2.223501205444335938e-01
2.784712314605712891e-01
3.578791618347167969e-01
3.488934040069580078e-01
2.730574607849121094e-01
2.044544219970703125e-01
2.760717868804931641e-01
2.728538513183593750e-01
2.028884887695312500e-01
2.772669792175292969e-01
2.762579917907714844e-01
2.061502933502197266e-01
2.447998523712158203e-01
2.859256267547607422e-01
2.463290691375732422e-01
2.010469436645507812e-01
2.787609100341796875e-01
3.523449897766113281e-01
2.697265148162841797e-01
2.773513793945312500e-01
3.542795181274414062e-01
3.491926193237304688e-01
3.327939510345458984e-01
3.362193107604980469e-01
2.795517444610595703e-01
2.766907215118408203e-01
2.752821445465087891e-01
2.716493606567382812e-01
2.699034214019775391e-01
2.785880565643310547e-01
3.197000026702880859e-01
2.374942302703857422e-01
2.003462314605712891e-01
2.773807048797607422e-01
3.466618061065673828e-01
2.768497467041015625e-01
2.043271064758300781e-01
1.940965652465820312e-01
2.725956439971923828e-01
2.740731239318847656e-01
2.732298374176025391e-01
3.519992828369140625e-01
3.350422382354736328e-01
2.561383247375488281e-01
1.989817619323730469e-01
1.977810859680175781e-01
1.994678974151611328e-01
2.036921977996826172e-01
2.655189037322998047e-01
2.629528045654296875e-01
1.973092555999755859e-01
2.010912895202636719e-01
2.039599418640136719e-01
2.012791633605957031e-01
2.794213294982910156e-01
2.823216915130615234e-01
2.714290618896484375e-01
3.358709812164306641e-01
3.372797966003417969e-01
3.365514278411865234e-01
3.366274833679199219e-01
3.405268192291259766e-01
3.378617763519287109e-01
2.687957286834716797e-01
1.998188495635986328e-01
1.965563297271728516e-01
1.974816322326660156e-01
1.982328891754150391e-01
1.965003013610839844e-01
2.643480300903320312e-01
2.662389278411865234e-01
2.010543346405029297e-01
2.557280063629150391e-01
2.541854381561279297e-01
2.508432865142822266e-01
3.218729496002197266e-01
3.419737815856933594e-01
3.330261707305908203e-01
3.361475467681884766e-01
3.465564250946044922e-01
2.740938663482666016e-01
2.753307819366455078e-01
3.442866802215576172e-01
3.424460887908935547e-01
3.416078090667724609e-01
2.743663787841796875e-01
2.031981945037841797e-01
2.003157138824462891e-01
2.711493968963623047e-01
2.697515487670898438e-01
2.743496894836425781e-01
3.375024795532226562e-01
2.622613906860351562e-01
1.963417530059814453e-01
1.980545520782470703e-01
1.995162963867187500e-01
1.930787563323974609e-01
1.973047256469726562e-01
2.701165676116943359e-01
2.683997154235839844e-01
1.957962512969970703e-01
1.921076774597167969e-01
1.920421123504638672e-01
1.950557231903076172e-01
2.672209739685058594e-01
2.675843238830566406e-01
2.658839225769042969e-01
2.635416984558105469e-01
2.577359676361083984e-01
2.596321105957031250e-01
1.987695693969726562e-01
2.657394409179687500e-01
2.614641189575195312e-01
1.874516010284423828e-01
2.687294483184814453e-01
2.735135555267333984e-01
1.907198429107666016e-01
1.885716915130615234e-01
1.931898593902587891e-01
1.909539699554443359e-01
1.867940425872802734e-01
2.028410434722900391e-01
2.778832912445068359e-01
2.645592689514160156e-01
2.720749378204345703e-01
2.751324176788330078e-01
1.995272636413574219e-01
1.973063945770263672e-01
1.953577995300292969e-01
1.924860477447509766e-01
2.595901489257812500e-01
2.172863483428955078e-01
1.529810428619384766e-01
2.901101112365722656e-01
2.878680229187011719e-01
1.971855163574218750e-01
1.946382522583007812e-01
1.980381011962890625e-01
2.013061046600341797e-01
2.024810314178466797e-01
2.060921192169189453e-01
1.991231441497802734e-01
1.980504989624023438e-01
2.031943798065185547e-01
2.017285823822021484e-01
2.010180950164794922e-01
2.724680900573730469e-01
2.763195037841796875e-01
2.540211677551269531e-01
3.263666629791259766e-01
3.433716297149658203e-01
3.181345462799072266e-01
2.608780860900878906e-01
2.846491336822509766e-01
2.781190872192382812e-01
2.599682807922363281e-01
2.534503936767578125e-01
2.676193714141845703e-01
3.346645832061767578e-01
2.567579746246337891e-01
1.887853145599365234e-01
2.615122795104980469e-01
2.678472995758056641e-01
1.994946002960205078e-01
1.922936439514160156e-01
1.933753490447998047e-01
2.700500488281250000e-01
2.667174339294433594e-01
1.919989585876464844e-01
1.916768550872802734e-01
2.524652481079101562e-01
2.531211376190185547e-01
1.903991699218750000e-01
1.883559226989746094e-01
1.898300647735595703e-01
1.952102184295654297e-01
2.449214458465576172e-01
2.438235282897949219e-01
1.916742324829101562e-01
1.902790069580078125e-01
1.921801567077636719e-01
1.888530254364013672e-01
2.038550376892089844e-01
2.747907638549804688e-01
2.602303028106689453e-01
1.922414302825927734e-01
2.607874870300292969e-01
2.616226673126220703e-01
1.913552284240722656e-01
1.878640651702880859e-01
1.852693557739257812e-01
1.847865581512451172e-01
1.893584728240966797e-01
1.936984062194824219e-01
2.703356742858886719e-01
3.469533920288085938e-01
3.214712142944335938e-01
2.387075424194335938e-01
2.598032951354980469e-01
2.678713798522949219e-01
1.976258754730224609e-01
1.993341445922851562e-01
2.006309032440185547e-01
1.925802230834960938e-01
1.859717369079589844e-01
2.313702106475830078e-01
2.341666221618652344e-01
2.685005664825439453e-01
2.716100215911865234e-01
2.396192550659179688e-01
2.416770458221435547e-01
2.008676528930664062e-01
1.992371082305908203e-01
1.956951618194580078e-01
1.952035427093505859e-01
1.975889205932617188e-01
2.688570022583007812e-01
3.448402881622314453e-01
3.272762298583984375e-01
2.498998641967773438e-01
2.698442935943603516e-01
3.422944545745849609e-01
3.412954807281494141e-01
3.493940830230712891e-01
3.176834583282470703e-01
2.342197895050048828e-01
1.908304691314697266e-01
1.962606906890869141e-01
1.998825073242187500e-01
2.294654846191406250e-01
2.241842746734619141e-01
1.896696090698242188e-01
1.922562122344970703e-01
1.938648223876953125e-01
1.966354846954345703e-01
2.003133296966552734e-01
2.737793922424316406e-01
3.478617668151855469e-01
3.508956432342529297e-01
2.723507881164550781e-01
1.969964504241943359e-01
2.014224529266357422e-01
2.731149196624755859e-01
2.898714542388916016e-01
2.111380100250244141e-01
2.543530464172363281e-01
2.573406696319580078e-01
2.726011276245117188e-01
2.780389785766601562e-01
2.669188976287841797e-01
3.401699066162109375e-01
3.455934524536132812e-01
2.643461227416992188e-01
1.923365592956542969e-01
1.992521286010742188e-01
1.993019580841064453e-01
1.958873271942138672e-01
1.913888454437255859e-01
3.091542720794677734e-01
3.111264705657958984e-01
1.918113231658935547e-01
1.916759014129638672e-01
1.860196590423583984e-01
1.832833290100097656e-01
2.572417259216308594e-01
2.586390972137451172e-01
1.914436817169189453e-01
2.670583724975585938e-01
2.660021781921386719e-01
1.916995048522949219e-01
1.951673030853271484e-01
2.686257362365722656e-01
3.376269340515136719e-01
3.306565284729003906e-01
2.573783397674560547e-01
2.028796672821044922e-01
2.022945880889892578e-01
2.579460144042968750e-01
2.633106708526611328e-01
1.980128288269042969e-01
2.389733791351318359e-01
2.368237972259521484e-01
2.506766319274902344e-01
2.516622543334960938e-01
1.916236877441406250e-01
1.944198608398437500e-01
1.940159797668457031e-01
2.585158348083496094e-01
2.574114799499511719e-01
1.899874210357666016e-01
1.935522556304931641e-01
2.672722339630126953e-01
2.862091064453125000e-01
2.406768798828125000e-01
2.118999958038330078e-01
2.554631233215332031e-01
3.495972156524658203e-01
3.609802722930908203e-01
3.727152347564697266e-01
3.677575588226318359e-01
3.473424911499023438e-01
3.572173118591308594e-01
3.684589862823486328e-01
3.645002841949462891e-01
3.573374748229980469e-01
3.588762283325195312e-01
3.724637031555175781e-01
3.376054763793945312e-01
3.205075263977050781e-01
3.483862876892089844e-01
3.251011371612548828e-01
3.294489383697509766e-01
3.680014610290527344e-01
3.603966236114501953e-01
3.496415615081787109e-01
3.232588768005371094e-01
3.273444175720214844e-01
2.807109355926513672e-01
2.023339271545410156e-01
2.087275981903076172e-01
2.085874080657958984e-01
2.770268917083740234e-01
3.449451923370361328e-01
2.957389354705810547e-01
2.217493057250976562e-01
2.772951126098632812e-01
3.400161266326904297e-01
2.604634761810302734e-01
2.457296848297119141e-01
2.513773441314697266e-01
2.724800109863281250e-01
2.617070674896240234e-01
1.926219463348388672e-01
2.026767730712890625e-01
2.047333717346191406e-01
2.704050540924072266e-01
3.612153530120849609e-01
3.768265247344970703e-01
3.566915988922119141e-01
3.592476844787597656e-01
3.833658695220947266e-01
3.773014545440673828e-01
3.550853729248046875e-01
3.597254753112792969e-01
3.789548873901367188e-01
3.171815872192382812e-01
3.016085624694824219e-01
3.626344203948974609e-01
3.647048473358154297e-01
3.545355796813964844e-01
3.490099906921386719e-01
3.384149074554443359e-01
3.375878334045410156e-01
2.631812095642089844e-01
2.758669853210449219e-01
3.573372364044189453e-01
3.462171554565429688e-01
3.355078697204589844e-01
2.590246200561523438e-01
2.674200534820556641e-01
2.717144489288330078e-01
2.035143375396728516e-01
2.739825248718261719e-01
2.688078880310058594e-01
2.578198909759521484e-01
2.579834461212158203e-01
1.937954425811767578e-01
1.872255802154541016e-01
1.859865188598632812e-01
1.916701793670654297e-01
1.898901462554931641e-01
1.957602500915527344e-01
1.969296932220458984e-01
2.587697505950927734e-01
3.266220092773437500e-01
3.371026515960693359e-01
3.463683128356933594e-01
3.380370140075683594e-01
2.649211883544921875e-01
2.734973430633544922e-01
2.719564437866210938e-01
1.918702125549316406e-01
1.908204555511474609e-01
1.918172836303710938e-01
1.933248043060302734e-01
1.899917125701904297e-01
1.881475448608398438e-01
2.587974071502685547e-01
2.592535018920898438e-01
1.937546730041503906e-01
2.681620121002197266e-01
2.620220184326171875e-01
2.335762977600097656e-01
3.176233768463134766e-01
2.742190361022949219e-01
2.715959548950195312e-01
3.235139846801757812e-01
2.468256950378417969e-01
1.900749206542968750e-01
2.502338886260986328e-01
3.313269615173339844e-01
2.726037502288818359e-01
1.962597370147705078e-01
1.931467056274414062e-01
1.913006305694580078e-01
2.646186351776123047e-01
2.723011970520019531e-01
2.827045917510986328e-01
3.390138149261474609e-01
2.658791542053222656e-01
2.060029506683349609e-01
2.591187953948974609e-01
3.118844032287597656e-01
2.413263320922851562e-01
2.225811481475830078e-01
2.267150878906250000e-01
1.832077503204345703e-01
2.570722103118896484e-01
2.553613185882568359e-01
1.814451217651367188e-01
2.588562965393066406e-01
3.298141956329345703e-01
3.249456882476806641e-01
3.219366073608398438e-01
2.511725425720214844e-01
2.571072578430175781e-01
2.568385601043701172e-01
1.871228218078613281e-01
2.539455890655517578e-01
2.520928382873535156e-01
2.554569244384765625e-01
2.607274055480957031e-01
1.905567646026611328e-01
1.885161399841308594e-01
2.678291797637939453e-01
2.646849155426025391e-01
1.901614665985107422e-01
1.903843879699707031e-01
1.894562244415283203e-01
1.918780803680419922e-01
1.912903785705566406e-01
1.877710819244384766e-01
2.547373771667480469e-01
2.580504417419433594e-01
1.909649372100830078e-01
1.936726570129394531e-01
2.017242908477783203e-01
1.991434097290039062e-01
2.600631713867187500e-01
2.616968154907226562e-01
1.941916942596435547e-01
1.916227340698242188e-01
1.914494037628173828e-01
2.631232738494873047e-01
2.610759735107421875e-01
1.879217624664306641e-01
1.904923915863037109e-01
1.455502510070800781e-01
1.565406322479248047e-01
2.236275672912597656e-01
2.236771583557128906e-01
2.165627479553222656e-01
2.129864692687988281e-01
2.057485580444335938e-01
2.799701690673828125e-01
2.774450778961181641e-01
2.759814262390136719e-01
2.760360240936279297e-01
1.985194683074951172e-01
2.016685009002685547e-01
2.741360664367675781e-01
2.718398571014404297e-01
2.674791812896728516e-01
2.623507976531982422e-01
2.659478187561035156e-01
2.663533687591552734e-01
2.273206710815429688e-01
2.326536178588867188e-01
1.988201141357421875e-01
1.955325603485107422e-01
1.908719539642333984e-01
1.857545375823974609e-01
2.529437541961669922e-01
3.225531578063964844e-01
3.326373100280761719e-01
3.158323764801025391e-01
3.024232387542724609e-01
3.286740779876708984e-01
3.348236083984375000e-01
3.115532398223876953e-01
3.075077533721923828e-01
2.556056976318359375e-01
1.929721832275390625e-01
1.903102397918701172e-01
1.863563060760498047e-01
2.617986202239990234e-01
2.673575878143310547e-01
1.971726417541503906e-01
1.913418769836425781e-01
1.848657131195068359e-01
1.906661987304687500e-01
2.350142002105712891e-01
2.301092147827148438e-01
2.485826015472412109e-01
2.472171783447265625e-01
1.845941543579101562e-01
2.587170600891113281e-01
2.582204341888427734e-01
2.621912956237792969e-01
3.270287513732910156e-01
2.508916854858398438e-01
1.880342960357666016e-01
2.553758621215820312e-01
3.270475864410400391e-01
3.173775672912597656e-01
2.456512451171875000e-01
2.554013729095458984e-01
2.977037429809570312e-01
2.300086021423339844e-01
1.903860569000244141e-01
1.893498897552490234e-01
2.307972908020019531e-01
2.326626777648925781e-01
2.576751708984375000e-01
3.233554363250732422e-01
3.207271099090576172e-01
3.267722129821777344e-01
3.238301277160644531e-01
2.515020370483398438e-01
2.567391395568847656e-01
2.539088726043701172e-01
2.502677440643310547e-01
2.455174922943115234e-01
1.799130439758300781e-01
2.534742355346679688e-01
3.266670703887939453e-01
3.345360755920410156e-01
3.378703594207763672e-01
3.298685550689697266e-01
2.506237030029296875e-01
1.843333244323730469e-01
2.535862922668457031e-01
2.521362304687500000e-01
2.488567829132080078e-01
2.489280700683593750e-01
2.535262107849121094e-01
2.542164325714111328e-01
2.648594379425048828e-01
3.251068592071533203e-01
2.467570304870605469e-01
1.865432262420654297e-01
1.799421310424804688e-01
1.792337894439697266e-01
1.869394779205322266e-01
1.885485649108886719e-01
1.844832897186279297e-01
1.831300258636474609e-01
1.858348846435546875e-01
1.880085468292236328e-01
1.875495910644531250e-01
2.536225318908691406e-01
2.564020156860351562e-01
2.615756988525390625e-01
2.593867778778076172e-01
2.638597488403320312e-01
3.192272186279296875e-01
2.461938858032226562e-01
2.583200931549072266e-01
3.289573192596435547e-01
2.589597702026367188e-01
1.810188293457031250e-01
2.468485832214355469e-01
3.152081966400146484e-01
2.491123676300048828e-01
2.570369243621826172e-01
3.054943084716796875e-01
3.015551567077636719e-01
3.005952835083007812e-01
3.002798557281494141e-01
2.805981636047363281e-01
2.139730453491210938e-01
1.926944255828857422e-01
1.967482566833496094e-01
1.912729740142822266e-01
1.876440048217773438e-01
1.921074390411376953e-01
1.911554336547851562e-01
1.909871101379394531e-01
1.883668899536132812e-01
2.570171356201171875e-01
3.277568817138671875e-01
3.197433948516845703e-01
3.094253540039062500e-01
2.415816783905029297e-01
2.459106445312500000e-01
2.516393661499023438e-01
1.888098716735839844e-01
1.860134601593017578e-01
1.884558200836181641e-01
1.877577304840087891e-01
2.568967342376708984e-01
3.381381034851074219e-01
3.444535732269287109e-01
3.306376934051513672e-01
2.505378723144531250e-01
1.862161159515380859e-01
2.692852020263671875e-01
3.368186950683593750e-01
3.315515518188476562e-01
3.221471309661865234e-01
3.151993751525878906e-01
2.521817684173583984e-01
1.816079616546630859e-01
2.653794288635253906e-01
3.410274982452392578e-01
2.588078975677490234e-01
2.539119720458984375e-01
2.570128440856933594e-01
1.972179412841796875e-01
1.993086338043212891e-01
1.854288578033447266e-01
2.602031230926513672e-01
2.761380672454833984e-01
2.868981361389160156e-01
3.552227020263671875e-01
2.775993347167968750e-01
2.079029083251953125e-01
2.082417011260986328e-01
2.801351547241210938e-01
3.088042736053466797e-01
2.365534305572509766e-01
2.836172580718994141e-01
2.811641693115234375e-01
2.033090591430664062e-01
2.055556774139404297e-01
2.785742282867431641e-01
2.781977653503417969e-01
2.075297832489013672e-01
2.804975509643554688e-01
2.782504558563232422e-01
2.471730709075927734e-01
2.496891021728515625e-01
2.061533927917480469e-01
2.719483375549316406e-01
3.511834144592285156e-01
2.893350124359130859e-01
2.175829410552978516e-01
2.237207889556884766e-01
2.292428016662597656e-01
2.189300060272216797e-01
2.050824165344238281e-01
2.203030586242675781e-01
2.207412719726562500e-01
1.987693309783935547e-01
1.974866390228271484e-01
2.513954639434814453e-01
3.154008388519287109e-01
3.373422622680664062e-01
2.778444290161132812e-01
2.047982215881347656e-01
2.046437263488769531e-01
2.058069705963134766e-01
2.036476135253906250e-01
2.010161876678466797e-01
2.784659862518310547e-01
2.827484607696533203e-01
2.625641822814941406e-01
3.291895389556884766e-01
2.635481357574462891e-01
1.889872550964355469e-01
1.911714076995849609e-01
2.666409015655517578e-01
2.727210521697998047e-01
1.963751316070556641e-01
2.359168529510498047e-01
2.375192642211914062e-01
1.967856884002685547e-01
2.535672187805175781e-01
3.264787197113037109e-01
3.497085571289062500e-01
3.462972640991210938e-01
3.392038345336914062e-01
2.687182426452636719e-01
1.979036331176757812e-01
2.596268653869628906e-01
3.213801383972167969e-01
3.377597332000732422e-01
2.780025005340576172e-01
2.585580348968505859e-01
2.561795711517333984e-01
2.749993801116943359e-01
2.789785861968994141e-01
2.044117450714111328e-01
2.905762195587158203e-01
3.158550262451171875e-01
2.313113212585449219e-01
2.391860485076904297e-01
2.346029281616210938e-01
2.004716396331787109e-01
2.022740840911865234e-01
2.034971714019775391e-01
1.990625858306884766e-01
2.827537059783935547e-01
2.959606647491455078e-01
2.836003303527832031e-01
3.553497791290283203e-01
3.622064590454101562e-01
3.392789363861083984e-01
3.356497287750244141e-01
3.487610816955566406e-01
2.700572013854980469e-01
2.665703296661376953e-01
2.647800445556640625e-01
2.690892219543457031e-01
3.278949260711669922e-01
2.549328804016113281e-01
2.003774642944335938e-01
2.545857429504394531e-01
3.436343669891357422e-01
3.527998924255371094e-01
3.561208248138427734e-01
3.844211101531982422e-01
3.857555389404296875e-01
3.847608566284179688e-01
3.785538673400878906e-01
3.730196952819824219e-01
2.851676940917968750e-01
2.832806110382080078e-01
2.865264415740966797e-01
2.925350666046142578e-01
2.888786792755126953e-01
2.862422466278076172e-01
3.699750900268554688e-01
2.858431339263916016e-01
2.118568420410156250e-01
2.227370738983154297e-01
2.135004997253417969e-01
2.162902355194091797e-01
3.080530166625976562e-01
3.057157993316650391e-01
2.300784587860107422e-01
2.189323902130126953e-01
2.068285942077636719e-01
2.343327999114990234e-01
2.376909255981445312e-01
2.131080627441406250e-01
2.897601127624511719e-01
3.655583858489990234e-01
3.606147766113281250e-01
2.821667194366455078e-01
2.060279846191406250e-01
1.994836330413818359e-01
1.950705051422119141e-01
2.566158771514892578e-01
3.409812450408935547e-01
3.156020641326904297e-01
2.378184795379638672e-01
2.087001800537109375e-01
2.141404151916503906e-01
3.005726337432861328e-01
2.930679321289062500e-01
2.029950618743896484e-01
2.086174488067626953e-01
2.105858325958251953e-01
2.769322395324707031e-01
3.520596027374267578e-01
2.843606472015380859e-01
2.855713367462158203e-01
2.791898250579833984e-01
2.758209705352783203e-01
3.633143901824951172e-01
3.003623485565185547e-01
2.275211811065673828e-01
2.993259429931640625e-01
3.683845996856689453e-01
3.651003837585449219e-01
3.463304042816162109e-01
3.357057571411132812e-01
3.582828044891357422e-01
3.753924369812011719e-01
3.698849678039550781e-01
2.859241962432861328e-01
1.998414993286132812e-01
1.467485427856445312e-01
2.122602462768554688e-01
3.544049263000488281e-01
3.718130588531494141e-01
2.813227176666259766e-01
2.033493518829345703e-01
2.687416076660156250e-01
3.471970558166503906e-01
2.828443050384521484e-01
2.647438049316406250e-01
3.424241542816162109e-01
3.749942779541015625e-01
3.849267959594726562e-01
2.901911735534667969e-01
1.976590156555175781e-01
1.995072364807128906e-01
2.051429748535156250e-01
2.593111991882324219e-01
3.359341621398925781e-01
3.565592765808105469e-01
3.648710250854492188e-01
3.656904697418212891e-01
3.393459320068359375e-01
3.255674839019775391e-01
2.650814056396484375e-01
2.822144031524658203e-01
3.652639389038085938e-01
3.614726066589355469e-01
3.639738559722900391e-01
3.243939876556396484e-01
2.332997322082519531e-01
2.007427215576171875e-01
2.066321372985839844e-01
2.793705463409423828e-01
3.350348472595214844e-01
3.361201286315917969e-01
3.479223251342773438e-01
3.425405025482177734e-01
2.738409042358398438e-01
2.009389400482177734e-01
2.083735466003417969e-01
2.199592590332031250e-01
2.153520584106445312e-01
2.089574337005615234e-01
2.374224662780761719e-01
2.332146167755126953e-01
2.726747989654541016e-01
3.518202304840087891e-01
2.987458705902099609e-01
2.224054336547851562e-01
2.063784599304199219e-01
2.820146083831787109e-01
2.780971527099609375e-01
2.756276130676269531e-01
3.613140583038330078e-01
4.219570159912109375e-01
3.393869400024414062e-01
2.674369812011718750e-01
3.370127677917480469e-01
3.547601699829101562e-01
3.611173629760742188e-01
2.753071784973144531e-01
2.821304798126220703e-01
2.859573364257812500e-01
2.677657604217529297e-01
2.653899192810058594e-01
2.687430381774902344e-01
2.685008049011230469e-01
1.956043243408203125e-01
2.500598430633544922e-01
2.538700103759765625e-01
2.013597488403320312e-01
2.192091941833496094e-01
2.919318675994873047e-01
2.710022926330566406e-01
1.955673694610595703e-01
2.407016754150390625e-01
2.437798976898193359e-01
1.939601898193359375e-01
2.722156047821044922e-01
2.800896167755126953e-01
2.824587821960449219e-01
3.593819141387939453e-01
2.976999282836914062e-01
2.847981452941894531e-01
3.263366222381591797e-01
2.633094787597656250e-01
1.981947422027587891e-01
2.717690467834472656e-01
3.121137619018554688e-01
2.345449924468994141e-01
2.745232582092285156e-01
3.592133522033691406e-01
3.594076633453369141e-01
3.473732471466064453e-01
3.267171382904052734e-01
2.521462440490722656e-01
2.758200168609619141e-01
3.618867397308349609e-01
3.515162467956542969e-01
2.668652534484863281e-01
2.823777198791503906e-01
2.888400554656982422e-01
2.713000774383544922e-01
2.694935798645019531e-01
2.188785076141357422e-01
2.258110046386718750e-01
2.073321342468261719e-01
2.748453617095947266e-01
2.764992713928222656e-01
1.998019218444824219e-01
1.974084377288818359e-01
1.982462406158447266e-01
1.981122493743896484e-01
1.982004642486572266e-01
1.986527442932128906e-01
2.073559761047363281e-01
2.831089496612548828e-01
2.765202522277832031e-01
2.621181011199951172e-01
3.037497997283935547e-01
2.412621974945068359e-01
1.954433917999267578e-01
2.637367248535156250e-01
3.380188941955566406e-01
2.679834365844726562e-01
1.965100765228271484e-01
1.999478340148925781e-01
2.013719081878662109e-01
2.388963699340820312e-01
2.317676544189453125e-01
1.930778026580810547e-01
2.732448577880859375e-01
3.472595214843750000e-01
3.525080680847167969e-01
3.228449821472167969e-01
3.198230266571044922e-01
3.481266498565673828e-01
3.289942741394042969e-01
2.552175521850585938e-01
1.923995018005371094e-01
1.955637931823730469e-01
2.118344306945800781e-01
2.328071594238281250e-01
2.319929599761962891e-01
2.253720760345458984e-01
2.878499031066894531e-01
2.979629039764404297e-01
2.177612781524658203e-01
2.466435432434082031e-01
2.526056766510009766e-01
2.661178112030029297e-01
3.312411308288574219e-01
3.221669197082519531e-01
2.613830566406250000e-01
2.755970954895019531e-01
3.041589260101318359e-01
2.267866134643554688e-01
1.925284862518310547e-01
2.473657131195068359e-01
2.480614185333251953e-01
2.641501426696777344e-01
3.340051174163818359e-01
2.581470012664794922e-01
1.881222724914550781e-01
2.695171833038330078e-01
2.765116691589355469e-01
2.154784202575683594e-01
2.124378681182861328e-01
2.072284221649169922e-01
2.046003341674804688e-01
1.978776454925537109e-01
1.997029781341552734e-01
2.075588703155517578e-01
2.088563442230224609e-01
2.832505702972412109e-01
3.558285236358642578e-01
2.734763622283935547e-01
1.912169456481933594e-01
1.881933212280273438e-01
1.927466392517089844e-01
2.795333862304687500e-01
3.541629314422607422e-01
3.558776378631591797e-01
3.627274036407470703e-01
3.534617424011230469e-01
3.415944576263427734e-01
2.683658599853515625e-01
2.001316547393798828e-01
2.635860443115234375e-01
3.385014533996582031e-01
3.415305614471435547e-01
2.620484828948974609e-01
2.715396881103515625e-01
2.756359577178955078e-01
2.818188667297363281e-01
2.980730533599853516e-01
2.096378803253173828e-01
1.973843574523925781e-01
2.034893035888671875e-01
1.990501880645751953e-01
2.654983997344970703e-01
2.635700702667236328e-01
1.941523551940917969e-01
2.730245590209960938e-01
2.646124362945556641e-01
2.288935184478759766e-01
2.351760864257812500e-01
2.659976482391357422e-01
2.640664577484130859e-01
1.882216930389404297e-01
2.566730976104736328e-01
2.574951648712158203e-01
1.892373561859130859e-01
1.903433799743652344e-01
1.928751468658447266e-01
2.644205093383789062e-01
3.345375061035156250e-01
3.347098827362060547e-01
2.620432376861572266e-01
1.922290325164794922e-01
2.767517566680908203e-01
3.468739986419677734e-01
3.410851955413818359e-01
3.431015014648437500e-01
3.289349079132080078e-01
3.110272884368896484e-01
2.483773231506347656e-01
1.833660602569580078e-01
1.800296306610107422e-01
2.601337432861328125e-01
3.345551490783691406e-01
3.150179386138916016e-01
3.137879371643066406e-01
3.274042606353759766e-01
3.329341411590576172e-01
3.293128013610839844e-01
3.198864459991455078e-01
3.229300975799560547e-01
3.331227302551269531e-01
2.710111141204833984e-01
1.933038234710693359e-01
1.864001750946044922e-01
1.893479824066162109e-01
2.734079360961914062e-01
3.190064430236816406e-01
2.487301826477050781e-01
2.212116718292236328e-01
2.175381183624267578e-01
2.001888751983642578e-01
1.920733451843261719e-01
2.629482746124267578e-01
3.432364463806152344e-01
2.870509624481201172e-01
2.245283126831054688e-01
2.810366153717041016e-01
2.656459808349609375e-01
2.702000141143798828e-01
3.448169231414794922e-01
3.440425395965576172e-01
3.534507751464843750e-01
3.512887954711914062e-01
3.410649299621582031e-01
3.077740669250488281e-01
3.096022605895996094e-01
3.184959888458251953e-01
2.473218441009521484e-01
2.710974216461181641e-01
2.657206058502197266e-01
1.941723823547363281e-01
2.416303157806396484e-01
2.493214607238769531e-01
2.736296653747558594e-01
2.741284370422363281e-01
2.035210132598876953e-01
2.786843776702880859e-01
2.860674858093261719e-01
2.717988491058349609e-01
3.456058502197265625e-01
3.550114631652832031e-01
3.591232299804687500e-01
3.618617057800292969e-01
3.559098243713378906e-01
3.481440544128417969e-01
2.719495296478271484e-01
2.749342918395996094e-01
3.411045074462890625e-01
2.612161636352539062e-01
1.874704360961914062e-01
2.576653957366943359e-01
2.575297355651855469e-01
1.955251693725585938e-01
2.756695747375488281e-01
3.429613113403320312e-01
2.697584629058837891e-01
1.968524456024169922e-01
2.644171714782714844e-01
2.700867652893066406e-01
2.603366374969482422e-01
2.535662651062011719e-01
2.715959548950195312e-01
3.490376472473144531e-01
3.515758514404296875e-01
3.553941249847412109e-01
3.509705066680908203e-01
2.798275947570800781e-01
2.114412784576416016e-01
2.696526050567626953e-01
3.432016372680664062e-01
3.458275794982910156e-01
