1.582672595977783203e-01
3.199501037597656250e-01
2.497694492340087891e-01
2.119722366333007812e-01
2.136173248291015625e-01
1.830663681030273438e-01
2.399289608001708984e-01
2.349102497100830078e-01
1.775257587432861328e-01
1.794450283050537109e-01
2.531552314758300781e-01
2.508046627044677734e-01
2.470843791961669922e-01
3.253252506256103516e-01
2.851858139038085938e-01
2.149786949157714844e-01
1.825048923492431641e-01
1.776208877563476562e-01
1.838300228118896484e-01
1.831426620483398438e-01
1.814708709716796875e-01
1.825356483459472656e-01
1.842119693756103516e-01
2.656044960021972656e-01
3.223190307617187500e-01
2.390797138214111328e-01
2.599198818206787109e-01
3.244814872741699219e-01
2.486054897308349609e-01
1.878535747528076172e-01
2.476284503936767578e-01
2.496094703674316406e-01
1.886286735534667969e-01
1.893265247344970703e-01
2.686529159545898438e-01
2.652766704559326172e-01
2.697825431823730469e-01
3.294949531555175781e-01
2.432475090026855469e-01
2.605264186859130859e-01
2.664010524749755859e-01
2.472784519195556641e-01
2.455034255981445312e-01
2.589440345764160156e-01
2.605576515197753906e-01
1.936111450195312500e-01
1.906058788299560547e-01
1.912109851837158203e-01
1.881186962127685547e-01
1.841435432434082031e-01
1.905629634857177734e-01
1.885309219360351562e-01
1.840329170227050781e-01
1.842472553253173828e-01
1.827898025512695312e-01
2.562987804412841797e-01
3.377432823181152344e-01
2.666962146759033203e-01
2.548911571502685547e-01
2.570705413818359375e-01
1.907374858856201172e-01
1.910386085510253906e-01
1.905376911163330078e-01
1.907799243927001953e-01
2.590224742889404297e-01
3.265471458435058594e-01
2.612838745117187500e-01
1.962397098541259766e-01
1.979751586914062500e-01
2.516810894012451172e-01
3.417177200317382812e-01
3.815574645996093750e-01
3.780660629272460938e-01
3.649199008941650391e-01
3.664326667785644531e-01
3.584699630737304688e-01
2.675561904907226562e-01
2.622435092926025391e-01
2.990031242370605469e-01
2.353832721710205078e-01
2.821292877197265625e-01
3.603787422180175781e-01
3.125300407409667969e-01
2.433602809906005859e-01
2.788238525390625000e-01
2.696144580841064453e-01
2.067267894744873047e-01
2.760210037231445312e-01
2.779223918914794922e-01
2.668173313140869141e-01
2.583670616149902344e-01
3.472409248352050781e-01
3.500654697418212891e-01
2.594614028930664062e-01
3.164331912994384766e-01
2.553281784057617188e-01
1.970953941345214844e-01
1.932823657989501953e-01
2.458038330078125000e-01
3.305292129516601562e-01
3.518877029418945312e-01
3.220005035400390625e-01
3.068180084228515625e-01
2.565915584564208984e-01
2.014811038970947266e-01
1.996486186981201172e-01
2.004170417785644531e-01
2.813336849212646484e-01
3.642196655273437500e-01
3.604874610900878906e-01
2.763667106628417969e-01
2.675390243530273438e-01
2.692852020263671875e-01
2.887935638427734375e-01
3.496508598327636719e-01
2.607975006103515625e-01
2.021670341491699219e-01
2.034585475921630859e-01
1.945507526397705078e-01
2.004928588867187500e-01
2.877206802368164062e-01
3.524086475372314453e-01
2.658662796020507812e-01
1.944830417633056641e-01
2.579288482666015625e-01
3.464295864105224609e-01
3.791835308074951172e-01
3.759460449218750000e-01
2.878324985504150391e-01
2.087986469268798828e-01
2.781386375427246094e-01
3.451197147369384766e-01
3.393850326538085938e-01
3.368346691131591797e-01
3.436374664306640625e-01
3.555822372436523438e-01
3.598995208740234375e-01
2.841477394104003906e-01
2.130010128021240234e-01
2.165665626525878906e-01
2.133779525756835938e-01
2.095818519592285156e-01
2.071671485900878906e-01
2.068557739257812500e-01
2.063312530517578125e-01
2.110633850097656250e-01
2.241122722625732422e-01
2.182397842407226562e-01
2.084293365478515625e-01
2.111837863922119141e-01
2.046015262603759766e-01
2.027964591979980469e-01
2.214996814727783203e-01
2.662398815155029297e-01
2.515413761138916016e-01
2.069563865661621094e-01
2.027709484100341797e-01
1.969034671783447266e-01
1.954317092895507812e-01
2.044742107391357422e-01
2.100853919982910156e-01
2.067098617553710938e-01
1.558096408843994141e-01
1.698937416076660156e-01
3.081510066986083984e-01
3.804829120635986328e-01
2.980945110321044922e-01
2.925436496734619141e-01
2.884466648101806641e-01
2.826678752899169922e-01
2.782130241394042969e-01
2.773103713989257812e-01
3.535835742950439453e-01
2.815132141113281250e-01
2.100973129272460938e-01
2.056245803833007812e-01
2.035880088806152344e-01
2.728540897369384766e-01
2.889835834503173828e-01
2.932443618774414062e-01
3.293535709381103516e-01
2.597861289978027344e-01
2.113089561462402344e-01
2.911603450775146484e-01
3.058471679687500000e-01
2.845635414123535156e-01
2.684679031372070312e-01
2.155947685241699219e-01
2.144479751586914062e-01
2.080402374267578125e-01
2.095365524291992188e-01
2.193152904510498047e-01
2.983140945434570312e-01
3.598544597625732422e-01
2.802548408508300781e-01
2.140913009643554688e-01
2.112398147583007812e-01
2.100524902343750000e-01
2.247984409332275391e-01
2.213051319122314453e-01
2.102675437927246094e-01
2.085208892822265625e-01
2.816531658172607422e-01
3.576760292053222656e-01
3.520870208740234375e-01
3.032188415527343750e-01
2.279059886932373047e-01
1.995770931243896484e-01
1.992311477661132812e-01
2.654945850372314453e-01
3.529136180877685547e-01
3.642296791076660156e-01
2.753856182098388672e-01
2.835333347320556641e-01
2.867004871368408203e-01
2.675349712371826172e-01
2.697284221649169922e-01
2.757849693298339844e-01
2.717528343200683594e-01
2.659156322479248047e-01
2.749888896942138672e-01
2.110321521759033203e-01
2.193636894226074219e-01
2.233142852783203125e-01
2.849912643432617188e-01
3.372368812561035156e-01
2.661526203155517578e-01
2.332570552825927734e-01
2.280244827270507812e-01
2.043309211730957031e-01
2.098724842071533203e-01
2.213006019592285156e-01
2.263047695159912109e-01
2.341718673706054688e-01
3.097276687622070312e-01
3.665869235992431641e-01
3.612041473388671875e-01
3.379797935485839844e-01
3.298439979553222656e-01
3.648865222930908203e-01
3.741574287414550781e-01
3.580067157745361328e-01
3.560681343078613281e-01
3.495912551879882812e-01
3.162198066711425781e-01
3.290171623229980469e-01
2.898554801940917969e-01
2.121047973632812500e-01
2.029032707214355469e-01
2.540307044982910156e-01
3.414936065673828125e-01
3.472900390625000000e-01
3.329570293426513672e-01
3.501980304718017578e-01
3.517539501190185547e-01
3.554115295410156250e-01
3.569951057434082031e-01
3.448483943939208984e-01
3.333816528320312500e-01
2.652111053466796875e-01
3.093304634094238281e-01
3.778834342956542969e-01
3.516325950622558594e-01
3.611896038055419922e-01
3.609814643859863281e-01
3.670287132263183594e-01
3.681037425994873047e-01
3.630173206329345703e-01
2.954833507537841797e-01
2.247409820556640625e-01
2.098927497863769531e-01
2.010548114776611328e-01
2.033758163452148438e-01
2.016832828521728516e-01
1.969711780548095703e-01
1.966259479522705078e-01
2.056524753570556641e-01
2.314713001251220703e-01
2.300622463226318359e-01
2.493581771850585938e-01
3.147802352905273438e-01
2.742910385131835938e-01
2.052550315856933594e-01
2.619197368621826172e-01
3.118927478790283203e-01
2.577059268951416016e-01
2.660076618194580078e-01
2.889633178710937500e-01
3.102207183837890625e-01
3.607072830200195312e-01
3.356740474700927734e-01
3.448750972747802734e-01
3.480391502380371094e-01
3.185336589813232422e-01
3.423442840576171875e-01
3.638050556182861328e-01
2.913081645965576172e-01
2.776694297790527344e-01
3.320646286010742188e-01
3.281936645507812500e-01
3.507461547851562500e-01
3.699023723602294922e-01
2.807674407958984375e-01
1.976697444915771484e-01
1.999769210815429688e-01
2.006151676177978516e-01
2.669286727905273438e-01
3.196661472320556641e-01
2.516078948974609375e-01
1.991174221038818359e-01
2.174506187438964844e-01
2.961714267730712891e-01
3.555366992950439453e-01
3.481082916259765625e-01
2.919580936431884766e-01
2.993600368499755859e-01
3.010597229003906250e-01
2.814898490905761719e-01
3.310768604278564453e-01
2.771668434143066406e-01
2.808146476745605469e-01
3.653087615966796875e-01
3.648774623870849609e-01
2.794148921966552734e-01
2.167465686798095703e-01
2.057423591613769531e-01
2.570858001708984375e-01
2.672309875488281250e-01
2.067017555236816406e-01
2.004988193511962891e-01
1.974422931671142578e-01
2.023217678070068359e-01
2.191617488861083984e-01
2.919125556945800781e-01
2.833085060119628906e-01
2.139785289764404297e-01
2.092962265014648438e-01
2.085087299346923828e-01
2.788155078887939453e-01
2.869963645935058594e-01
3.024070262908935547e-01
3.654210567474365234e-01
2.792212963104248047e-01
2.075445652008056641e-01
2.310681343078613281e-01
3.094191551208496094e-01
3.304741382598876953e-01
2.558560371398925781e-01
2.099115848541259766e-01
2.878751754760742188e-01
3.687961101531982422e-01
2.950303554534912109e-01
3.120899200439453125e-01
3.900976181030273438e-01
3.028230667114257812e-01
2.965252399444580078e-01
3.624632358551025391e-01
3.418200016021728516e-01
3.361217975616455078e-01
3.514273166656494141e-01
3.534927368164062500e-01
3.537709712982177734e-01
3.246419429779052734e-01
2.500088214874267578e-01
2.077968120574951172e-01
2.729008197784423828e-01
3.471035957336425781e-01
3.581187725067138672e-01
3.648092746734619141e-01
3.691740036010742188e-01
3.174695968627929688e-01
2.346291542053222656e-01
2.770817279815673828e-01
3.560941219329833984e-01
3.534200191497802734e-01
3.460221290588378906e-01
2.757132053375244141e-01
2.112443447113037109e-01
2.145113945007324219e-01
2.084369659423828125e-01
2.107830047607421875e-01
2.116270065307617188e-01
2.074544429779052734e-01
2.055385112762451172e-01
2.076349258422851562e-01
2.098906040191650391e-01
2.092850208282470703e-01
2.090988159179687500e-01
2.082743644714355469e-01
2.073040008544921875e-01
2.064123153686523438e-01
2.797129154205322266e-01
2.834711074829101562e-01
2.147026062011718750e-01
2.102890014648437500e-01
2.087357044219970703e-01
2.113969326019287109e-01
2.067358493804931641e-01
2.005391120910644531e-01
2.002646923065185547e-01
2.056586742401123047e-01
2.098987102508544922e-01
2.076880931854248047e-01
2.038850784301757812e-01
2.041044235229492188e-01
2.061901092529296875e-01
2.063481807708740234e-01
2.000069618225097656e-01
1.998021602630615234e-01
2.026970386505126953e-01
2.051892280578613281e-01
2.117879390716552734e-01
2.089309692382812500e-01
2.793297767639160156e-01
3.280754089355468750e-01
2.525045871734619141e-01
2.016217708587646484e-01
2.041792869567871094e-01
2.023284435272216797e-01
2.776157855987548828e-01
2.802741527557373047e-01
2.333219051361083984e-01
2.342612743377685547e-01
1.984016895294189453e-01
1.929671764373779297e-01
1.959497928619384766e-01
1.995377540588378906e-01
2.052621841430664062e-01
2.077794075012207031e-01
2.012884616851806641e-01
2.037787437438964844e-01
2.027277946472167969e-01
1.989662647247314453e-01
2.030391693115234375e-01
2.049009799957275391e-01
2.024250030517578125e-01
1.991806030273437500e-01
2.039253711700439453e-01
2.063775062561035156e-01
2.813713550567626953e-01
3.542716503143310547e-01
3.016307353973388672e-01
2.331578731536865234e-01
2.084109783172607422e-01
2.034585475921630859e-01
1.988158226013183594e-01
1.948583126068115234e-01
2.719094753265380859e-01
2.743594646453857422e-01
2.022159099578857422e-01
2.006652355194091797e-01
2.007594108581542969e-01
2.056243419647216797e-01
2.011518478393554688e-01
1.960337162017822266e-01
2.001512050628662109e-01
2.411634922027587891e-01
2.385270595550537109e-01
2.713210582733154297e-01
3.297495841979980469e-01
3.268077373504638672e-01
2.678267955780029297e-01
2.774786949157714844e-01
3.538100719451904297e-01
3.433330059051513672e-01
3.285434246063232422e-01
3.386859893798828125e-01
3.612859249114990234e-01
3.506786823272705078e-01
2.740142345428466797e-01
2.061698436737060547e-01
2.024180889129638672e-01
2.037074565887451172e-01
2.021613121032714844e-01
2.009835243225097656e-01
1.996552944183349609e-01
2.751140594482421875e-01
3.250651359558105469e-01
2.476458549499511719e-01
1.986322402954101562e-01
2.738885879516601562e-01
3.480503559112548828e-01
3.569493293762207031e-01
3.504991531372070312e-01
3.461618423461914062e-01
3.575193881988525391e-01
3.503904342651367188e-01
3.437824249267578125e-01
2.654812335968017578e-01
2.803401947021484375e-01
3.771841526031494141e-01
3.756070137023925781e-01
2.873020172119140625e-01
2.042608261108398438e-01
2.048861980438232422e-01
2.110116481781005859e-01
2.100365161895751953e-01
2.037003040313720703e-01
2.062249183654785156e-01
2.058417797088623047e-01
2.873003482818603516e-01
3.405375480651855469e-01
3.348038196563720703e-01
3.521349430084228516e-01
2.694649696350097656e-01
1.938459873199462891e-01
2.027513980865478516e-01
2.328896522521972656e-01
2.381720542907714844e-01
2.178201675415039062e-01
2.151045799255371094e-01
2.120828628540039062e-01
2.017495632171630859e-01
1.971502304077148438e-01
1.973247528076171875e-01
1.971898078918457031e-01
2.712500095367431641e-01
3.429057598114013672e-01
3.331427574157714844e-01
3.334598541259765625e-01
3.135578632354736328e-01
3.193428516387939453e-01
3.574321269989013672e-01
3.349609375000000000e-01
3.262238502502441406e-01
3.445384502410888672e-01
3.370556831359863281e-01
3.400938510894775391e-01
3.414041996002197266e-01
3.363294601440429688e-01
3.344221115112304688e-01
3.254911899566650391e-01
2.649648189544677734e-01
2.040512561798095703e-01
2.069926261901855469e-01
2.072594165802001953e-01
2.053232192993164062e-01
2.000098228454589844e-01
1.962907314300537109e-01
2.859756946563720703e-01
2.912173271179199219e-01
2.845883369445800781e-01
3.602774143218994141e-01
2.821903228759765625e-01
2.046518325805664062e-01
2.056858539581298828e-01
1.995391845703125000e-01
1.972372531890869141e-01
1.990337371826171875e-01
1.998746395111083984e-01
2.022836208343505859e-01
2.010443210601806641e-01
2.018651962280273438e-01
2.031316757202148438e-01
2.000267505645751953e-01
1.987090110778808594e-01
2.065563201904296875e-01
2.093863487243652344e-01
2.782435417175292969e-01
2.790019512176513672e-01
2.034707069396972656e-01
1.995909214019775391e-01
1.968653202056884766e-01
2.053296566009521484e-01
2.105591297149658203e-01
2.112255096435546875e-01
2.089934349060058594e-01
2.034244537353515625e-01
2.019774913787841797e-01
2.060270309448242188e-01
2.812409400939941406e-01
3.399801254272460938e-01
3.293659687042236328e-01
3.384582996368408203e-01
3.525736331939697266e-01
3.360729217529296875e-01
3.381745815277099609e-01
3.530492782592773438e-01
3.371090888977050781e-01
3.405666351318359375e-01
3.168148994445800781e-01
2.404277324676513672e-01
2.015984058380126953e-01
2.012426853179931641e-01
1.986823081970214844e-01
2.097432613372802734e-01
2.811269760131835938e-01
3.377068042755126953e-01
3.331086635589599609e-01
3.398396968841552734e-01
2.724804878234863281e-01
2.587273120880126953e-01
2.582852840423583984e-01
2.674949169158935547e-01
2.668466567993164062e-01
2.739868164062500000e-01
2.804708480834960938e-01
2.014348506927490234e-01
2.025327682495117188e-01
2.049312591552734375e-01
3.625130653381347656e-01
3.554449081420898438e-01
1.834740638732910156e-01
1.841545104980468750e-01
1.904256343841552734e-01
2.690217494964599609e-01
2.646996974945068359e-01
1.924126148223876953e-01
1.966843605041503906e-01
2.675678730010986328e-01
3.289833068847656250e-01
3.155221939086914062e-01
2.528984546661376953e-01
1.912410259246826172e-01
2.600107192993164062e-01
2.598721981048583984e-01
2.575507164001464844e-01
2.542381286621093750e-01
2.571344375610351562e-01
3.243772983551025391e-01
2.536132335662841797e-01
1.896409988403320312e-01
1.867885589599609375e-01
1.847403049468994141e-01
1.882984638214111328e-01
2.642705440521240234e-01
3.049612045288085938e-01
2.292273044586181641e-01
1.909255981445312500e-01
1.867027282714843750e-01
1.827311515808105469e-01
1.892461776733398438e-01
1.911969184875488281e-01
1.866948604583740234e-01
2.034823894500732422e-01
2.108058929443359375e-01
1.939892768859863281e-01
2.243723869323730469e-01
2.255909442901611328e-01
2.296919822692871094e-01
2.302510738372802734e-01
2.558991909027099609e-01
2.578504085540771484e-01
2.620446681976318359e-01
2.593309879302978516e-01
2.591264247894287109e-01
2.590746879577636719e-01
1.921916007995605469e-01
1.932513713836669922e-01
1.895418167114257812e-01
2.485189437866210938e-01
2.032861709594726562e-01
1.471297740936279297e-01
2.697012424468994141e-01
2.698764801025390625e-01
2.934770584106445312e-01
3.683171272277832031e-01
2.809705734252929688e-01
2.103943824768066406e-01
2.085986137390136719e-01
2.865633964538574219e-01
2.827854156494140625e-01
2.016127109527587891e-01
2.863078117370605469e-01
2.877109050750732422e-01
2.088432312011718750e-01
2.091360092163085938e-01
2.751665115356445312e-01
2.753422260284423828e-01
2.849812507629394531e-01
2.870838642120361328e-01
2.085049152374267578e-01
2.066371440887451172e-01
2.089967727661132812e-01
2.817461490631103516e-01
2.767400741577148438e-01
1.974251270294189453e-01
1.964395046234130859e-01
1.995129585266113281e-01
2.016658782958984375e-01
1.941804885864257812e-01
1.977591514587402344e-01
2.760322093963623047e-01
2.641179561614990234e-01
2.438006401062011719e-01
2.991063594818115234e-01
2.471182346343994141e-01
1.993274688720703125e-01
1.977131366729736328e-01
2.000417709350585938e-01
2.014803886413574219e-01
1.949567794799804688e-01
1.903955936431884766e-01
2.809059619903564453e-01
3.710997104644775391e-01
3.528828620910644531e-01
3.665287494659423828e-01
3.352036476135253906e-01
2.443926334381103516e-01
2.116873264312744141e-01
2.090890407562255859e-01
2.065057754516601562e-01
2.249610424041748047e-01
2.275416851043701172e-01
2.197794914245605469e-01
2.276618480682373047e-01
2.160916328430175781e-01
2.070841789245605469e-01
2.821841239929199219e-01
3.484199047088623047e-01
3.163096904754638672e-01
2.436823844909667969e-01
1.995117664337158203e-01
2.010552883148193359e-01
1.978223323822021484e-01
1.949694156646728516e-01
1.982150077819824219e-01
2.764332294464111328e-01
3.437547683715820312e-01
3.036086559295654297e-01
2.348394393920898438e-01
1.965136528015136719e-01
1.905577182769775391e-01
1.892282962799072266e-01
1.892421245574951172e-01
2.657947540283203125e-01
3.160657882690429688e-01
3.041942119598388672e-01
3.292388916015625000e-01
3.197367191314697266e-01
2.406530380249023438e-01
2.539634704589843750e-01
2.637541294097900391e-01
1.929378509521484375e-01
2.559788227081298828e-01
3.254013061523437500e-01
2.599401473999023438e-01
1.939158439636230469e-01
2.664356231689453125e-01
3.403441905975341797e-01
3.423371315002441406e-01
3.356420993804931641e-01
3.339695930480957031e-01
3.303802013397216797e-01
3.219552040100097656e-01
3.324987888336181641e-01
2.724084854125976562e-01
2.021467685699462891e-01
1.952126026153564453e-01
1.936109066009521484e-01
2.784535884857177734e-01
2.889056205749511719e-01
2.015647888183593750e-01
1.972045898437500000e-01
1.979329586029052734e-01
1.867907047271728516e-01
1.892330646514892578e-01
1.994879245758056641e-01
2.308506965637207031e-01
2.924094200134277344e-01
3.315389156341552734e-01
3.287160396575927734e-01
2.597954273223876953e-01
2.643892765045166016e-01
2.643637657165527344e-01
2.042188644409179688e-01
2.680130004882812500e-01
2.631185054779052734e-01
1.886339187622070312e-01
1.778383255004882812e-01
1.803939342498779297e-01
1.801657676696777344e-01
1.829998493194580078e-01
1.838684082031250000e-01
1.855933666229248047e-01
1.861877441406250000e-01
1.815645694732666016e-01
1.825699806213378906e-01
1.853334903717041016e-01
1.823496818542480469e-01
1.830744743347167969e-01
1.866977214813232422e-01
1.878485679626464844e-01
1.865887641906738281e-01
1.856784820556640625e-01
1.855139732360839844e-01
1.894316673278808594e-01
2.459590435028076172e-01
2.471415996551513672e-01
2.707238197326660156e-01
2.671508789062500000e-01
1.906433105468750000e-01
1.900017261505126953e-01
1.850507259368896484e-01
1.880288124084472656e-01
2.748878002166748047e-01
3.529827594757080078e-01
3.474235534667968750e-01
2.694723606109619141e-01
1.919207572937011719e-01
1.906552314758300781e-01
2.557404041290283203e-01
2.609846591949462891e-01
2.738130092620849609e-01
2.673869132995605469e-01
1.890656948089599609e-01
1.870546340942382812e-01
1.838200092315673828e-01
1.879396438598632812e-01
1.904251575469970703e-01
1.863882541656494141e-01
1.891663074493408203e-01
1.913642883300781250e-01
1.916956901550292969e-01
1.440186500549316406e-01
1.494252681732177734e-01
2.061169147491455078e-01
2.915122509002685547e-01
2.968802452087402344e-01
2.129478454589843750e-01
2.035682201385498047e-01
2.018940448760986328e-01
2.013559341430664062e-01
2.013008594512939453e-01
2.843191623687744141e-01
2.862653732299804688e-01
2.072496414184570312e-01
2.067878246307373047e-01
2.812821865081787109e-01
2.826247215270996094e-01
2.082946300506591797e-01
2.064325809478759766e-01
1.976363658905029297e-01
2.702782154083251953e-01
2.764508724212646484e-01
2.039370536804199219e-01
2.039370536804199219e-01
1.992924213409423828e-01
2.004697322845458984e-01
2.520124912261962891e-01
2.466409206390380859e-01
1.979770660400390625e-01
2.009644508361816406e-01
2.032921314239501953e-01
2.025873661041259766e-01
2.015528678894042969e-01
2.025117874145507812e-01
2.076880931854248047e-01
2.102410793304443359e-01
2.903401851654052734e-01
3.377358913421630859e-01
3.087873458862304688e-01
3.364293575286865234e-01
3.456254005432128906e-01
3.537719249725341797e-01
3.566727638244628906e-01
2.733240127563476562e-01
2.082657814025878906e-01
2.034015655517578125e-01
1.983611583709716797e-01
2.083082199096679688e-01
2.099237442016601562e-01
2.076292037963867188e-01
2.083194255828857422e-01
2.649564743041992188e-01
3.435597419738769531e-01
3.547661304473876953e-01
3.508257865905761719e-01
3.556237220764160156e-01
3.491194248199462891e-01
3.496158123016357422e-01
3.379552364349365234e-01
2.566723823547363281e-01
2.683465480804443359e-01
2.705192565917968750e-01
2.813904285430908203e-01
3.268368244171142578e-01
2.520983219146728516e-01
2.103242874145507812e-01
2.065854072570800781e-01
2.044329643249511719e-01
2.004458904266357422e-01
1.960341930389404297e-01
2.691636085510253906e-01
2.732558250427246094e-01
2.018852233886718750e-01
2.792866230010986328e-01
2.776627540588378906e-01
2.018704414367675781e-01
2.022423744201660156e-01
2.695591449737548828e-01
2.687640190124511719e-01
2.765209674835205078e-01
2.798240184783935547e-01
2.058138847351074219e-01
2.043032646179199219e-01
2.024512290954589844e-01
2.576320171356201172e-01
2.566280364990234375e-01
2.697851657867431641e-01
2.723727226257324219e-01
2.671926021575927734e-01
2.617278099060058594e-01
1.929695606231689453e-01
1.898345947265625000e-01
2.650291919708251953e-01
2.732031345367431641e-01
1.992540359497070312e-01
1.978785991668701172e-01
2.034411430358886719e-01
2.763371467590332031e-01
2.745442390441894531e-01
2.024195194244384766e-01
2.035460472106933594e-01
2.881450653076171875e-01
2.853848934173583984e-01
2.711465358734130859e-01
3.406894207000732422e-01
3.329815864562988281e-01
3.313601016998291016e-01
2.672762870788574219e-01
2.003178596496582031e-01
2.053713798522949219e-01
2.097342014312744141e-01
2.086603641510009766e-01
2.044370174407958984e-01
2.038006782531738281e-01
2.803711891174316406e-01
2.722661495208740234e-01
2.684519290924072266e-01
3.357725143432617188e-01
2.664909362792968750e-01
2.078080177307128906e-01
2.739088535308837891e-01
2.715809345245361328e-01
2.059497833251953125e-01
2.055866718292236328e-01
1.993329524993896484e-01
2.638165950775146484e-01
2.688384056091308594e-01
2.750093936920166016e-01
2.732961177825927734e-01
2.032577991485595703e-01
2.027280330657958984e-01
2.017414569854736328e-01
2.032461166381835938e-01
2.786133289337158203e-01
3.470206260681152344e-01
2.722861766815185547e-01
2.053916454315185547e-01
2.056286334991455078e-01
2.526607513427734375e-01
2.534706592559814453e-01
2.788548469543457031e-01
2.783677577972412109e-01
2.054491043090820312e-01
2.004179954528808594e-01
1.947755813598632812e-01
1.974036693572998047e-01
2.019979953765869141e-01
2.711756229400634766e-01
3.391315937042236328e-01
2.769925594329833984e-01
2.104680538177490234e-01
2.019636631011962891e-01
1.985778808593750000e-01
2.058413028717041016e-01
2.041165828704833984e-01
2.003428936004638672e-01
2.033946514129638672e-01
2.020559310913085938e-01
1.992700099945068359e-01
1.957104206085205078e-01
1.965832710266113281e-01
2.601504325866699219e-01
2.627611160278320312e-01
2.056431770324707031e-01
1.547672748565673828e-01
1.565892696380615234e-01
2.872040271759033203e-01
2.858631610870361328e-01
2.096092700958251953e-01
2.900097370147705078e-01
3.538293838500976562e-01
3.485643863677978516e-01
3.571858406066894531e-01
2.832469940185546875e-01
2.087566852569580078e-01
2.863183021545410156e-01
3.559813499450683594e-01
2.732944488525390625e-01
2.683491706848144531e-01
2.693634033203125000e-01
2.657744884490966797e-01
2.658529281616210938e-01
2.778520584106445312e-01
2.801556587219238281e-01
2.065527439117431641e-01
2.074766159057617188e-01
2.855846881866455078e-01
2.803275585174560547e-01
2.815413475036621094e-01
2.943203449249267578e-01
2.278628349304199219e-01
2.877411842346191406e-01
3.429429531097412109e-01
3.419027328491210938e-01
3.561825752258300781e-01
3.071000576019287109e-01
3.030636310577392578e-01
3.541376590728759766e-01
3.452847003936767578e-01
2.949233055114746094e-01
2.237010002136230469e-01
2.047488689422607422e-01
2.041375637054443359e-01
2.006607055664062500e-01
2.701070308685302734e-01
3.391723632812500000e-01
3.426542282104492188e-01
3.474867343902587891e-01
3.503446578979492188e-01
3.498861789703369141e-01
3.458204269409179688e-01
3.387043476104736328e-01
3.383541107177734375e-01
3.354885578155517578e-01
3.273720741271972656e-01
3.329591751098632812e-01
2.672493457794189453e-01
1.934242248535156250e-01
1.936666965484619141e-01
1.957249641418457031e-01
1.979913711547851562e-01
2.007300853729248047e-01
1.991696357727050781e-01
2.005226612091064453e-01
1.970956325531005859e-01
1.986379623413085938e-01
2.063260078430175781e-01
2.071249485015869141e-01
2.060208320617675781e-01
2.010450363159179688e-01
2.024922370910644531e-01
2.663481235504150391e-01
2.626950740814208984e-01
2.737646102905273438e-01
2.713000774383544922e-01
1.983971595764160156e-01
2.021546363830566406e-01
2.922327518463134766e-01
3.209569454193115234e-01
2.365818023681640625e-01
2.811896800994873047e-01
2.723338603973388672e-01
1.977369785308837891e-01
2.787642478942871094e-01
3.244078159332275391e-01
3.246600627899169922e-01
3.639545440673828125e-01
3.563244342803955078e-01
2.965204715728759766e-01
2.286269664764404297e-01
2.089247703552246094e-01
2.654390335083007812e-01
2.614390850067138672e-01
2.030327320098876953e-01
2.063999176025390625e-01
2.068126201629638672e-01
2.033600807189941406e-01
2.631356716156005859e-01
3.518054485321044922e-01
2.907352447509765625e-01
2.040863037109375000e-01
2.717015743255615234e-01
2.743911743164062500e-01
2.979388236999511719e-01
3.862273693084716797e-01
3.868715763092041016e-01
3.845551013946533203e-01
3.824951648712158203e-01
3.795344829559326172e-01
3.079373836517333984e-01
2.188568115234375000e-01
2.039644718170166016e-01
2.824738025665283203e-01
3.671629428863525391e-01
3.737833499908447266e-01
3.729269504547119141e-01
3.712985515594482422e-01
3.666183948516845703e-01
3.093228340148925781e-01
2.459909915924072266e-01
2.198572158813476562e-01
2.199597358703613281e-01
3.103809356689453125e-01
3.074402809143066406e-01
2.421724796295166016e-01
2.328991889953613281e-01
2.194321155548095703e-01
2.416169643402099609e-01
2.340455055236816406e-01
2.144069671630859375e-01
2.188770771026611328e-01
2.324888706207275391e-01
2.346775531768798828e-01
2.146527767181396484e-01
2.765250205993652344e-01
2.766520977020263672e-01
2.041685581207275391e-01
2.781782150268554688e-01
3.000345230102539062e-01
2.481200695037841797e-01
2.388091087341308594e-01
2.234032154083251953e-01
2.952282428741455078e-01
3.559617996215820312e-01
3.602504730224609375e-01
3.726212978363037109e-01
3.504378795623779297e-01
2.667305469512939453e-01
2.864501476287841797e-01
3.726665973663330078e-01
3.611376285552978516e-01
2.897217273712158203e-01
2.820196151733398438e-01
2.876696586608886719e-01
2.394139766693115234e-01
3.097107410430908203e-01
3.697378635406494141e-01
2.912201881408691406e-01
2.303230762481689453e-01
2.268569469451904297e-01
2.141933441162109375e-01
2.122762203216552734e-01
2.990655899047851562e-01
3.775787353515625000e-01
2.908072471618652344e-01
2.891497611999511719e-01
2.868149280548095703e-01
2.019734382629394531e-01
2.783453464508056641e-01
2.842938899993896484e-01
2.107527256011962891e-01
2.867357730865478516e-01
2.836892604827880859e-01
2.057638168334960938e-01
2.100038528442382812e-01
2.145762443542480469e-01
2.126905918121337891e-01
2.087507247924804688e-01
2.976517677307128906e-01
3.769440650939941406e-01
3.545372486114501953e-01
2.797148227691650391e-01
2.870867252349853516e-01
2.848403453826904297e-01
2.544865608215332031e-01
2.630259990692138672e-01
2.265875339508056641e-01
2.206568717956542969e-01
2.143054008483886719e-01
2.684791088104248047e-01
2.686004638671875000e-01
2.236273288726806641e-01
2.296025753021240234e-01
2.166848182678222656e-01
2.167437076568603516e-01
3.010089397430419922e-01
4.517121315002441406e-01
3.634681701660156250e-01
2.867414951324462891e-01
3.490951061248779297e-01
3.487837314605712891e-01
3.360807895660400391e-01
2.570614814758300781e-01
2.091035842895507812e-01
2.793695926666259766e-01
2.817313671112060547e-01
2.854812145233154297e-01
2.888803482055664062e-01
2.392194271087646484e-01
2.362868785858154297e-01
2.171366214752197266e-01
2.369451522827148438e-01
2.317564487457275391e-01
2.133693695068359375e-01
2.096202373504638672e-01
2.362141609191894531e-01
2.425503730773925781e-01
2.156579494476318359e-01
2.991023063659667969e-01
2.914495468139648438e-01
2.081053256988525391e-01
3.015966415405273438e-01
2.943291664123535156e-01
2.015593051910400391e-01
2.716319561004638672e-01
2.751328945159912109e-01
2.060301303863525391e-01
2.065925598144531250e-01
2.757723331451416016e-01
2.701518535614013672e-01
2.769703865051269531e-01
2.780661582946777344e-01
2.006859779357910156e-01
2.213332653045654297e-01
2.285254001617431641e-01
2.773408889770507812e-01
3.376874923706054688e-01
2.667722702026367188e-01
1.952867507934570312e-01
2.113726139068603516e-01
2.085490226745605469e-01
1.878237724304199219e-01
1.940469741821289062e-01
2.030093669891357422e-01
2.023847103118896484e-01
2.652819156646728516e-01
3.411138057708740234e-01
3.192660808563232422e-01
2.383780479431152344e-01
1.967732906341552734e-01
2.266407012939453125e-01
2.271692752838134766e-01
1.991519927978515625e-01
1.981465816497802734e-01
2.032744884490966797e-01
1.974539756774902344e-01
1.942868232727050781e-01
2.081370353698730469e-01
2.163822650909423828e-01
2.120935916900634766e-01
2.050302028656005859e-01
1.977274417877197266e-01
1.982245445251464844e-01
2.043149471282958984e-01
2.792284488677978516e-01
3.572711944580078125e-01
2.830781936645507812e-01
2.272205352783203125e-01
2.809364795684814453e-01
3.291926383972167969e-01
2.742486000061035156e-01
2.010989189147949219e-01
2.016820907592773438e-01
2.663836479187011719e-01
2.679114341735839844e-01
2.145876884460449219e-01
2.118082046508789062e-01
2.008118629455566406e-01
2.008733749389648438e-01
2.776081562042236328e-01
3.428688049316406250e-01
2.618081569671630859e-01
1.954195499420166016e-01
2.005970478057861328e-01
2.011663913726806641e-01
1.973450183868408203e-01
1.987795829772949219e-01
2.028172016143798828e-01
2.075273990631103516e-01
2.016670703887939453e-01
1.937818527221679688e-01
1.950564384460449219e-01
1.960124969482421875e-01
2.000262737274169922e-01
1.999158859252929688e-01
1.996150016784667969e-01
1.989195346832275391e-01
1.973941326141357422e-01
1.969332695007324219e-01
1.958246231079101562e-01
1.965227127075195312e-01
2.018711566925048828e-01
2.121980190277099609e-01
2.084300518035888672e-01
1.995148658752441406e-01
1.988742351531982422e-01
1.983323097229003906e-01
2.628684043884277344e-01
3.003935813903808594e-01
2.431192398071289062e-01
3.009710311889648438e-01
3.366191387176513672e-01
2.456841468811035156e-01
2.096240520477294922e-01
2.033917903900146484e-01
1.941115856170654297e-01
1.919472217559814453e-01
1.881368160247802734e-01
1.905441284179687500e-01
1.930782794952392578e-01
1.903188228607177734e-01
2.217149734497070312e-01
2.245826721191406250e-01
2.633099555969238281e-01
3.367862701416015625e-01
3.086953163146972656e-01
3.041002750396728516e-01
3.346998691558837891e-01
2.655484676361083984e-01
1.934492588043212891e-01
1.439466476440429688e-01
1.522448062896728516e-01
2.094488143920898438e-01
2.133390903472900391e-01
2.176866531372070312e-01
2.830343246459960938e-01
2.786962985992431641e-01
2.065548896789550781e-01
2.779996395111083984e-01
3.449821472167968750e-01
2.690789699554443359e-01
2.774429321289062500e-01
3.576011657714843750e-01
2.813127040863037109e-01
2.708902359008789062e-01
2.765843868255615234e-01
2.684931755065917969e-01
2.563657760620117188e-01
2.724976539611816406e-01
3.488798141479492188e-01
2.682735919952392578e-01
1.952874660491943359e-01
1.952764987945556641e-01
2.649450302124023438e-01
2.622368335723876953e-01
1.929957866668701172e-01
1.953017711639404297e-01
1.977736949920654297e-01
2.549424171447753906e-01
2.500238418579101562e-01
2.792720794677734375e-01
3.603129386901855469e-01
3.517165184020996094e-01
3.519041538238525391e-01
3.448221683502197266e-01
3.458847999572753906e-01
3.459737300872802734e-01
3.337321281433105469e-01
3.435699939727783203e-01
3.598551750183105469e-01
3.350217342376708984e-01
3.332798480987548828e-01
2.762029170989990234e-01
1.877357959747314453e-01
2.615542411804199219e-01
2.662045955657958984e-01
2.633147239685058594e-01
2.628817558288574219e-01
1.924602985382080078e-01
2.644791603088378906e-01
2.655484676361083984e-01
1.954131126403808594e-01
1.965248584747314453e-01
1.964955329895019531e-01
1.895241737365722656e-01
1.843202114105224609e-01
1.876552104949951172e-01
1.957862377166748047e-01
1.951551437377929688e-01
1.930415630340576172e-01
2.051088809967041016e-01
2.073571681976318359e-01
1.981132030487060547e-01
1.931662559509277344e-01
1.903433799743652344e-01
2.603025436401367188e-01
3.120849132537841797e-01
2.383799552917480469e-01
1.902766227722167969e-01
2.038009166717529297e-01
2.805900573730468750e-01
3.457767963409423828e-01
2.675371170043945312e-01
1.922111511230468750e-01
1.933867931365966797e-01
1.936528682708740234e-01
1.926319599151611328e-01
1.941409111022949219e-01
1.887714862823486328e-01
1.808176040649414062e-01
1.877799034118652344e-01
2.153301239013671875e-01
2.156102657318115234e-01
2.437837123870849609e-01
2.588524818420410156e-01
2.136254310607910156e-01
1.985192298889160156e-01
1.964592933654785156e-01
1.981291770935058594e-01
2.193005084991455078e-01
2.933690547943115234e-01
3.376853466033935547e-01
2.637605667114257812e-01
2.027502059936523438e-01
1.987481117248535156e-01
1.959660053253173828e-01
2.762858867645263672e-01
3.580160140991210938e-01
3.430986404418945312e-01
3.276991844177246094e-01
3.178508281707763672e-01
3.241920471191406250e-01
3.234972953796386719e-01
3.209552764892578125e-01
2.696206569671630859e-01
2.064454555511474609e-01
2.074804306030273438e-01
2.653129100799560547e-01
2.667806148529052734e-01
2.796523571014404297e-01
3.593962192535400391e-01
3.080716133117675781e-01
2.275340557098388672e-01
2.730052471160888672e-01
2.727234363555908203e-01
2.106750011444091797e-01
2.922608852386474609e-01
3.110544681549072266e-01
2.372999191284179688e-01
2.940509319305419922e-01
3.642830848693847656e-01
3.428723812103271484e-01
3.367197513580322266e-01
2.752976417541503906e-01
1.967897415161132812e-01
1.931591033935546875e-01
1.989989280700683594e-01
2.821645736694335938e-01
2.849776744842529297e-01
2.068369388580322266e-01
2.849445343017578125e-01
3.528180122375488281e-01
3.414845466613769531e-01
2.650437355041503906e-01
1.994612216949462891e-01
2.021524906158447266e-01
1.949427127838134766e-01
1.950898170471191406e-01
2.684657573699951172e-01
3.435680866241455078e-01
3.153853416442871094e-01
2.521290779113769531e-01
2.216689586639404297e-01
2.228360176086425781e-01
2.174575328826904297e-01
2.093873023986816406e-01
1.984398365020751953e-01
