1.630795001983642578e-01
3.260447978973388672e-01
2.666029930114746094e-01
2.643620967864990234e-01
2.881560325622558594e-01
2.906408309936523438e-01
3.138389587402343750e-01
3.109331130981445312e-01
2.586205005645751953e-01
1.864459514617919922e-01
2.449181079864501953e-01
3.182334899902343750e-01
3.175268173217773438e-01
2.865929603576660156e-01
2.190306186676025391e-01
1.805462837219238281e-01
2.010931968688964844e-01
2.713301181793212891e-01
3.251366615295410156e-01
3.190164566040039062e-01
3.172166347503662109e-01
3.275210857391357422e-01
3.304953575134277344e-01
3.334221839904785156e-01
3.280420303344726562e-01
3.245809078216552734e-01
3.304996490478515625e-01
3.221058845520019531e-01
3.135535717010498047e-01
2.454564571380615234e-01
1.817071437835693359e-01
2.528495788574218750e-01
3.237624168395996094e-01
2.993171215057373047e-01
2.303476333618164062e-01
2.212238311767578125e-01
2.166950702667236328e-01
2.548942565917968750e-01
3.294100761413574219e-01
3.278427124023437500e-01
3.225646018981933594e-01
2.909250259399414062e-01
2.868888378143310547e-01
3.279280662536621094e-01
3.374443054199218750e-01
2.985434532165527344e-01
3.006937503814697266e-01
3.015007972717285156e-01
2.228076457977294922e-01
2.343757152557373047e-01
3.072803020477294922e-01
3.227083683013916016e-01
3.214581012725830078e-01
3.193373680114746094e-01
3.236606121063232422e-01
3.236048221588134766e-01
3.221378326416015625e-01
3.267188072204589844e-01
2.533714771270751953e-01
1.813836097717285156e-01
2.567348480224609375e-01
2.955188751220703125e-01
2.911453247070312500e-01
3.155636787414550781e-01
2.820825576782226562e-01
2.882361412048339844e-01
3.259282112121582031e-01
3.268651962280273438e-01
3.298954963684082031e-01
3.097105026245117188e-01
2.345325946807861328e-01
2.679460048675537109e-01
3.521778583526611328e-01
3.396232128143310547e-01
2.697992324829101562e-01
1.984426975250244141e-01
2.410373687744140625e-01
2.384440898895263672e-01
1.782474517822265625e-01
2.570235729217529297e-01
3.139085769653320312e-01
3.110413551330566406e-01
2.653849124908447266e-01
2.663741111755371094e-01
3.308153152465820312e-01
3.392555713653564453e-01
3.469531536102294922e-01
3.417723178863525391e-01
2.762930393218994141e-01
2.007722854614257812e-01
1.845045089721679688e-01
3.744926452636718750e-01
4.496984481811523438e-01
3.262238502502441406e-01
2.481498718261718750e-01
2.458336353302001953e-01
2.522499561309814453e-01
2.625501155853271484e-01
3.380885124206542969e-01
2.912251949310302734e-01
2.864844799041748047e-01
3.080432415008544922e-01
3.068325519561767578e-01
3.324196338653564453e-01
3.157017230987548828e-01
3.148288726806640625e-01
3.370795249938964844e-01
3.449370861053466797e-01
3.139398097991943359e-01
3.024737834930419922e-01
3.337025642395019531e-01
3.276145458221435547e-01
3.271718025207519531e-01
3.540942668914794922e-01
3.486566543579101562e-01
3.015716075897216797e-01
3.122060298919677734e-01
3.347992897033691406e-01
3.203332424163818359e-01
3.377521038055419922e-01
2.776625156402587891e-01
2.725353240966796875e-01
3.435480594635009766e-01
3.435614109039306641e-01
3.481843471527099609e-01
3.521316051483154297e-01
2.947547435760498047e-01
2.980954647064208984e-01
3.598334789276123047e-01
3.467454910278320312e-01
3.373806476593017578e-01
3.179771900177001953e-01
2.463653087615966797e-01
2.650337219238281250e-01
3.364338874816894531e-01
3.494491577148437500e-01
2.812478542327880859e-01
2.812199592590332031e-01
3.600111007690429688e-01
3.644995689392089844e-01
3.319067955017089844e-01
2.670798301696777344e-01
2.168736457824707031e-01
2.593057155609130859e-01
3.140821456909179688e-01
3.187019824981689453e-01
3.343784809112548828e-01
3.132941722869873047e-01
2.402343750000000000e-01
2.723278999328613281e-01
3.591024875640869141e-01
3.562796115875244141e-01
3.162267208099365234e-01
3.271708488464355469e-01
3.593540191650390625e-01
3.399198055267333984e-01
3.422396183013916016e-01
3.306846618652343750e-01
2.960679531097412109e-01
3.101809024810791016e-01
2.673516273498535156e-01
2.657601833343505859e-01
2.486083507537841797e-01
2.611153125762939453e-01
3.699064254760742188e-01
3.808557987213134766e-01
3.394832611083984375e-01
3.330755233764648438e-01
3.580718040466308594e-01
3.482580184936523438e-01
3.590819835662841797e-01
3.503489494323730469e-01
3.388209342956542969e-01
3.266239166259765625e-01
2.565164566040039062e-01
2.745578289031982422e-01
2.716569900512695312e-01
2.672045230865478516e-01
3.359839916229248047e-01
2.711849212646484375e-01
2.782003879547119141e-01
3.461601734161376953e-01
3.353011608123779297e-01
3.559963703155517578e-01
3.568544387817382812e-01
3.342883586883544922e-01
3.526453971862792969e-01
3.598520755767822266e-01
2.832846641540527344e-01
2.822642326354980469e-01
3.217601776123046875e-01
3.006851673126220703e-01
3.353147506713867188e-01
3.616971969604492188e-01
3.635499477386474609e-01
2.923743724822998047e-01
2.154881954193115234e-01
2.901067733764648438e-01
2.916920185089111328e-01
2.718431949615478516e-01
3.408207893371582031e-01
2.783341407775878906e-01
2.449347972869873047e-01
2.459735870361328125e-01
2.021434307098388672e-01
2.021014690399169922e-01
1.964468955993652344e-01
1.979486942291259766e-01
2.559363842010498047e-01
3.159184455871582031e-01
3.381860256195068359e-01
3.536520004272460938e-01
3.444690704345703125e-01
3.025932312011718750e-01
2.377080917358398438e-01
2.712824344635009766e-01
3.345987796783447266e-01
3.418538570404052734e-01
3.600673675537109375e-01
3.363120555877685547e-01
3.458702564239501953e-01
3.726320266723632812e-01
3.681898117065429688e-01
3.600089550018310547e-01
3.474962711334228516e-01
3.324577808380126953e-01
3.453102111816406250e-01
3.601546287536621094e-01
3.208847045898437500e-01
2.496042251586914062e-01
2.875161170959472656e-01
3.687319755554199219e-01
3.562667369842529297e-01
2.927374839782714844e-01
2.272901535034179688e-01
2.903439998626708984e-01
3.337070941925048828e-01
3.214805126190185547e-01
2.742400169372558594e-01
2.094290256500244141e-01
2.047951221466064453e-01
2.046999931335449219e-01
2.045328617095947266e-01
2.017197608947753906e-01
2.884414196014404297e-01
2.864480018615722656e-01
2.793347835540771484e-01
3.373703956604003906e-01
3.382127285003662109e-01
3.582816123962402344e-01
3.735089302062988281e-01
2.955958843231201172e-01
2.557713985443115234e-01
3.255882263183593750e-01
3.393774032592773438e-01
2.679195404052734375e-01
2.698857784271240234e-01
2.721300125122070312e-01
2.630009651184082031e-01
3.425183296203613281e-01
3.543331623077392578e-01
3.409547805786132812e-01
3.365278244018554688e-01
2.696197032928466797e-01
2.716863155364990234e-01
3.174793720245361328e-01
3.279531002044677734e-01
3.636543750762939453e-01
3.708095550537109375e-01
3.577864170074462891e-01
3.471586704254150391e-01
3.097503185272216797e-01
3.050720691680908203e-01
3.388640880584716797e-01
2.613937854766845703e-01
2.661445140838623047e-01
3.457109928131103516e-01
2.888250350952148438e-01
2.153060436248779297e-01
2.752828598022460938e-01
3.542840480804443359e-01
3.648481369018554688e-01
3.531672954559326172e-01
3.427762985229492188e-01
3.295717239379882812e-01
2.735195159912109375e-01
2.132570743560791016e-01
2.789285182952880859e-01
3.703703880310058594e-01
3.716785907745361328e-01
3.315072059631347656e-01
2.666995525360107422e-01
2.582850456237792969e-01
2.942929267883300781e-01
3.389341831207275391e-01
3.624377250671386719e-01
3.139245510101318359e-01
3.008911609649658203e-01
3.497397899627685547e-01
3.400275707244873047e-01
3.436262607574462891e-01
3.700623512268066406e-01
3.557124137878417969e-01
3.470873832702636719e-01
3.572170734405517578e-01
2.884004116058349609e-01
2.117350101470947266e-01
2.779109477996826172e-01
2.710082530975341797e-01
2.037496566772460938e-01
2.887628078460693359e-01
3.486423492431640625e-01
3.413207530975341797e-01
3.493895530700683594e-01
3.552453517913818359e-01
3.683915138244628906e-01
3.690242767333984375e-01
3.455748558044433594e-01
3.331289291381835938e-01
3.496923446655273438e-01
2.808752059936523438e-01
2.900006771087646484e-01
2.964489459991455078e-01
2.792122364044189453e-01
3.492493629455566406e-01
2.323420047760009766e-01
2.158832550048828125e-01
3.495047092437744141e-01
3.680915832519531250e-01
3.606669902801513672e-01
2.853989601135253906e-01
2.967817783355712891e-01
3.698575496673583984e-01
3.422152996063232422e-01
2.663617134094238281e-01
2.075242996215820312e-01
2.710154056549072266e-01
3.453130722045898438e-01
3.560953140258789062e-01
3.498198986053466797e-01
2.764878273010253906e-01
2.822196483612060547e-01
3.588027954101562500e-01
3.102674484252929688e-01
3.141808509826660156e-01
2.930929660797119141e-01
2.936811447143554688e-01
3.638408184051513672e-01
2.842123508453369141e-01
2.084364891052246094e-01
2.201728820800781250e-01
3.016948699951171875e-01
3.754816055297851562e-01
3.760938644409179688e-01
3.664252758026123047e-01
2.950050830841064453e-01
2.108910083770751953e-01
2.012624740600585938e-01
2.741115093231201172e-01
2.757885456085205078e-01
2.065877914428710938e-01
2.759172916412353516e-01
3.492207527160644531e-01
3.468251228332519531e-01
3.490350246429443359e-01
3.530182838439941406e-01
3.155450820922851562e-01
3.220670223236083984e-01
2.827801704406738281e-01
2.045822143554687500e-01
2.782690525054931641e-01
2.751886844635009766e-01
2.724058628082275391e-01
2.755913734436035156e-01
2.039632797241210938e-01
1.970331668853759766e-01
2.736914157867431641e-01
2.810828685760498047e-01
2.690911293029785156e-01
2.617554664611816406e-01
2.806239128112792969e-01
3.628818988800048828e-01
3.608388900756835938e-01
3.457524776458740234e-01
3.400843143463134766e-01
3.680448532104492188e-01
3.742525577545166016e-01
3.266258239746093750e-01
2.516999244689941406e-01
2.093608379364013672e-01
2.216539382934570312e-01
3.002378940582275391e-01
3.421456813812255859e-01
3.125343322753906250e-01
3.174943923950195312e-01
3.443598747253417969e-01
3.690791130065917969e-01
3.765122890472412109e-01
3.640880584716796875e-01
2.785134315490722656e-01
2.692818641662597656e-01
2.702887058258056641e-01
2.067828178405761719e-01
2.094755172729492188e-01
2.595746517181396484e-01
3.232471942901611328e-01
3.426535129547119141e-01
3.354399204254150391e-01
3.394665718078613281e-01
3.224623203277587891e-01
3.148663043975830078e-01
3.541681766510009766e-01
3.628234863281250000e-01
3.133106231689453125e-01
2.326061725616455078e-01
2.764329910278320312e-01
3.200411796569824219e-01
3.158192634582519531e-01
3.358504772186279297e-01
3.243472576141357422e-01
3.274347782135009766e-01
3.365204334259033203e-01
3.428113460540771484e-01
2.693123817443847656e-01
2.759382724761962891e-01
3.237969875335693359e-01
3.076562881469726562e-01
3.408350944519042969e-01
3.546545505523681641e-01
3.340725898742675781e-01
3.328990936279296875e-01
3.400073051452636719e-01
3.307833671569824219e-01
3.071141242980957031e-01
3.055052757263183594e-01
3.369138240814208984e-01
3.509936332702636719e-01
3.378717899322509766e-01
3.397541046142578125e-01
2.784817218780517578e-01
2.701153755187988281e-01
2.693321704864501953e-01
1.971607208251953125e-01
1.996541023254394531e-01
1.955657005310058594e-01
1.892383098602294922e-01
1.874504089355468750e-01
1.945519447326660156e-01
1.992611885070800781e-01
1.994893550872802734e-01
1.984429359436035156e-01
1.981308460235595703e-01
1.956496238708496094e-01
2.659749984741210938e-01
2.672007083892822266e-01
1.947133541107177734e-01
2.672791481018066406e-01
3.359434604644775391e-01
3.260543346405029297e-01
3.251757621765136719e-01
3.329434394836425781e-01
3.085761070251464844e-01
3.131666183471679688e-01
2.654523849487304688e-01
1.903767585754394531e-01
1.909043788909912109e-01
2.631227970123291016e-01
3.454480171203613281e-01
3.419589996337890625e-01
3.251006603240966797e-01
3.244566917419433594e-01
3.431880474090576172e-01
3.199458122253417969e-01
3.064315319061279297e-01
3.298692703247070312e-01
3.336298465728759766e-01
3.406186103820800781e-01
2.640700340270996094e-01
2.539486885070800781e-01
2.595789432525634766e-01
1.961767673492431641e-01
1.960170269012451172e-01
1.981830596923828125e-01
2.593040466308593750e-01
2.542221546173095703e-01
2.727618217468261719e-01
2.702748775482177734e-01
1.866765022277832031e-01
1.423559188842773438e-01
1.524624824523925781e-01
2.970702648162841797e-01
3.787009716033935547e-01
3.681516647338867188e-01
3.285501003265380859e-01
3.021290302276611328e-01
3.051784038543701172e-01
3.260741233825683594e-01
3.546724319458007812e-01
3.376066684722900391e-01
3.324413299560546875e-01
3.575026988983154297e-01
3.428912162780761719e-01
3.359625339508056641e-01
2.788648605346679688e-01
2.017714977264404297e-01
2.032971382141113281e-01
2.808814048767089844e-01
3.615672588348388672e-01
3.345267772674560547e-01
3.316752910614013672e-01
2.818021774291992188e-01
2.088785171508789062e-01
2.731552124023437500e-01
3.068709373474121094e-01
3.137803077697753906e-01
3.386452198028564453e-01
2.571403980255126953e-01
1.884365081787109375e-01
1.847116947174072266e-01
2.478158473968505859e-01
2.502765655517578125e-01
2.585117816925048828e-01
3.398435115814208984e-01
2.639946937561035156e-01
2.515885829925537109e-01
3.176159858703613281e-01
3.197693824768066406e-01
3.205676078796386719e-01
3.215441703796386719e-01
3.273029327392578125e-01
2.971587181091308594e-01
3.031671047210693359e-01
3.399443626403808594e-01
3.148751258850097656e-01
3.215131759643554688e-01
3.075225353240966797e-01
3.010940551757812500e-01
3.276584148406982422e-01
2.498960494995117188e-01
2.680742740631103516e-01
3.437769412994384766e-01
3.385424613952636719e-01
3.359341621398925781e-01
3.238873481750488281e-01
3.174359798431396484e-01
3.262104988098144531e-01
3.297278881072998047e-01
3.232386112213134766e-01
3.351333141326904297e-01
3.084881305694580078e-01
3.000700473785400391e-01
3.330252170562744141e-01
3.459668159484863281e-01
3.361754417419433594e-01
3.225910663604736328e-01
3.305401802062988281e-01
3.388276100158691406e-01
3.260686397552490234e-01
3.244938850402832031e-01
2.677469253540039062e-01
1.872851848602294922e-01
1.849722862243652344e-01
1.930947303771972656e-01
2.693963050842285156e-01
3.440082073211669922e-01
3.421406745910644531e-01
3.379342555999755859e-01
3.428246974945068359e-01
3.462519645690917969e-01
3.385345935821533203e-01
3.307189941406250000e-01
3.411257266998291016e-01
3.388869762420654297e-01
3.198473453521728516e-01
2.507903575897216797e-01
1.825861930847167969e-01
2.589192390441894531e-01
3.365635871887207031e-01
2.606351375579833984e-01
1.888310909271240234e-01
2.614359855651855469e-01
3.305649757385253906e-01
3.200037479400634766e-01
3.277013301849365234e-01
3.160004615783691406e-01
3.273217678070068359e-01
3.512370586395263672e-01
3.392848968505859375e-01
3.397841453552246094e-01
4.521043300628662109e-01
4.584448337554931641e-01
3.372211456298828125e-01
3.282320499420166016e-01
2.594640254974365234e-01
1.906802654266357422e-01
1.971714496612548828e-01
1.982395648956298828e-01
2.704181671142578125e-01
2.643744945526123047e-01
1.915500164031982422e-01
2.631461620330810547e-01
3.224325180053710938e-01
3.195712566375732422e-01
2.603859901428222656e-01
2.730171680450439453e-01
3.486731052398681641e-01
3.420469760894775391e-01
3.308901786804199219e-01
3.348457813262939453e-01
2.664678096771240234e-01
2.379794120788574219e-01
3.040246963500976562e-01
3.287799358367919922e-01
3.358623981475830078e-01
3.309142589569091797e-01
2.595496177673339844e-01
2.651762962341308594e-01
3.465306758880615234e-01
3.365671634674072266e-01
3.254435062408447266e-01
3.388981819152832031e-01
3.391976356506347656e-01
3.340501785278320312e-01
3.167514801025390625e-01
2.471284866333007812e-01
1.929602622985839844e-01
2.585048675537109375e-01
3.280873298645019531e-01
3.402254581451416016e-01
3.433871269226074219e-01
3.285412788391113281e-01
2.969498634338378906e-01
3.095624446868896484e-01
3.460438251495361328e-01
2.914867401123046875e-01
2.854290008544921875e-01
3.336832523345947266e-01
2.998614311218261719e-01
2.920341491699218750e-01
2.925465106964111328e-01
2.329499721527099609e-01
2.440068721771240234e-01
2.455265522003173828e-01
2.657103538513183594e-01
2.639660835266113281e-01
2.566792964935302734e-01
2.515521049499511719e-01
2.582414150238037109e-01
3.365807533264160156e-01
3.358187675476074219e-01
2.568414211273193359e-01
1.782550811767578125e-01
2.593979835510253906e-01
2.731080055236816406e-01
2.014288902282714844e-01
2.027876377105712891e-01
2.112562656402587891e-01
2.140758037567138672e-01
2.200653553009033203e-01
2.562799453735351562e-01
2.451274394989013672e-01
2.057993412017822266e-01
2.019009590148925781e-01
2.864933013916015625e-01
3.313190937042236328e-01
3.207023143768310547e-01
3.552126884460449219e-01
3.519568443298339844e-01
3.445272445678710938e-01
3.542995452880859375e-01
3.673336505889892578e-01
3.585393428802490234e-01
2.740199565887451172e-01
2.818233966827392578e-01
3.566479682922363281e-01
3.552262783050537109e-01
3.590986728668212891e-01
3.650403022766113281e-01
3.472580909729003906e-01
2.725009918212890625e-01
2.112658023834228516e-01
2.020885944366455078e-01
2.828404903411865234e-01
3.489384651184082031e-01
3.187978267669677734e-01
2.500209808349609375e-01
2.813520431518554688e-01
3.563477993011474609e-01
3.406965732574462891e-01
3.472266197204589844e-01
3.483982086181640625e-01
3.416628837585449219e-01
3.013875484466552734e-01
2.469737529754638672e-01
2.255122661590576172e-01
2.163281440734863281e-01
3.051967620849609375e-01
3.004264831542968750e-01
2.701752185821533203e-01
3.400802612304687500e-01
3.553478717803955078e-01
3.555493354797363281e-01
2.972502708435058594e-01
2.367622852325439453e-01
2.257628440856933594e-01
2.857959270477294922e-01
3.471453189849853516e-01
3.687043190002441406e-01
3.664278984069824219e-01
2.662096023559570312e-01
1.926176548004150391e-01
2.710986137390136719e-01
3.305981159210205078e-01
3.031287193298339844e-01
2.984552383422851562e-01
3.246464729309082031e-01
3.544545173645019531e-01
3.596560955047607422e-01
3.510572910308837891e-01
3.506650924682617188e-01
3.550872802734375000e-01
3.472795486450195312e-01
3.472881317138671875e-01
3.380861282348632812e-01
3.321135044097900391e-01
3.488156795501708984e-01
2.776188850402832031e-01
1.993768215179443359e-01
1.993534564971923828e-01
2.757108211517333984e-01
3.471858501434326172e-01
3.278179168701171875e-01
3.264341354370117188e-01
3.437042236328125000e-01
3.435573577880859375e-01
3.366167545318603516e-01
3.509774208068847656e-01
3.578159809112548828e-01
3.435139656066894531e-01
2.714812755584716797e-01
2.774970531463623047e-01
2.741687297821044922e-01
2.642934322357177734e-01
3.345601558685302734e-01
3.345715999603271484e-01
3.266375064849853516e-01
3.337311744689941406e-01
3.552317619323730469e-01
3.598175048828125000e-01
3.597724437713623047e-01
3.119728565216064453e-01
2.957496643066406250e-01
3.379166126251220703e-01
3.208036422729492188e-01
3.269221782684326172e-01
3.446922302246093750e-01
3.327286243438720703e-01
2.812242507934570312e-01
2.845971584320068359e-01
3.372373580932617188e-01
3.258862495422363281e-01
3.093001842498779297e-01
3.258464336395263672e-01
3.450484275817871094e-01
3.449096679687500000e-01
3.414974212646484375e-01
3.319699764251708984e-01
3.454074859619140625e-01
3.418238162994384766e-01
2.945871353149414062e-01
2.973461151123046875e-01
2.968950271606445312e-01
2.954533100128173828e-01
3.231880664825439453e-01
3.297855854034423828e-01
3.302857875823974609e-01
2.960326671600341797e-01
3.060638904571533203e-01
3.339042663574218750e-01
3.194077014923095703e-01
2.491846084594726562e-01
2.456390857696533203e-01
3.212530612945556641e-01
2.634873390197753906e-01
2.639956474304199219e-01
2.647111415863037109e-01
2.668015956878662109e-01
2.681422233581542969e-01
2.586410045623779297e-01
2.581720352172851562e-01
2.767105102539062500e-01
3.404104709625244141e-01
2.580468654632568359e-01
2.589714527130126953e-01
2.581956386566162109e-01
1.902060508728027344e-01
1.909730434417724609e-01
1.951875686645507812e-01
1.931695938110351562e-01
1.946916580200195312e-01
2.731263637542724609e-01
3.435554504394531250e-01
3.428733348846435547e-01
3.455932140350341797e-01
3.439557552337646484e-01
3.356211185455322266e-01
3.308448791503906250e-01
3.383598327636718750e-01
3.356099128723144531e-01
3.278269767761230469e-01
2.588119506835937500e-01
2.493324279785156250e-01
3.266839981079101562e-01
3.396930694580078125e-01
2.542259693145751953e-01
2.626647949218750000e-01
3.671193122863769531e-01
3.796384334564208984e-01
3.715121746063232422e-01
3.653414249420166016e-01
2.870004177093505859e-01
2.099666595458984375e-01
2.841429710388183594e-01
3.047022819519042969e-01
2.930121421813964844e-01
3.345623016357421875e-01
3.416817188262939453e-01
3.616838455200195312e-01
2.908287048339843750e-01
2.094950675964355469e-01
2.092945575714111328e-01
2.098081111907958984e-01
2.832736968994140625e-01
3.523528575897216797e-01
3.402836322784423828e-01
3.398635387420654297e-01
3.488342761993408203e-01
3.457782268524169922e-01
3.573250770568847656e-01
3.321919441223144531e-01
3.099753856658935547e-01
3.414440155029296875e-01
3.548753261566162109e-01
3.418800830841064453e-01
2.684042453765869141e-01
2.018404006958007812e-01
1.991226673126220703e-01
2.745511531829833984e-01
2.753479480743408203e-01
2.818744182586669922e-01
2.827837467193603516e-01
2.023530006408691406e-01
2.043383121490478516e-01
2.009584903717041016e-01
2.004716396331787109e-01
2.056734561920166016e-01
2.030196189880371094e-01
2.804267406463623047e-01
2.820544242858886719e-01
2.706861495971679688e-01
3.325605392456054688e-01
3.488209247589111328e-01
3.583834171295166016e-01
3.506789207458496094e-01
3.497898578643798828e-01
3.528549671173095703e-01
3.430185317993164062e-01
3.281302452087402344e-01
2.655904293060302734e-01
1.987037658691406250e-01
2.617325782775878906e-01
3.386168479919433594e-01
3.423700332641601562e-01
3.377258777618408203e-01
3.030326366424560547e-01
3.165304660797119141e-01
3.402607440948486328e-01
3.312108516693115234e-01
3.193626403808593750e-01
3.281264305114746094e-01
3.602101802825927734e-01
3.514163494110107422e-01
2.717685699462890625e-01
2.017157077789306641e-01
2.726643085479736328e-01
3.154556751251220703e-01
3.271572589874267578e-01
3.568079471588134766e-01
3.485898971557617188e-01
3.410744667053222656e-01
3.407468795776367188e-01
3.385927677154541016e-01
2.700510025024414062e-01
2.043256759643554688e-01
1.981358528137207031e-01
2.555518150329589844e-01
3.244290351867675781e-01
3.331592082977294922e-01
3.311505317687988281e-01
3.402507305145263672e-01
3.339579105377197266e-01
3.271369934082031250e-01
3.387427330017089844e-01
3.456652164459228516e-01
3.448562622070312500e-01
3.401229381561279297e-01
3.431365489959716797e-01
3.461065292358398438e-01
3.432674407958984375e-01
2.665114402770996094e-01
2.784972190856933594e-01
3.518052101135253906e-01
3.425343036651611328e-01
3.324477672576904297e-01
3.503136634826660156e-01
3.636231422424316406e-01
3.460485935211181641e-01
3.410341739654541016e-01
3.394014835357666016e-01
3.461551666259765625e-01
3.463604450225830078e-01
3.477857112884521484e-01
3.334853649139404297e-01
3.342499732971191406e-01
3.498377799987792969e-01
3.517413139343261719e-01
3.497762680053710938e-01
3.428127765655517578e-01
3.251914978027343750e-01
3.187465667724609375e-01
3.340370655059814453e-01
3.421008586883544922e-01
3.180475234985351562e-01
2.429256439208984375e-01
1.971776485443115234e-01
2.666649818420410156e-01
2.656037807464599609e-01
2.709398269653320312e-01
3.433456420898437500e-01
3.477289676666259766e-01
3.242080211639404297e-01
3.022842407226562500e-01
2.887921333312988281e-01
2.339043617248535156e-01
2.760982513427734375e-01
3.432610034942626953e-01
3.473324775695800781e-01
3.520684242248535156e-01
3.383343219757080078e-01
3.293623924255371094e-01
3.357584476470947266e-01
3.354952335357666016e-01
3.407201766967773438e-01
3.464965820312500000e-01
3.417751789093017578e-01
3.563351631164550781e-01
3.635845184326171875e-01
3.064355850219726562e-01
2.264328002929687500e-01
2.774162292480468750e-01
3.025887012481689453e-01
2.272365093231201172e-01
2.070674896240234375e-01
2.067739963531494141e-01
2.074034214019775391e-01
2.066042423248291016e-01
2.071681022644042969e-01
2.774119377136230469e-01
3.504748344421386719e-01
3.332099914550781250e-01
3.237688541412353516e-01
3.434596061706542969e-01
3.473076820373535156e-01
3.374464511871337891e-01
3.196983337402343750e-01
3.273375034332275391e-01
2.721908092498779297e-01
1.887879371643066406e-01
2.379631996154785156e-01
3.282456398010253906e-01
2.832736968994140625e-01
2.741775512695312500e-01
3.516151905059814453e-01
2.850785255432128906e-01
2.781620025634765625e-01
2.740032672882080078e-01
2.806699275970458984e-01
2.802674770355224609e-01
2.038557529449462891e-01
2.028858661651611328e-01
2.736048698425292969e-01
3.429317474365234375e-01
3.321099281311035156e-01
3.294298648834228516e-01
3.394830226898193359e-01
3.470196723937988281e-01
3.534331321716308594e-01
3.300442695617675781e-01
3.240652084350585938e-01
3.016259670257568359e-01
2.264516353607177734e-01
2.752566337585449219e-01
3.514513969421386719e-01
3.561110496520996094e-01
3.410553932189941406e-01
3.311040401458740234e-01
3.395707607269287109e-01
3.513877391815185547e-01
3.099482059478759766e-01
3.006286621093750000e-01
3.417437076568603516e-01
2.977979183197021484e-01
3.028645515441894531e-01
3.236913681030273438e-01
3.202493190765380859e-01
3.490552902221679688e-01
2.761197090148925781e-01
2.612452507019042969e-01
3.403551578521728516e-01
2.802481651306152344e-01
2.799947261810302734e-01
2.775332927703857422e-01
2.674405574798583984e-01
3.196551799774169922e-01
2.437038421630859375e-01
2.638521194458007812e-01
3.411223888397216797e-01
2.785961627960205078e-01
2.006373405456542969e-01
2.564110755920410156e-01
3.318030834197998047e-01
3.006958961486816406e-01
3.071331977844238281e-01
3.176681995391845703e-01
2.438237667083740234e-01
2.659199237823486328e-01
2.652919292449951172e-01
1.993043422698974609e-01
2.710280418395996094e-01
3.437767028808593750e-01
3.390738964080810547e-01
3.238899707794189453e-01
3.255529403686523438e-01
3.384039402008056641e-01
2.679853439331054688e-01
2.642612457275390625e-01
2.651462554931640625e-01
1.921918392181396484e-01
1.924350261688232422e-01
2.509100437164306641e-01
3.224034309387207031e-01
3.520457744598388672e-01
3.447141647338867188e-01
2.850670814514160156e-01
2.971615791320800781e-01
3.433244228363037109e-01
2.634341716766357422e-01
2.681264877319335938e-01
3.567230701446533203e-01
3.686270713806152344e-01
3.579428195953369141e-01
3.431742191314697266e-01
2.698616981506347656e-01
1.950337886810302734e-01
2.669022083282470703e-01
3.338520526885986328e-01
3.451209068298339844e-01
3.515863418579101562e-01
2.621462345123291016e-01
2.552764415740966797e-01
3.321340084075927734e-01
3.539223670959472656e-01
3.666799068450927734e-01
2.757270336151123047e-01
2.292206287384033203e-01
2.394998073577880859e-01
2.982888221740722656e-01
3.871173858642578125e-01
3.297410011291503906e-01
3.293321132659912109e-01
3.858773708343505859e-01
3.791344165802001953e-01
2.883450984954833984e-01
2.628526687622070312e-01
3.474702835083007812e-01
3.635587692260742188e-01
3.614642620086669922e-01
3.639016151428222656e-01
2.882413864135742188e-01
2.134423255920410156e-01
2.827074527740478516e-01
3.587830066680908203e-01
3.603622913360595703e-01
3.315401077270507812e-01
2.812266349792480469e-01
2.608566284179687500e-01
2.559819221496582031e-01
2.361619472503662109e-01
2.944791316986083984e-01
3.628683090209960938e-01
3.025672435760498047e-01
2.195527553558349609e-01
2.762818336486816406e-01
3.631181716918945312e-01
3.662433624267578125e-01
3.603730201721191406e-01
3.519544601440429688e-01
3.304154872894287109e-01
3.225185871124267578e-01
3.044264316558837891e-01
2.413861751556396484e-01
2.761328220367431641e-01
3.517107963562011719e-01
3.549530506134033203e-01
3.510446548461914062e-01
3.433051109313964844e-01
2.715067863464355469e-01
2.821326255798339844e-01
3.548145294189453125e-01
3.425512313842773438e-01
2.607035636901855469e-01
2.738714218139648438e-01
3.606200218200683594e-01
3.499445915222167969e-01
3.005886077880859375e-01
3.047478199005126953e-01
3.529434204101562500e-01
3.574047088623046875e-01
2.972176074981689453e-01
2.285313606262207031e-01
2.325465679168701172e-01
2.357320785522460938e-01
2.129962444305419922e-01
2.017920017242431641e-01
2.711997032165527344e-01
2.674951553344726562e-01
2.059285640716552734e-01
2.815356254577636719e-01
2.693171501159667969e-01
1.924405097961425781e-01
1.496133804321289062e-01
2.276754379272460938e-01
3.575255870819091797e-01
2.865478992462158203e-01
2.082705497741699219e-01
2.892158031463623047e-01
2.882258892059326172e-01
2.920861244201660156e-01
3.697378635406494141e-01
3.446896076202392578e-01
2.699084281921386719e-01
3.515436649322509766e-01
3.463823795318603516e-01
2.009766101837158203e-01
2.000160217285156250e-01
2.148880958557128906e-01
2.174773216247558594e-01
2.083075046539306641e-01
2.834138870239257812e-01
3.507301807403564453e-01
3.520803451538085938e-01
3.494114875793457031e-01
2.706983089447021484e-01
2.646639347076416016e-01
3.326697349548339844e-01
3.320457935333251953e-01
3.467485904693603516e-01
3.746783733367919922e-01
3.734881877899169922e-01
3.539314270019531250e-01
3.371636867523193359e-01
3.441207408905029297e-01
3.437285423278808594e-01
2.628753185272216797e-01
2.002534866333007812e-01
2.808227539062500000e-01
3.446044921875000000e-01
3.397202491760253906e-01
3.250167369842529297e-01
3.108940124511718750e-01
3.297512531280517578e-01
3.487942218780517578e-01
3.587629795074462891e-01
3.660838603973388672e-01
3.571078777313232422e-01
3.453910350799560547e-01
2.765805721282958984e-01
2.104854583740234375e-01
2.796940803527832031e-01
2.787775993347167969e-01
2.440726757049560547e-01
3.139491081237792969e-01
3.557472229003906250e-01
3.592891693115234375e-01
3.714292049407958984e-01
2.924492359161376953e-01
2.770226001739501953e-01
3.461940288543701172e-01
3.303384780883789062e-01
3.472025394439697266e-01
2.873179912567138672e-01
2.826035022735595703e-01
3.638641834259033203e-01
3.376536369323730469e-01
3.165493011474609375e-01
3.257052898406982422e-01
3.524124622344970703e-01
3.566718101501464844e-01
3.359580039978027344e-01
3.366415500640869141e-01
3.379452228546142578e-01
3.394379615783691406e-01
3.444616794586181641e-01
3.406424522399902344e-01
3.336954116821289062e-01
3.266441822052001953e-01
3.366544246673583984e-01
3.394622802734375000e-01
3.284087181091308594e-01
3.254559040069580078e-01
2.609977722167968750e-01
1.938993930816650391e-01
1.950421333312988281e-01
2.612276077270507812e-01
2.534265518188476562e-01
1.872110366821289062e-01
2.585995197296142578e-01
3.155994415283203125e-01
3.185827732086181641e-01
3.248684406280517578e-01
2.553381919860839844e-01
2.646641731262207031e-01
2.673175334930419922e-01
1.990106105804443359e-01
1.902716159820556641e-01
2.474062442779541016e-01
3.198850154876708984e-01
2.618901729583740234e-01
2.736699581146240234e-01
3.356485366821289062e-01
2.596950531005859375e-01
2.893993854522705078e-01
3.567249774932861328e-01
3.097205162048339844e-01
3.150303363800048828e-01
3.181293010711669922e-01
3.098840713500976562e-01
3.231108188629150391e-01
3.293726444244384766e-01
3.356876373291015625e-01
3.340766429901123047e-01
3.201825618743896484e-01
3.278224468231201172e-01
3.365848064422607422e-01
2.523236274719238281e-01
2.426803112030029297e-01
3.234794139862060547e-01
3.402969837188720703e-01
3.323779106140136719e-01
3.231101036071777344e-01
3.267946243286132812e-01
3.379590511322021484e-01
3.151617050170898438e-01
3.097109794616699219e-01
3.358895778656005859e-01
3.423507213592529297e-01
3.469605445861816406e-01
3.463668823242187500e-01
3.431463241577148438e-01
3.151950836181640625e-01
3.069722652435302734e-01
3.292758464813232422e-01
3.342604637145996094e-01
3.410980701446533203e-01
3.491439819335937500e-01
3.233761787414550781e-01
3.188626766204833984e-01
2.717792987823486328e-01
2.649693489074707031e-01
2.645769119262695312e-01
1.930799484252929688e-01
2.716436386108398438e-01
3.513429164886474609e-01
3.602545261383056641e-01
3.551387786865234375e-01
2.675943374633789062e-01
1.950745582580566406e-01
2.724163532257080078e-01
3.396289348602294922e-01
2.553443908691406250e-01
2.537379264831542969e-01
3.297424316406250000e-01
3.208494186401367188e-01
3.083250522613525391e-01
3.181803226470947266e-01
3.330552577972412109e-01
2.697315216064453125e-01
1.935436725616455078e-01
1.833302974700927734e-01
1.771814823150634766e-01
1.818175315856933594e-01
1.851592063903808594e-01
1.800091266632080078e-01
1.748378276824951172e-01
2.674312591552734375e-01
3.702042102813720703e-01
3.737452030181884766e-01
3.632388114929199219e-01
3.485777378082275391e-01
3.390564918518066406e-01
3.364844322204589844e-01
3.448619842529296875e-01
3.474819660186767578e-01
2.733504772186279297e-01
2.062609195709228516e-01
2.073235511779785156e-01
2.072227001190185547e-01
2.767546176910400391e-01
3.532731533050537109e-01
3.423237800598144531e-01
3.297903537750244141e-01
3.014864921569824219e-01
2.360348701477050781e-01
2.047405242919921875e-01
2.078716754913330078e-01
2.058980464935302734e-01
1.971921920776367188e-01
2.730755805969238281e-01
3.431093692779541016e-01
2.777483463287353516e-01
2.067739963531494141e-01
2.655940055847167969e-01
3.235337734222412109e-01
3.361790180206298828e-01
2.874746322631835938e-01
2.053601741790771484e-01
2.011139392852783203e-01
2.780027389526367188e-01
3.222846984863281250e-01
2.465469837188720703e-01
1.994645595550537109e-01
1.955754756927490234e-01
2.786464691162109375e-01
3.471336364746093750e-01
2.667894363403320312e-01
2.743914127349853516e-01
3.149883747100830078e-01
3.135194778442382812e-01
3.246750831604003906e-01
3.254208564758300781e-01
3.457818031311035156e-01
3.177225589752197266e-01
2.435836791992187500e-01
2.732319831848144531e-01
3.465886116027832031e-01
2.683107852935791016e-01
2.024884223937988281e-01
2.741832733154296875e-01
2.644932270050048828e-01
2.360789775848388672e-01
2.377560138702392578e-01
2.758424282073974609e-01
3.480713367462158203e-01
3.423826694488525391e-01
3.070757389068603516e-01
2.303261756896972656e-01
1.905622482299804688e-01
2.641856670379638672e-01
2.605087757110595703e-01
1.897506713867187500e-01
1.949515342712402344e-01
1.928853988647460938e-01
1.931023597717285156e-01
2.751209735870361328e-01
2.749397754669189453e-01
2.713489532470703125e-01
3.394281864166259766e-01
3.359804153442382812e-01
3.350532054901123047e-01
2.623622417449951172e-01
2.600471973419189453e-01
3.297681808471679688e-01
3.360292911529541016e-01
3.308873176574707031e-01
3.363952636718750000e-01
3.477706909179687500e-01
3.472280502319335938e-01
3.568139076232910156e-01
3.581757545471191406e-01
3.445351123809814453e-01
3.322088718414306641e-01
2.967488765716552734e-01
2.575416564941406250e-01
3.020837306976318359e-01
3.394706249237060547e-01
3.340296745300292969e-01
2.779731750488281250e-01
2.560482025146484375e-01
3.179125785827636719e-01
3.426501750946044922e-01
3.530502319335937500e-01
2.690553665161132812e-01
1.880328655242919922e-01
1.922161579132080078e-01
2.686648368835449219e-01
3.294489383697509766e-01
2.636408805847167969e-01
2.075700759887695312e-01
1.959609985351562500e-01
1.916463375091552734e-01
1.986901760101318359e-01
2.698385715484619141e-01
3.391788005828857422e-01
3.524005413055419922e-01
3.391356468200683594e-01
2.569289207458496094e-01
2.005262374877929688e-01
2.777752876281738281e-01
2.821447849273681641e-01
2.887010574340820312e-01
3.613002300262451172e-01
3.638913631439208984e-01
3.333852291107177734e-01
2.493665218353271484e-01
2.763924598693847656e-01
3.466868400573730469e-01
2.688925266265869141e-01
2.601313591003417969e-01
2.584524154663085938e-01
2.723441123962402344e-01
2.745542526245117188e-01
2.040688991546630859e-01
2.746429443359375000e-01
3.498411178588867188e-01
3.570134639739990234e-01
3.478507995605468750e-01
3.463807106018066406e-01
3.549683094024658203e-01
3.614680767059326172e-01
3.514626026153564453e-01
3.481242656707763672e-01
3.533794879913330078e-01
3.494441509246826172e-01
3.366053104400634766e-01
3.422534465789794922e-01
3.555014133453369141e-01
3.563878536224365234e-01
2.797243595123291016e-01
1.945590972900390625e-01
2.519390583038330078e-01
