1.611227989196777344e-01
2.574882507324218750e-01
1.812388896942138672e-01
2.483184337615966797e-01
2.521667480468750000e-01
2.336971759796142578e-01
2.312219142913818359e-01
2.471544742584228516e-01
2.534532546997070312e-01
1.795647144317626953e-01
1.763219833374023438e-01
2.514972686767578125e-01
2.827517986297607422e-01
2.099027633666992188e-01
1.780283451080322266e-01
2.558345794677734375e-01
2.959988117218017578e-01
2.224848270416259766e-01
1.891047954559326172e-01
2.241702079772949219e-01
2.173638343811035156e-01
1.816155910491943359e-01
1.865253448486328125e-01
2.629513740539550781e-01
3.219740390777587891e-01
3.194854259490966797e-01
3.359749317169189453e-01
3.329751491546630859e-01
2.569453716278076172e-01
2.617373466491699219e-01
2.637770175933837891e-01
1.860024929046630859e-01
2.593615055084228516e-01
3.298327922821044922e-01
3.314585685729980469e-01
3.014695644378662109e-01
2.304229736328125000e-01
1.916890144348144531e-01
1.872873306274414062e-01
1.903984546661376953e-01
1.872830390930175781e-01
1.865344047546386719e-01
2.527217864990234375e-01
3.180243968963623047e-01
3.291409015655517578e-01
3.147709369659423828e-01
3.117856979370117188e-01
3.287148475646972656e-01
2.962474822998046875e-01
2.779762744903564453e-01
2.368402481079101562e-01
1.848261356353759766e-01
1.866934299468994141e-01
2.559468746185302734e-01
2.980167865753173828e-01
2.229509353637695312e-01
2.469215393066406250e-01
2.514333724975585938e-01
1.819529533386230469e-01
1.831951141357421875e-01
1.828513145446777344e-01
1.797320842742919922e-01
1.772973537445068359e-01
1.780121326446533203e-01
1.804139614105224609e-01
1.895165443420410156e-01
1.905009746551513672e-01
1.915147304534912109e-01
1.961555480957031250e-01
1.825749874114990234e-01
2.558996677398681641e-01
3.465666770935058594e-01
3.574759960174560547e-01
3.606376647949218750e-01
2.881155014038085938e-01
1.978671550750732422e-01
1.853854656219482422e-01
2.575330734252929688e-01
3.244402408599853516e-01
3.268764019012451172e-01
3.346526622772216797e-01
2.706723213195800781e-01
2.008099555969238281e-01
2.438571453094482422e-01
2.458856105804443359e-01
1.966769695281982422e-01
1.926372051239013672e-01
1.929450035095214844e-01
2.745001316070556641e-01
2.960944175720214844e-01
2.078192234039306641e-01
1.994984149932861328e-01
2.043838500976562500e-01
1.879367828369140625e-01
1.813521385192871094e-01
1.814668178558349609e-01
3.338828086853027344e-01
3.332169055938720703e-01
1.949460506439208984e-01
2.749578952789306641e-01
3.091845512390136719e-01
2.267549037933349609e-01
2.428138256072998047e-01
3.105747699737548828e-01
2.505202293395996094e-01
2.566897869110107422e-01
3.303205966949462891e-01
2.681078910827636719e-01
2.634081840515136719e-01
3.288993835449218750e-01
2.670302391052246094e-01
2.001645565032958984e-01
1.958448886871337891e-01
1.949656009674072266e-01
1.936564445495605469e-01
1.895973682403564453e-01
1.876177787780761719e-01
1.860513687133789062e-01
1.829588413238525391e-01
2.695965766906738281e-01
3.471307754516601562e-01
3.471016883850097656e-01
3.482797145843505859e-01
3.335623741149902344e-01
2.655889987945556641e-01
2.057588100433349609e-01
2.152307033538818359e-01
2.140841484069824219e-01
2.080786228179931641e-01
2.725427150726318359e-01
2.637426853179931641e-01
2.632546424865722656e-01
2.607131004333496094e-01
1.848204135894775391e-01
2.628126144409179688e-01
3.429958820343017578e-01
2.758553028106689453e-01
2.022593021392822266e-01
1.937870979309082031e-01
1.922080516815185547e-01
2.024273872375488281e-01
2.668337821960449219e-01
3.128285408020019531e-01
3.117911815643310547e-01
3.117525577545166016e-01
2.893490791320800781e-01
3.030536174774169922e-01
3.093750476837158203e-01
3.152937889099121094e-01
2.722527980804443359e-01
1.978487968444824219e-01
1.929531097412109375e-01
1.974503993988037109e-01
2.113709449768066406e-01
2.053480148315429688e-01
1.883571147918701172e-01
1.896877288818359375e-01
1.936271190643310547e-01
2.549943923950195312e-01
3.257231712341308594e-01
2.643766403198242188e-01
1.906485557556152344e-01
1.433060169219970703e-01
1.604912281036376953e-01
2.444832324981689453e-01
3.016884326934814453e-01
2.704236507415771484e-01
2.145555019378662109e-01
2.192919254302978516e-01
2.052083015441894531e-01
1.986842155456542969e-01
2.012078762054443359e-01
1.976506710052490234e-01
1.971416473388671875e-01
2.049698829650878906e-01
2.067770957946777344e-01
2.024927139282226562e-01
1.962409019470214844e-01
2.028393745422363281e-01
2.089054584503173828e-01
2.024834156036376953e-01
2.050590515136718750e-01
2.083873748779296875e-01
2.928116321563720703e-01
3.631160259246826172e-01
2.743425369262695312e-01
2.005476951599121094e-01
2.000169754028320312e-01
2.029967308044433594e-01
2.039055824279785156e-01
2.040457725524902344e-01
2.246453762054443359e-01
2.407412528991699219e-01
2.304744720458984375e-01
2.199995517730712891e-01
2.090272903442382812e-01
2.034628391265869141e-01
2.075045108795166016e-01
2.121143341064453125e-01
2.129824161529541016e-01
2.824444770812988281e-01
2.834312915802001953e-01
2.067117691040039062e-01
1.985261440277099609e-01
2.689862251281738281e-01
3.531875610351562500e-01
3.608508110046386719e-01
3.468759059906005859e-01
3.039281368255615234e-01
3.016021251678466797e-01
2.681260108947753906e-01
2.167947292327880859e-01
2.101759910583496094e-01
2.740759849548339844e-01
3.427057266235351562e-01
2.630927562713623047e-01
2.501606941223144531e-01
2.489335536956787109e-01
2.751908302307128906e-01
2.770402431488037109e-01
2.065055370330810547e-01
2.067000865936279297e-01
2.672500610351562500e-01
2.699201107025146484e-01
2.015314102172851562e-01
1.965286731719970703e-01
1.934871673583984375e-01
2.745707035064697266e-01
3.141968250274658203e-01
2.345192432403564453e-01
2.000949382781982422e-01
2.112298011779785156e-01
2.993440628051757812e-01
3.049309253692626953e-01
3.056638240814208984e-01
3.764097690582275391e-01
3.276407718658447266e-01
2.397992610931396484e-01
2.768208980560302734e-01
2.769088745117187500e-01
1.939890384674072266e-01
1.923809051513671875e-01
1.964526176452636719e-01
2.651340961456298828e-01
2.589271068572998047e-01
1.874868869781494141e-01
2.676565647125244141e-01
2.691965103149414062e-01
2.692704200744628906e-01
3.279318809509277344e-01
2.605659961700439453e-01
2.639117240905761719e-01
2.523269653320312500e-01
2.548108100891113281e-01
2.541084289550781250e-01
1.936018466949462891e-01
1.976087093353271484e-01
1.894466876983642578e-01
1.808009147644042969e-01
2.562143802642822266e-01
3.071126937866210938e-01
2.315223217010498047e-01
1.855330467224121094e-01
2.536432743072509766e-01
3.383464813232421875e-01
3.606300354003906250e-01
3.634996414184570312e-01
3.620791435241699219e-01
3.567814826965332031e-01
3.476862907409667969e-01
3.443472385406494141e-01
2.989842891693115234e-01
2.946658134460449219e-01
3.305504322052001953e-01
3.134071826934814453e-01
3.162927627563476562e-01
3.350787162780761719e-01
3.461203575134277344e-01
3.307890892028808594e-01
3.225064277648925781e-01
2.897548675537109375e-01
2.265515327453613281e-01
1.990292072296142578e-01
1.945834159851074219e-01
2.884371280670166016e-01
3.653187751770019531e-01
3.513646125793457031e-01
2.739186286926269531e-01
1.996200084686279297e-01
2.113072872161865234e-01
2.945513725280761719e-01
3.635256290435791016e-01
3.617973327636718750e-01
3.655703067779541016e-01
2.908220291137695312e-01
1.982707977294921875e-01
1.978569030761718750e-01
2.107582092285156250e-01
1.956510543823242188e-01
1.832299232482910156e-01
1.981954574584960938e-01
2.041122913360595703e-01
1.985390186309814453e-01
2.691714763641357422e-01
3.390767574310302734e-01
3.398203849792480469e-01
3.443393707275390625e-01
2.724397182464599609e-01
1.915140151977539062e-01
1.912660598754882812e-01
2.773449420928955078e-01
2.849016189575195312e-01
2.069532871246337891e-01
2.081243991851806641e-01
2.103099822998046875e-01
2.347087860107421875e-01
2.299041748046875000e-01
2.109177112579345703e-01
2.087266445159912109e-01
1.956982612609863281e-01
1.972689628601074219e-01
2.786109447479248047e-01
3.533742427825927734e-01
3.497743606567382812e-01
2.848737239837646484e-01
1.668710708618164062e-01
1.610224246978759766e-01
2.863276004791259766e-01
3.274073600769042969e-01
3.084926605224609375e-01
3.195199966430664062e-01
2.589135169982910156e-01
2.102408409118652344e-01
2.830269336700439453e-01
3.612563610076904297e-01
3.663928508758544922e-01
3.414454460144042969e-01
2.598276138305664062e-01
2.876944541931152344e-01
3.664081096649169922e-01
3.603045940399169922e-01
3.382561206817626953e-01
3.459587097167968750e-01
3.776662349700927734e-01
2.988424301147460938e-01
2.334265708923339844e-01
3.080942630767822266e-01
3.615727424621582031e-01
2.779827117919921875e-01
2.064952850341796875e-01
2.231833934783935547e-01
3.059334754943847656e-01
3.246779441833496094e-01
3.246462345123291016e-01
3.781697750091552734e-01
3.675792217254638672e-01
3.587796688079833984e-01
2.844243049621582031e-01
2.468490600585937500e-01
2.466387748718261719e-01
2.713835239410400391e-01
2.702679634094238281e-01
2.011232376098632812e-01
2.078619003295898438e-01
2.867302894592285156e-01
2.794544696807861328e-01
2.015008926391601562e-01
2.782795429229736328e-01
2.792611122131347656e-01
2.036778926849365234e-01
2.728989124298095703e-01
3.405632972717285156e-01
3.440430164337158203e-01
3.537392616271972656e-01
3.517308235168457031e-01
3.088176250457763672e-01
2.369055747985839844e-01
2.044458389282226562e-01
2.046449184417724609e-01
2.010004520416259766e-01
2.038421630859375000e-01
2.000017166137695312e-01
2.000963687896728516e-01
2.760579586029052734e-01
2.752804756164550781e-01
2.503364086151123047e-01
2.495729923248291016e-01
2.037904262542724609e-01
2.719361782073974609e-01
2.734794616699218750e-01
2.736949920654296875e-01
2.745428085327148438e-01
2.805578708648681641e-01
2.993247509002685547e-01
2.306733131408691406e-01
2.936182022094726562e-01
3.690791130065917969e-01
3.647856712341308594e-01
3.369469642639160156e-01
2.577061653137207031e-01
2.102715969085693359e-01
2.862746715545654297e-01
3.467030525207519531e-01
3.542075157165527344e-01
3.454165458679199219e-01
3.289673328399658203e-01
3.520090579986572266e-01
3.557152748107910156e-01
3.424808979034423828e-01
2.758007049560546875e-01
2.110202312469482422e-01
2.129917144775390625e-01
2.991063594818115234e-01
3.223471641540527344e-01
2.355022430419921875e-01
2.086844444274902344e-01
2.477564811706542969e-01
2.465615272521972656e-01
2.708539962768554688e-01
2.709982395172119141e-01
2.042312622070312500e-01
2.069187164306640625e-01
2.084138393402099609e-01
2.033667564392089844e-01
2.858488559722900391e-01
2.882368564605712891e-01
2.073221206665039062e-01
2.087323665618896484e-01
2.817242145538330078e-01
2.758548259735107422e-01
2.059540748596191406e-01
2.067668437957763672e-01
2.026607990264892578e-01
2.068586349487304688e-01
2.796368598937988281e-01
3.373923301696777344e-01
2.636151313781738281e-01
2.041449546813964844e-01
2.040364742279052734e-01
2.037065029144287109e-01
2.032370567321777344e-01
2.035338878631591797e-01
2.101690769195556641e-01
2.111616134643554688e-01
2.063210010528564453e-01
2.036821842193603516e-01
2.002604007720947266e-01
2.756426334381103516e-01
2.763805389404296875e-01
2.783386707305908203e-01
2.773506641387939453e-01
2.809264659881591797e-01
3.563213348388671875e-01
2.767302989959716797e-01
2.789168357849121094e-01
3.494048118591308594e-01
2.761034965515136719e-01
2.735102176666259766e-01
2.661440372467041016e-01
2.014334201812744141e-01
2.059278488159179688e-01
2.672531604766845703e-01
3.400299549102783203e-01
2.733492851257324219e-01
1.986901760101318359e-01
2.067127227783203125e-01
2.043161392211914062e-01
2.009251117706298828e-01
2.713708877563476562e-01
2.702529430389404297e-01
2.027938365936279297e-01
2.028191089630126953e-01
2.063102722167968750e-01
2.042868137359619141e-01
1.992113590240478516e-01
1.958096027374267578e-01
1.971452236175537109e-01
2.004716396331787109e-01
1.994531154632568359e-01
1.996994018554687500e-01
1.987092494964599609e-01
1.992330551147460938e-01
2.006025314331054688e-01
2.662060260772705078e-01
2.670080661773681641e-01
1.984038352966308594e-01
2.627501487731933594e-01
2.607176303863525391e-01
1.474385261535644531e-01
1.533355712890625000e-01
2.937886714935302734e-01
3.769180774688720703e-01
3.702046871185302734e-01
3.310661315917968750e-01
3.037056922912597656e-01
3.043501377105712891e-01
2.440605163574218750e-01
1.992869377136230469e-01
2.691383361816406250e-01
2.702701091766357422e-01
2.852604389190673828e-01
3.236336708068847656e-01
3.242137432098388672e-01
2.884635925292968750e-01
2.673592567443847656e-01
2.634670734405517578e-01
2.158961296081542969e-01
3.012828826904296875e-01
2.972943782806396484e-01
2.188942432403564453e-01
2.168219089508056641e-01
2.184028625488281250e-01
2.063732147216796875e-01
2.022323608398437500e-01
2.689518928527832031e-01
2.602095603942871094e-01
1.954777240753173828e-01
2.381472587585449219e-01
2.399740219116210938e-01
2.005915641784667969e-01
2.033586502075195312e-01
2.019033432006835938e-01
2.038245201110839844e-01
2.769567966461181641e-01
3.363871574401855469e-01
3.249559402465820312e-01
3.252880573272705078e-01
2.620110511779785156e-01
2.674570083618164062e-01
2.686657905578613281e-01
2.365019321441650391e-01
2.354536056518554688e-01
2.645573616027832031e-01
2.680766582489013672e-01
2.777080535888671875e-01
3.189148902893066406e-01
2.426829338073730469e-01
2.007763385772705078e-01
1.957738399505615234e-01
2.395591735839843750e-01
2.504284381866455078e-01
2.816455364227294922e-01
3.414287567138671875e-01
2.690105438232421875e-01
1.992654800415039062e-01
2.676854133605957031e-01
2.642614841461181641e-01
1.868185997009277344e-01
2.686691284179687500e-01
3.103513717651367188e-01
3.055577278137207031e-01
3.402819633483886719e-01
3.468804359436035156e-01
3.370921611785888672e-01
3.332591056823730469e-01
3.427672386169433594e-01
3.482155799865722656e-01
3.167626857757568359e-01
2.412376403808593750e-01
2.005693912506103516e-01
1.985535621643066406e-01
1.975667476654052734e-01
1.964468955993652344e-01
1.950671672821044922e-01
1.935544013977050781e-01
1.945025920867919922e-01
1.956081390380859375e-01
1.967847347259521484e-01
2.026588916778564453e-01
2.026791572570800781e-01
1.963620185852050781e-01
1.995022296905517578e-01
2.012124061584472656e-01
1.947267055511474609e-01
1.894812583923339844e-01
1.903736591339111328e-01
1.953885555267333984e-01
1.948599815368652344e-01
1.904418468475341797e-01
1.884994506835937500e-01
2.701704502105712891e-01
2.682440280914306641e-01
1.809601783752441406e-01
1.879658699035644531e-01
2.707715034484863281e-01
3.442773818969726562e-01
2.676527500152587891e-01
1.894304752349853516e-01
1.932239532470703125e-01
2.683546543121337891e-01
3.358533382415771484e-01
2.630145549774169922e-01
2.611932754516601562e-01
2.658796310424804688e-01
2.520177364349365234e-01
2.455072402954101562e-01
2.553870677947998047e-01
2.588858604431152344e-01
2.549726963043212891e-01
2.544746398925781250e-01
1.885266304016113281e-01
1.813786029815673828e-01
2.513458728790283203e-01
2.553086280822753906e-01
1.895062923431396484e-01
2.001447677612304688e-01
1.996307373046875000e-01
2.633485794067382812e-01
3.387067317962646484e-01
2.693874835968017578e-01
2.361459732055664062e-01
2.354886531829833984e-01
2.627584934234619141e-01
2.606196403503417969e-01
1.901826858520507812e-01
1.883139610290527344e-01
1.950294971466064453e-01
2.747144699096679688e-01
2.661712169647216797e-01
1.871998310089111328e-01
2.572286128997802734e-01
3.833217620849609375e-01
3.858342170715332031e-01
2.570075988769531250e-01
2.608025074005126953e-01
3.282546997070312500e-01
2.542648315429687500e-01
1.838970184326171875e-01
2.579655647277832031e-01
2.600173950195312500e-01
1.893947124481201172e-01
2.626385688781738281e-01
2.586510181427001953e-01
1.895101070404052734e-01
2.724583148956298828e-01
2.900111675262451172e-01
2.114381790161132812e-01
2.568063735961914062e-01
3.151960372924804688e-01
3.153324127197265625e-01
3.307576179504394531e-01
3.385105133056640625e-01
3.416979312896728516e-01
3.370828628540039062e-01
3.255095481872558594e-01
3.303527832031250000e-01
3.274726867675781250e-01
3.246030807495117188e-01
3.198320865631103516e-01
2.524480819702148438e-01
1.899583339691162109e-01
1.421093940734863281e-01
1.471779346466064453e-01
2.809669971466064453e-01
3.671131134033203125e-01
2.860519886016845703e-01
2.151229381561279297e-01
2.858395576477050781e-01
3.512666225433349609e-01
3.649725914001464844e-01
3.653566837310791016e-01
3.561322689056396484e-01
3.458118438720703125e-01
3.525602817535400391e-01
3.564746379852294922e-01
3.523657321929931641e-01
2.779273986816406250e-01
1.941292285919189453e-01
1.987838745117187500e-01
2.057383060455322266e-01
2.840144634246826172e-01
3.510110378265380859e-01
3.421497344970703125e-01
3.481950759887695312e-01
3.413178920745849609e-01
3.359379768371582031e-01
3.346848487854003906e-01
3.375723361968994141e-01
3.387675285339355469e-01
2.597413063049316406e-01
1.942942142486572266e-01
2.707958221435546875e-01
2.723238468170166016e-01
1.994349956512451172e-01
2.001361846923828125e-01
1.970915794372558594e-01
2.774503231048583984e-01
2.793154716491699219e-01
1.929504871368408203e-01
2.750692367553710938e-01
2.743053436279296875e-01
2.648124694824218750e-01
2.999749183654785156e-01
2.501473426818847656e-01
3.062908649444580078e-01
3.620097637176513672e-01
3.588869571685791016e-01
2.895352840423583984e-01
2.123887538909912109e-01
2.098350524902343750e-01
2.907674312591552734e-01
3.737049102783203125e-01
3.097293376922607422e-01
2.343258857727050781e-01
2.164833545684814453e-01
2.840704917907714844e-01
2.814700603485107422e-01
2.397813796997070312e-01
2.321465015411376953e-01
2.676069736480712891e-01
3.322303295135498047e-01
2.631685733795166016e-01
2.068655490875244141e-01
2.801938056945800781e-01
3.437206745147705078e-01
3.394258022308349609e-01
3.528447151184082031e-01
3.562283515930175781e-01
3.482542037963867188e-01
2.732644081115722656e-01
2.759246826171875000e-01
2.720401287078857422e-01
2.489881515502929688e-01
2.462494373321533203e-01
1.936564445495605469e-01
2.732930183410644531e-01
2.701673507690429688e-01
2.708561420440673828e-01
2.696866989135742188e-01
2.626345157623291016e-01
2.594907283782958984e-01
1.890881061553955078e-01
1.949322223663330078e-01
1.932227611541748047e-01
1.906051635742187500e-01
1.982238292694091797e-01
2.066121101379394531e-01
2.030425071716308594e-01
1.952011585235595703e-01
1.924276351928710938e-01
1.955690383911132812e-01
1.962127685546875000e-01
1.934862136840820312e-01
1.950294971466064453e-01
2.068347930908203125e-01
2.104949951171875000e-01
2.026462554931640625e-01
2.002637386322021484e-01
1.935460567474365234e-01
1.900756359100341797e-01
2.757377624511718750e-01
2.809517383575439453e-01
2.812969684600830078e-01
3.430607318878173828e-01
2.597308158874511719e-01
2.580587863922119141e-01
2.610483169555664062e-01
2.906954288482666016e-01
3.451275825500488281e-01
3.190650939941406250e-01
2.619068622589111328e-01
1.962757110595703125e-01
2.709803581237792969e-01
3.460562229156494141e-01
3.139421939849853516e-01
2.395050525665283203e-01
2.050848007202148438e-01
2.815952301025390625e-01
3.413770198822021484e-01
3.205327987670898438e-01
3.197550773620605469e-01
2.997562885284423828e-01
3.036551475524902344e-01
3.254110813140869141e-01
3.265740871429443359e-01
2.605986595153808594e-01
1.849572658538818359e-01
1.891636848449707031e-01
1.832551956176757812e-01
1.834199428558349609e-01
1.905276775360107422e-01
2.312300205230712891e-01
2.301833629608154297e-01
1.928269863128662109e-01
1.934180259704589844e-01
1.901354789733886719e-01
1.954376697540283203e-01
1.972453594207763672e-01
2.699041366577148438e-01
3.386189937591552734e-01
3.479042053222656250e-01
3.423399925231933594e-01
3.266892433166503906e-01
3.350462913513183594e-01
3.388330936431884766e-01
3.481276035308837891e-01
3.541574478149414062e-01
3.533799648284912109e-01
3.538947105407714844e-01
3.431413173675537109e-01
2.662868499755859375e-01
2.724740505218505859e-01
3.467679023742675781e-01
3.512780666351318359e-01
2.749259471893310547e-01
2.439017295837402344e-01
3.231406211853027344e-01
2.755517959594726562e-01
1.961719989776611328e-01
2.622501850128173828e-01
3.349144458770751953e-01
3.249835968017578125e-01
3.210489749908447266e-01
3.429663181304931641e-01
2.738192081451416016e-01
2.606809139251708984e-01
3.350257873535156250e-01
3.615887165069580078e-01
3.611059188842773438e-01
2.786905765533447266e-01
2.097342014312744141e-01
2.725424766540527344e-01
2.752118110656738281e-01
2.498126029968261719e-01
3.117516040802001953e-01
3.333685398101806641e-01
3.450541496276855469e-01
2.818543910980224609e-01
2.037069797515869141e-01
2.680037021636962891e-01
2.670373916625976562e-01
2.753624916076660156e-01
2.744348049163818359e-01
2.699201107025146484e-01
2.690823078155517578e-01
2.667546272277832031e-01
2.700548171997070312e-01
1.944830417633056641e-01
2.576963901519775391e-01
2.620503902435302734e-01
1.938142776489257812e-01
2.678980827331542969e-01
2.669236660003662109e-01
1.847877502441406250e-01
2.644910812377929688e-01
2.723476886749267578e-01
1.991834640502929688e-01
2.006249427795410156e-01
1.947476863861083984e-01
1.897253990173339844e-01
1.890640258789062500e-01
1.903095245361328125e-01
2.679128646850585938e-01
2.694458961486816406e-01
2.775504589080810547e-01
2.760524749755859375e-01
1.924793720245361328e-01
1.942448616027832031e-01
1.901764869689941406e-01
1.890437602996826172e-01
2.650251388549804688e-01
2.692370414733886719e-01
2.781257629394531250e-01
3.261616230010986328e-01
2.466876506805419922e-01
2.744433879852294922e-01
2.713942527770996094e-01
1.927587985992431641e-01
2.052264213562011719e-01
2.057900428771972656e-01
2.599563598632812500e-01
2.613008022308349609e-01
1.977288722991943359e-01
1.944410800933837891e-01
2.590737342834472656e-01
2.609088420867919922e-01
1.999838352203369141e-01
2.014558315277099609e-01
1.992483139038085938e-01
2.062816619873046875e-01
2.019739151000976562e-01
1.933708190917968750e-01
1.951458454132080078e-01
2.013959884643554688e-01
2.082707881927490234e-01
2.047061920166015625e-01
1.996874809265136719e-01
1.954042911529541016e-01
1.938924789428710938e-01
1.936933994293212891e-01
1.920924186706542969e-01
2.637987136840820312e-01
2.632443904876708984e-01
1.888577938079833984e-01
1.897678375244140625e-01
1.924097537994384766e-01
1.886076927185058594e-01
2.571036815643310547e-01
3.344657421112060547e-01
2.589008808135986328e-01
1.813986301422119141e-01
1.884551048278808594e-01
1.926889419555664062e-01
1.883485317230224609e-01
1.893694400787353516e-01
1.955235004425048828e-01
1.965215206146240234e-01
1.966001987457275391e-01
2.669451236724853516e-01
3.405725955963134766e-01
3.383922576904296875e-01
3.289861679077148438e-01
2.529916763305664062e-01
1.826615333557128906e-01
1.899843215942382812e-01
1.932301521301269531e-01
2.649230957031250000e-01
2.628607749938964844e-01
1.857028007507324219e-01
1.916825771331787109e-01
1.981456279754638672e-01
2.018778324127197266e-01
2.040798664093017578e-01
2.032198905944824219e-01
2.009003162384033203e-01
1.924676895141601562e-01
1.925618648529052734e-01
2.691664695739746094e-01
2.685947418212890625e-01
1.965701580047607422e-01
2.382271289825439453e-01
2.399790287017822266e-01
1.971552371978759766e-01
1.905252933502197266e-01
1.895220279693603516e-01
1.978857517242431641e-01
1.920456886291503906e-01
1.838717460632324219e-01
2.019312381744384766e-01
2.773046493530273438e-01
3.127052783966064453e-01
2.396202087402343750e-01
1.930902004241943359e-01
2.658865451812744141e-01
3.352293968200683594e-01
3.390026092529296875e-01
2.657914161682128906e-01
1.877989768981933594e-01
1.938962936401367188e-01
1.974883079528808594e-01
1.968364715576171875e-01
1.954030990600585938e-01
2.707238197326660156e-01
2.780995368957519531e-01
2.775001525878906250e-01
3.471050262451171875e-01
3.529522418975830078e-01
3.052198886871337891e-01
2.212705612182617188e-01
2.675023078918457031e-01
3.388922214508056641e-01
2.629826068878173828e-01
1.938576698303222656e-01
1.980664730072021484e-01
1.983487606048583984e-01
1.982731819152832031e-01
2.017915248870849609e-01
2.017245292663574219e-01
1.971662044525146484e-01
2.011566162109375000e-01
2.031280994415283203e-01
1.904215812683105469e-01
2.427821159362792969e-01
2.485599517822265625e-01
1.940968036651611328e-01
1.912450790405273438e-01
1.925182342529296875e-01
1.465680599212646484e-01
1.519870758056640625e-01
2.107565402984619141e-01
2.900481224060058594e-01
2.864115238189697266e-01
2.158446311950683594e-01
2.824661731719970703e-01
2.775697708129882812e-01
2.790248394012451172e-01
2.766318321228027344e-01
2.830343246459960938e-01
2.782437801361083984e-01
2.673561573028564453e-01
2.692565917968750000e-01
2.025661468505859375e-01
2.667162418365478516e-01
2.654526233673095703e-01
1.999049186706542969e-01
2.016713619232177734e-01
2.032215595245361328e-01
2.037522792816162109e-01
2.035920619964599609e-01
2.059557437896728516e-01
2.043423652648925781e-01
1.999082565307617188e-01
2.150976657867431641e-01
2.270879745483398438e-01
2.704946994781494141e-01
2.646298408508300781e-01
2.050631046295166016e-01
2.805712223052978516e-01
3.587985038757324219e-01
3.517334461212158203e-01
2.745807170867919922e-01
1.974875926971435547e-01
2.130277156829833984e-01
2.170081138610839844e-01
2.765212059020996094e-01
2.770643234252929688e-01
2.835559844970703125e-01
3.469805717468261719e-01
2.679150104522705078e-01
2.756175994873046875e-01
2.722134590148925781e-01
1.991102695465087891e-01
2.713687419891357422e-01
2.725207805633544922e-01
1.876592636108398438e-01
2.582471370697021484e-01
3.423016071319580078e-01
2.614388465881347656e-01
1.830031871795654297e-01
1.866891384124755859e-01
2.581551074981689453e-01
2.580316066741943359e-01
1.927361488342285156e-01
1.979560852050781250e-01
1.949915885925292969e-01
1.928706169128417969e-01
1.938648223876953125e-01
1.953203678131103516e-01
1.934986114501953125e-01
1.945030689239501953e-01
2.658808231353759766e-01
2.619698047637939453e-01
2.605774402618408203e-01
2.612657546997070312e-01
1.898679733276367188e-01
1.886172294616699219e-01
2.660822868347167969e-01
3.426685333251953125e-01
3.155384063720703125e-01
2.467346191406250000e-01
2.069041728973388672e-01
2.750341892242431641e-01
2.718005180358886719e-01
2.715997695922851562e-01
3.436121940612792969e-01
3.393595218658447266e-01
3.341286182403564453e-01
2.652478218078613281e-01
1.974799633026123047e-01
1.995954513549804688e-01
2.039725780487060547e-01
2.065310478210449219e-01
2.025210857391357422e-01
1.992690563201904297e-01
2.083907127380371094e-01
2.736978530883789062e-01
2.614874839782714844e-01
2.662518024444580078e-01
3.453133106231689453e-01
3.250014781951904297e-01
2.504310607910156250e-01
2.829027175903320312e-01
3.623423576354980469e-01
3.545563220977783203e-01
3.089385032653808594e-01
3.168745040893554688e-01
2.904298305511474609e-01
2.723267078399658203e-01
3.295383453369140625e-01
2.994585037231445312e-01
2.593882083892822266e-01
2.358148097991943359e-01
2.205653190612792969e-01
2.077646255493164062e-01
1.980645656585693359e-01
2.030260562896728516e-01
2.919595241546630859e-01
3.724598884582519531e-01
3.611841201782226562e-01
3.529660701751708984e-01
3.531689643859863281e-01
3.665957450866699219e-01
2.975854873657226562e-01
2.076418399810791016e-01
2.767748832702636719e-01
3.684482574462890625e-01
3.809452056884765625e-01
3.758566379547119141e-01
3.658936023712158203e-01
2.865042686462402344e-01
2.867753505706787109e-01
2.848629951477050781e-01
2.060053348541259766e-01
2.834107875823974609e-01
3.052823543548583984e-01
2.336609363555908203e-01
2.782564163208007812e-01
2.724099159240722656e-01
2.825162410736083984e-01
3.474941253662109375e-01
2.695772647857666016e-01
2.142102718353271484e-01
2.330906391143798828e-01
2.265045642852783203e-01
2.824313640594482422e-01
3.585534095764160156e-01
3.614754676818847656e-01
2.761852741241455078e-01
1.987891197204589844e-01
2.031149864196777344e-01
2.796907424926757812e-01
2.909257411956787109e-01
2.234156131744384766e-01
2.196514606475830078e-01
2.873735427856445312e-01
2.823920249938964844e-01
2.098143100738525391e-01
2.396595478057861328e-01
3.192281723022460938e-01
3.451168537139892578e-01
2.683112621307373047e-01
2.921454906463623047e-01
3.567295074462890625e-01
2.724640369415283203e-01
2.729959487915039062e-01
3.417022228240966797e-01
3.413910865783691406e-01
2.793676853179931641e-01
2.090022563934326172e-01
2.007241249084472656e-01
1.477773189544677734e-01
1.537723541259765625e-01
2.102646827697753906e-01
2.121994495391845703e-01
2.065882682800292969e-01
2.816226482391357422e-01
3.501188755035400391e-01
3.521397113800048828e-01
2.847120761871337891e-01
2.082316875457763672e-01
2.810983657836914062e-01
2.809801101684570312e-01
2.092015743255615234e-01
2.070243358612060547e-01
2.052822113037109375e-01
2.869527339935302734e-01
2.922914028167724609e-01
2.128491401672363281e-01
2.148461341857910156e-01
2.077708244323730469e-01
2.021238803863525391e-01
2.044830322265625000e-01
2.056071758270263672e-01
2.046537399291992188e-01
2.628619670867919922e-01
2.738952636718750000e-01
2.117304801940917969e-01
2.814023494720458984e-01
3.582680225372314453e-01
3.421313762664794922e-01
3.276109695434570312e-01
2.603487968444824219e-01
1.971817016601562500e-01
1.954948902130126953e-01
1.945934295654296875e-01
2.785394191741943359e-01
3.496651649475097656e-01
2.656857967376708984e-01
1.932704448699951172e-01
1.972949504852294922e-01
2.051486968994140625e-01
2.374641895294189453e-01
3.033878803253173828e-01
3.441946506500244141e-01
2.854986190795898438e-01
2.850623130798339844e-01
3.486711978912353516e-01
3.496813774108886719e-01
3.602149486541748047e-01
3.455662727355957031e-01
3.300385475158691406e-01
3.629140853881835938e-01
3.122165203094482422e-01
2.270481586456298828e-01
2.905604839324951172e-01
4.598078727722167969e-01
3.720638751983642578e-01
1.964488029479980469e-01
2.008018493652343750e-01
2.758815288543701172e-01
3.504707813262939453e-01
3.418574333190917969e-01
3.474304676055908203e-01
3.612186908721923828e-01
3.477890491485595703e-01
2.668354511260986328e-01
2.859623432159423828e-01
3.596849441528320312e-01
3.285181522369384766e-01
3.103289604187011719e-01
2.530553340911865234e-01
2.013521194458007812e-01
2.206125259399414062e-01
2.138257026672363281e-01
1.909322738647460938e-01
1.884207725524902344e-01
1.910419464111328125e-01
2.695274353027343750e-01
3.372788429260253906e-01
3.432300090789794922e-01
3.500270843505859375e-01
3.515558242797851562e-01
3.570842742919921875e-01
2.711231708526611328e-01
1.881842613220214844e-01
1.893038749694824219e-01
1.901788711547851562e-01
1.882231235504150391e-01
2.619612216949462891e-01
3.102025985717773438e-01
3.125166893005371094e-01
3.481860160827636719e-01
3.476734161376953125e-01
3.490629196166992188e-01
3.516325950622558594e-01
2.990503311157226562e-01
2.219114303588867188e-01
2.355775833129882812e-01
3.132569789886474609e-01
2.701926231384277344e-01
2.207849025726318359e-01
3.081920146942138672e-01
2.787098884582519531e-01
2.041623592376708984e-01
2.137596607208251953e-01
2.061395645141601562e-01
2.083549499511718750e-01
2.747263908386230469e-01
3.465962409973144531e-01
3.468151092529296875e-01
3.417420387268066406e-01
3.335297107696533203e-01
2.612473964691162109e-01
2.715208530426025391e-01
2.687780857086181641e-01
2.704927921295166016e-01
2.711272239685058594e-01
2.736990451812744141e-01
2.799947261810302734e-01
2.134006023406982422e-01
2.826867103576660156e-01
3.493049144744873047e-01
3.428916931152343750e-01
3.363246917724609375e-01
3.451077938079833984e-01
3.549127578735351562e-01
3.564710617065429688e-01
3.539984226226806641e-01
3.405356407165527344e-01
3.293378353118896484e-01
3.379092216491699219e-01
3.248152732849121094e-01
2.484993934631347656e-01
1.953876018524169922e-01
2.002098560333251953e-01
2.072601318359375000e-01
2.047307491302490234e-01
1.985442638397216797e-01
2.009179592132568359e-01
2.083845138549804688e-01
2.883284091949462891e-01
3.623182773590087891e-01
3.211154937744140625e-01
3.257012367248535156e-01
3.707666397094726562e-01
3.606762886047363281e-01
3.482244014739990234e-01
3.026440143585205078e-01
2.318358421325683594e-01
2.404160499572753906e-01
3.047089576721191406e-01
3.324551582336425781e-01
3.272662162780761719e-01
3.171076774597167969e-01
2.541482448577880859e-01
1.961674690246582031e-01
2.307455539703369141e-01
2.295992374420166016e-01
2.681047916412353516e-01
3.317196369171142578e-01
2.570483684539794922e-01
2.665781974792480469e-01
2.655353546142578125e-01
1.430222988128662109e-01
1.475989818572998047e-01
2.103707790374755859e-01
2.881114482879638672e-01
2.836487293243408203e-01
2.746493816375732422e-01
2.724087238311767578e-01
2.699875831604003906e-01
2.672693729400634766e-01
2.511456012725830078e-01
2.530605792999267578e-01
2.755045890808105469e-01
2.727808952331542969e-01
2.017912864685058594e-01
2.783443927764892578e-01
3.365247249603271484e-01
2.599818706512451172e-01
2.686748504638671875e-01
3.026418685913085938e-01
2.351348400115966797e-01
1.995656490325927734e-01
1.988759040832519531e-01
2.702784538269042969e-01
2.711133956909179688e-01
2.037067413330078125e-01
2.678213119506835938e-01
2.831900119781494141e-01
3.012886047363281250e-01
3.607382774353027344e-01
2.756290435791015625e-01
2.009444236755371094e-01
2.763977050781250000e-01
2.786478996276855469e-01
2.084636688232421875e-01
2.046158313751220703e-01
2.045700550079345703e-01
2.049312591552734375e-01
1.989405155181884766e-01
2.740843296051025391e-01
2.741870880126953125e-01
1.986043453216552734e-01
2.824759483337402344e-01
3.536620140075683594e-01
3.082909584045410156e-01
2.341442108154296875e-01
1.930561065673828125e-01
1.909608840942382812e-01
2.674551010131835938e-01
3.182723522186279297e-01
2.435617446899414062e-01
1.981275081634521484e-01
2.030429840087890625e-01
2.031545639038085938e-01
1.999936103820800781e-01
1.983659267425537109e-01
1.959323883056640625e-01
2.696919441223144531e-01
3.395805358886718750e-01
2.648181915283203125e-01
1.975438594818115234e-01
2.009694576263427734e-01
2.019369602203369141e-01
2.012009620666503906e-01
2.046029567718505859e-01
2.013690471649169922e-01
2.633759975433349609e-01
3.031802177429199219e-01
2.390248775482177734e-01
1.990320682525634766e-01
1.983470916748046875e-01
2.238612174987792969e-01
2.238113880157470703e-01
2.233502864837646484e-01
2.801811695098876953e-01
2.540647983551025391e-01
2.597618103027343750e-01
2.641389369964599609e-01
2.687880992889404297e-01
2.640082836151123047e-01
1.949799060821533203e-01
2.581338882446289062e-01
3.366174697875976562e-01
3.169255256652832031e-01
2.424421310424804688e-01
2.813687324523925781e-01
3.498222827911376953e-01
3.387238979339599609e-01
2.661902904510498047e-01
2.628169059753417969e-01
2.814619541168212891e-01
2.227671146392822266e-01
2.062172889709472656e-01
1.996104717254638672e-01
2.651755809783935547e-01
2.649562358856201172e-01
1.999051570892333984e-01
2.820363044738769531e-01
3.590087890625000000e-01
3.522336483001708984e-01
3.428685665130615234e-01
2.637279033660888672e-01
1.988885402679443359e-01
2.087211608886718750e-01
2.093100547790527344e-01
2.838671207427978516e-01
3.443357944488525391e-01
2.667212486267089844e-01
2.028715610504150391e-01
2.685256004333496094e-01
2.703807353973388672e-01
2.859404087066650391e-01
2.819411754608154297e-01
2.050530910491943359e-01
2.796928882598876953e-01
2.756042480468750000e-01
2.129230499267578125e-01
2.144606113433837891e-01
2.096891403198242188e-01
2.216207981109619141e-01
2.279138565063476562e-01
2.931261062622070312e-01
3.435006141662597656e-01
2.898170948028564453e-01
2.294430732727050781e-01
2.797646522521972656e-01
3.384115695953369141e-01
2.563364505767822266e-01
1.894094944000244141e-01
2.761838436126708984e-01
3.203945159912109375e-01
3.115568161010742188e-01
2.758142948150634766e-01
2.061607837677001953e-01
2.071611881256103516e-01
2.658026218414306641e-01
2.603323459625244141e-01
2.657127380371093750e-01
2.649168968200683594e-01
2.802548408508300781e-01
2.847385406494140625e-01
2.668931484222412109e-01
3.485109806060791016e-01
3.646769523620605469e-01
3.622124195098876953e-01
3.537414073944091797e-01
2.699017524719238281e-01
1.915073394775390625e-01
