1.574590206146240234e-01
3.204586505889892578e-01
3.273184299468994141e-01
2.499153614044189453e-01
2.392227649688720703e-01
3.120663166046142578e-01
3.084280490875244141e-01
2.354817390441894531e-01
2.418718338012695312e-01
3.017632961273193359e-01
2.348315715789794922e-01
1.754894256591796875e-01
1.770634651184082031e-01
2.592051029205322266e-01
3.256638050079345703e-01
3.243010044097900391e-01
2.947254180908203125e-01
2.940187454223632812e-01
3.143765926361083984e-01
3.088023662567138672e-01
2.464377880096435547e-01
1.708130836486816406e-01
1.716065406799316406e-01
2.070288658142089844e-01
2.087326049804687500e-01
2.541501522064208984e-01
3.360257148742675781e-01
3.319668769836425781e-01
3.238503932952880859e-01
2.575826644897460938e-01
1.904370784759521484e-01
2.576684951782226562e-01
3.290884494781494141e-01
3.268718719482421875e-01
3.209099769592285156e-01
3.303098678588867188e-01
3.459618091583251953e-01
2.717587947845458984e-01
1.861143112182617188e-01
1.874387264251708984e-01
1.886568069458007812e-01
1.886374950408935547e-01
2.556557655334472656e-01
2.492024898529052734e-01
2.636764049530029297e-01
3.169317245483398438e-01
2.396943569183349609e-01
2.614426612854003906e-01
2.986407279968261719e-01
2.800223827362060547e-01
3.107068538665771484e-01
3.204712867736816406e-01
3.100550174713134766e-01
3.198173046112060547e-01
2.984943389892578125e-01
2.222416400909423828e-01
2.133729457855224609e-01
2.139933109283447266e-01
2.527561187744140625e-01
3.215754032135009766e-01
3.220529556274414062e-01
2.548925876617431641e-01
2.524955272674560547e-01
2.501139640808105469e-01
2.393856048583984375e-01
3.094072341918945312e-01
3.282961845397949219e-01
3.164589405059814453e-01
3.232262134552001953e-01
3.051335811614990234e-01
2.243471145629882812e-01
2.192096710205078125e-01
3.148477077484130859e-01
3.067562580108642578e-01
2.450160980224609375e-01
3.112189769744873047e-01
3.375639915466308594e-01
3.157558441162109375e-01
2.941141128540039062e-01
2.364013195037841797e-01
2.843863964080810547e-01
3.623919486999511719e-01
3.543105125427246094e-01
3.508679866790771484e-01
2.804896831512451172e-01
2.783739566802978516e-01
3.462359905242919922e-01
3.252518177032470703e-01
3.843050003051757812e-01
3.889546394348144531e-01
2.500140666961669922e-01
2.706906795501708984e-01
3.558766841888427734e-01
3.324553966522216797e-01
3.128869533538818359e-01
3.193435668945312500e-01
3.050894737243652344e-01
3.100941181182861328e-01
3.408453464508056641e-01
2.895669937133789062e-01
2.884092330932617188e-01
3.246829509735107422e-01
2.465541362762451172e-01
2.491528987884521484e-01
3.196055889129638672e-01
3.334798812866210938e-01
3.458187580108642578e-01
3.473706245422363281e-01
3.365733623504638672e-01
3.473055362701416016e-01
3.589191436767578125e-01
2.821166515350341797e-01
2.739272117614746094e-01
2.755916118621826172e-01
2.046954631805419922e-01
2.372233867645263672e-01
2.359418869018554688e-01
2.668499946594238281e-01
2.657017707824707031e-01
1.997900009155273438e-01
2.845070362091064453e-01
3.437786102294921875e-01
3.385782241821289062e-01
3.467762470245361328e-01
3.363873958587646484e-01
3.139457702636718750e-01
3.415319919586181641e-01
3.638632297515869141e-01
3.504567146301269531e-01
2.803790569305419922e-01
2.412803173065185547e-01
2.372639179229736328e-01
2.012023925781250000e-01
1.994261741638183594e-01
1.957676410675048828e-01
2.108712196350097656e-01
2.198312282562255859e-01
2.926843166351318359e-01
3.618655204772949219e-01
3.438379764556884766e-01
3.455140590667724609e-01
3.491110801696777344e-01
2.696869373321533203e-01
2.041833400726318359e-01
2.034542560577392578e-01
1.968052387237548828e-01
2.064268589019775391e-01
2.110753059387207031e-01
2.119462490081787109e-01
2.878522872924804688e-01
2.777009010314941406e-01
2.783069610595703125e-01
3.228299617767333984e-01
2.560069561004638672e-01
2.092740535736083984e-01
1.959686279296875000e-01
2.000219821929931641e-01
1.974074840545654297e-01
1.950421333312988281e-01
2.033150196075439453e-01
2.017297744750976562e-01
1.924078464508056641e-01
1.415874958038330078e-01
1.539423465728759766e-01
3.022973537445068359e-01
3.636889457702636719e-01
3.336079120635986328e-01
2.706265449523925781e-01
2.068705558776855469e-01
2.816579341888427734e-01
3.693509101867675781e-01
3.540251255035400391e-01
3.362307548522949219e-01
2.758436203002929688e-01
2.151846885681152344e-01
2.113182544708251953e-01
2.011702060699462891e-01
1.991472244262695312e-01
2.783250808715820312e-01
3.538239002227783203e-01
2.777535915374755859e-01
2.096605300903320312e-01
2.893943786621093750e-01
3.015806674957275391e-01
2.353789806365966797e-01
2.929632663726806641e-01
3.433430194854736328e-01
3.424227237701416016e-01
3.534505367279052734e-01
2.801160812377929688e-01
2.684121131896972656e-01
3.328065872192382812e-01
2.787814140319824219e-01
2.958581447601318359e-01
3.485331535339355469e-01
2.674231529235839844e-01
2.822570800781250000e-01
3.657190799713134766e-01
3.652362823486328125e-01
3.425180912017822266e-01
3.514130115509033203e-01
3.684120178222656250e-01
2.838292121887207031e-01
2.050924301147460938e-01
1.999371051788330078e-01
2.066817283630371094e-01
2.920114994049072266e-01
3.574497699737548828e-01
3.122944831848144531e-01
2.429478168487548828e-01
2.099678516387939453e-01
2.825815677642822266e-01
2.726597785949707031e-01
1.990087032318115234e-01
2.696056365966796875e-01
3.076002597808837891e-01
2.930145263671875000e-01
2.573719024658203125e-01
2.026560306549072266e-01
2.025370597839355469e-01
2.805635929107666016e-01
3.516418933868408203e-01
3.515529632568359375e-01
2.767281532287597656e-01
2.032115459442138672e-01
2.049818038940429688e-01
2.062230110168457031e-01
2.919971942901611328e-01
3.772747516632080078e-01
3.792719841003417969e-01
3.794512748718261719e-01
3.818516731262207031e-01
3.862149715423583984e-01
3.698508739471435547e-01
3.693690299987792969e-01
3.771872520446777344e-01
3.711056709289550781e-01
3.568286895751953125e-01
3.519668579101562500e-01
2.830474376678466797e-01
2.087569236755371094e-01
2.099165916442871094e-01
2.079050540924072266e-01
2.068765163421630859e-01
2.499537467956542969e-01
2.511584758758544922e-01
2.730429172515869141e-01
3.584482669830322266e-01
2.899813652038574219e-01
2.800488471984863281e-01
3.629043102264404297e-01
2.836756706237792969e-01
2.277960777282714844e-01
2.320492267608642578e-01
2.025735378265380859e-01
2.714381217956542969e-01
3.063542842864990234e-01
2.282719612121582031e-01
2.377567291259765625e-01
2.440235614776611328e-01
2.963759899139404297e-01
3.695018291473388672e-01
3.508329391479492188e-01
3.519132137298583984e-01
3.527243137359619141e-01
3.702223300933837891e-01
3.096945285797119141e-01
2.618331909179687500e-01
3.314871788024902344e-01
3.548011779785156250e-01
3.442783355712890625e-01
3.540935516357421875e-01
3.205823898315429688e-01
2.384707927703857422e-01
1.913552284240722656e-01
2.658536434173583984e-01
3.458838462829589844e-01
3.437292575836181641e-01
3.424465656280517578e-01
2.881929874420166016e-01
2.420947551727294922e-01
2.338790893554687500e-01
2.789611816406250000e-01
2.822501659393310547e-01
3.000159263610839844e-01
3.845732212066650391e-01
3.784544467926025391e-01
3.188188076019287109e-01
3.033590316772460938e-01
3.413019180297851562e-01
3.185627460479736328e-01
2.621853351593017578e-01
2.561860084533691406e-01
3.115451335906982422e-01
2.848627567291259766e-01
2.149934768676757812e-01
2.115957736968994141e-01
2.140970230102539062e-01
2.800047397613525391e-01
2.656223773956298828e-01
2.616913318634033203e-01
2.938370704650878906e-01
3.059153556823730469e-01
2.863512039184570312e-01
2.822730541229248047e-01
3.518331050872802734e-01
3.183977603912353516e-01
2.976684570312500000e-01
3.113224506378173828e-01
3.440544605255126953e-01
3.636608123779296875e-01
2.934708595275878906e-01
2.844727039337158203e-01
3.493657112121582031e-01
2.869548797607421875e-01
2.879433631896972656e-01
3.645617961883544922e-01
3.598883152008056641e-01
3.494508266448974609e-01
2.812719345092773438e-01
2.754981517791748047e-01
3.168435096740722656e-01
3.290030956268310547e-01
2.801971435546875000e-01
2.688577175140380859e-01
2.659170627593994141e-01
1.992895603179931641e-01
2.885160446166992188e-01
3.672182559967041016e-01
3.606736660003662109e-01
3.465142250061035156e-01
2.721545696258544922e-01
2.117531299591064453e-01
2.198154926300048828e-01
2.896435260772705078e-01
2.856040000915527344e-01
2.019259929656982422e-01
1.948869228363037109e-01
2.088975906372070312e-01
2.208149433135986328e-01
2.268798351287841797e-01
2.225289344787597656e-01
2.936894893646240234e-01
3.724987506866455078e-01
3.756873607635498047e-01
3.665525913238525391e-01
2.884759902954101562e-01
2.177081108093261719e-01
2.773730754852294922e-01
2.736127376556396484e-01
2.859864234924316406e-01
3.815891742706298828e-01
3.969554901123046875e-01
3.095669746398925781e-01
3.020892143249511719e-01
3.756525516510009766e-01
3.138282299041748047e-01
2.325651645660400391e-01
2.090606689453125000e-01
2.878537178039550781e-01
2.859053611755371094e-01
2.029352188110351562e-01
2.738170623779296875e-01
2.767190933227539062e-01
2.045319080352783203e-01
2.030479907989501953e-01
2.388982772827148438e-01
2.389490604400634766e-01
2.844891548156738281e-01
2.795062065124511719e-01
1.931042671203613281e-01
2.592835426330566406e-01
2.631916999816894531e-01
2.033536434173583984e-01
2.032999992370605469e-01
2.333414554595947266e-01
2.376093864440917969e-01
2.104268074035644531e-01
2.038533687591552734e-01
1.966652870178222656e-01
1.968924999237060547e-01
1.965992450714111328e-01
2.013933658599853516e-01
2.097468376159667969e-01
2.075183391571044922e-01
2.897737026214599609e-01
2.893559932708740234e-01
2.821273803710937500e-01
2.809333801269531250e-01
2.015118598937988281e-01
2.046203613281250000e-01
2.849178314208984375e-01
3.332984447479248047e-01
2.668275833129882812e-01
2.209720611572265625e-01
2.880153656005859375e-01
3.651537895202636719e-01
2.813169956207275391e-01
1.961836814880371094e-01
1.970672607421875000e-01
1.989214420318603516e-01
2.756025791168212891e-01
2.771360874176025391e-01
2.035319805145263672e-01
1.998276710510253906e-01
1.973915100097656250e-01
2.747449874877929688e-01
2.696406841278076172e-01
2.629082202911376953e-01
3.360540866851806641e-01
3.433008193969726562e-01
3.599116802215576172e-01
3.620734214782714844e-01
3.452014923095703125e-01
2.717175483703613281e-01
2.071528434753417969e-01
2.036042213439941406e-01
1.984510421752929688e-01
2.660510540008544922e-01
3.434979915618896484e-01
3.452250957489013672e-01
3.403410911560058594e-01
3.418138027191162109e-01
3.375239372253417969e-01
2.673342227935791016e-01
1.995222568511962891e-01
2.002236843109130859e-01
2.767395973205566406e-01
2.776801586151123047e-01
1.984555721282958984e-01
1.919281482696533203e-01
1.929857730865478516e-01
1.992840766906738281e-01
2.077991962432861328e-01
1.998095512390136719e-01
1.910943984985351562e-01
1.937458515167236328e-01
1.963777542114257812e-01
2.007577419281005859e-01
2.775382995605468750e-01
2.722110748291015625e-01
2.648546695709228516e-01
3.435168266296386719e-01
3.199200630187988281e-01
3.078582286834716797e-01
3.369078636169433594e-01
3.397688865661621094e-01
3.350107669830322266e-01
3.381543159484863281e-01
2.667686939239501953e-01
2.671470642089843750e-01
2.685937881469726562e-01
2.007138729095458984e-01
1.967406272888183594e-01
1.953253746032714844e-01
1.987063884735107422e-01
2.368636131286621094e-01
2.356450557708740234e-01
1.932561397552490234e-01
2.628726959228515625e-01
2.639312744140625000e-01
2.352714538574218750e-01
3.148128986358642578e-01
3.449616432189941406e-01
3.327295780181884766e-01
2.569591999053955078e-01
1.871368885040283203e-01
2.689700126647949219e-01
2.712149620056152344e-01
2.589197158813476562e-01
3.252301216125488281e-01
3.419623374938964844e-01
3.554027080535888672e-01
3.444955348968505859e-01
3.338482379913330078e-01
2.600440979003906250e-01
1.904294490814208984e-01
2.363495826721191406e-01
3.041765689849853516e-01
2.568171024322509766e-01
1.882889270782470703e-01
1.959168910980224609e-01
2.014079093933105469e-01
1.951556205749511719e-01
1.947784423828125000e-01
1.994378566741943359e-01
2.664287090301513672e-01
3.382508754730224609e-01
2.187528610229492188e-01
1.542448997497558594e-01
2.918243408203125000e-01
2.838802337646484375e-01
2.027163505554199219e-01
2.001011371612548828e-01
1.968188285827636719e-01
2.056846618652343750e-01
1.994104385375976562e-01
2.731122970581054688e-01
2.810142040252685547e-01
2.756052017211914062e-01
2.728171348571777344e-01
2.617418766021728516e-01
2.598075866699218750e-01
2.012207508087158203e-01
2.747964859008789062e-01
3.156552314758300781e-01
2.434391975402832031e-01
2.192027568817138672e-01
2.208135128021240234e-01
2.780783176422119141e-01
2.851366996765136719e-01
2.827837467193603516e-01
2.655978202819824219e-01
1.852629184722900391e-01
1.868500709533691406e-01
1.850876808166503906e-01
2.618191242218017578e-01
3.354034423828125000e-01
2.628757953643798828e-01
1.930036544799804688e-01
2.645881175994873047e-01
3.385570049285888672e-01
2.699425220489501953e-01
1.971013545989990234e-01
1.954998970031738281e-01
1.946585178375244141e-01
2.585568428039550781e-01
2.594277858734130859e-01
2.574720382690429688e-01
2.556493282318115234e-01
1.937153339385986328e-01
2.696843147277832031e-01
3.420593738555908203e-01
3.198349475860595703e-01
2.508161067962646484e-01
1.996452808380126953e-01
1.969842910766601562e-01
1.923291683197021484e-01
1.881203651428222656e-01
2.112748622894287109e-01
2.868480682373046875e-01
2.917795181274414062e-01
2.189488410949707031e-01
2.610661983489990234e-01
3.323471546173095703e-01
3.180356025695800781e-01
2.894132137298583984e-01
2.999932765960693359e-01
3.202943801879882812e-01
3.019139766693115234e-01
3.134598731994628906e-01
3.423252105712890625e-01
3.316538333892822266e-01
2.517466545104980469e-01
1.799156665802001953e-01
1.782305240631103516e-01
2.613422870635986328e-01
3.099896907806396484e-01
3.124551773071289062e-01
3.262283802032470703e-01
3.152809143066406250e-01
3.279979228973388672e-01
3.261754512786865234e-01
2.549397945404052734e-01
1.861135959625244141e-01
1.895813941955566406e-01
1.865565776824951172e-01
2.582535743713378906e-01
3.404719829559326172e-01
3.368427753448486328e-01
2.580974102020263672e-01
2.576358318328857422e-01
2.579963207244873047e-01
1.830284595489501953e-01
2.599000930786132812e-01
2.644653320312500000e-01
2.527174949645996094e-01
2.468361854553222656e-01
2.455084323883056641e-01
2.477049827575683594e-01
1.789603233337402344e-01
1.798515319824218750e-01
1.836760044097900391e-01
2.548444271087646484e-01
3.073475360870361328e-01
2.360277175903320312e-01
2.551858425140380859e-01
3.208546638488769531e-01
3.172430992126464844e-01
3.277802467346191406e-01
2.586677074432373047e-01
2.429332733154296875e-01
3.204884529113769531e-01
3.335912227630615234e-01
3.183441162109375000e-01
2.512509822845458984e-01
2.596657276153564453e-01
2.563483715057373047e-01
1.873590946197509766e-01
2.567083835601806641e-01
2.788181304931640625e-01
2.065384387969970703e-01
1.838281154632568359e-01
1.821296215057373047e-01
1.813976764678955078e-01
3.171784877777099609e-01
3.156309127807617188e-01
1.844570636749267578e-01
1.859645843505859375e-01
2.517292499542236328e-01
3.293571472167968750e-01
3.295705318450927734e-01
2.529926300048828125e-01
1.854336261749267578e-01
1.839189529418945312e-01
2.252714633941650391e-01
3.008217811584472656e-01
3.356790542602539062e-01
2.591803073883056641e-01
2.510731220245361328e-01
3.306190967559814453e-01
2.624833583831787109e-01
2.538583278656005859e-01
3.263707160949707031e-01
2.551715373992919922e-01
1.823592185974121094e-01
2.529499530792236328e-01
3.218417167663574219e-01
2.515468597412109375e-01
2.465314865112304688e-01
2.480921745300292969e-01
2.248065471649169922e-01
2.974460124969482422e-01
3.291287422180175781e-01
2.577064037322998047e-01
2.664408683776855469e-01
3.406875133514404297e-01
2.590451240539550781e-01
2.468221187591552734e-01
3.154101371765136719e-01
3.281428813934326172e-01
3.326344490051269531e-01
2.596368789672851562e-01
1.832537651062011719e-01
1.820471286773681641e-01
1.856057643890380859e-01
2.501916885375976562e-01
2.514774799346923828e-01
2.460980415344238281e-01
2.644381523132324219e-01
2.317805290222167969e-01
2.021641731262207031e-01
2.516152858734130859e-01
2.685301303863525391e-01
2.024245262145996094e-01
2.862462997436523438e-01
3.430461883544921875e-01
2.615234851837158203e-01
2.053191661834716797e-01
2.153069972991943359e-01
2.129604816436767578e-01
2.776229381561279297e-01
2.746436595916748047e-01
2.022657394409179688e-01
2.748007774353027344e-01
2.720751762390136719e-01
2.781889438629150391e-01
2.738804817199707031e-01
2.655069828033447266e-01
2.687525749206542969e-01
1.988229751586914062e-01
2.387840747833251953e-01
2.361071109771728516e-01
1.994154453277587891e-01
2.669458389282226562e-01
3.322668075561523438e-01
3.433604240417480469e-01
3.581228256225585938e-01
3.437561988830566406e-01
2.531862258911132812e-01
2.738950252532958984e-01
2.804534435272216797e-01
1.985888481140136719e-01
2.685854434967041016e-01
3.477160930633544922e-01
2.763755321502685547e-01
1.977331638336181641e-01
2.001998424530029297e-01
2.654500007629394531e-01
2.630753517150878906e-01
2.662763595581054688e-01
3.361697196960449219e-01
3.341789245605468750e-01
2.830395698547363281e-01
2.173683643341064453e-01
2.012081146240234375e-01
2.980976104736328125e-01
3.797271251678466797e-01
2.832448482513427734e-01
2.245264053344726562e-01
3.090255260467529297e-01
3.771984577178955078e-01
3.190629482269287109e-01
2.360901832580566406e-01
2.863206863403320312e-01
2.875485420227050781e-01
2.150938510894775391e-01
2.772643566131591797e-01
3.354873657226562500e-01
3.281717300415039062e-01
2.590451240539550781e-01
2.786524295806884766e-01
3.610725402832031250e-01
3.480112552642822266e-01
3.368310928344726562e-01
2.631440162658691406e-01
1.910896301269531250e-01
2.674298286437988281e-01
3.413026332855224609e-01
2.703416347503662109e-01
2.056951522827148438e-01
1.994926929473876953e-01
2.745046615600585938e-01
2.711262702941894531e-01
2.662677764892578125e-01
3.450980186462402344e-01
3.320505619049072266e-01
3.328073024749755859e-01
3.442335128784179688e-01
3.485305309295654297e-01
2.850134372711181641e-01
2.088782787322998047e-01
1.988573074340820312e-01
1.997859477996826172e-01
2.039225101470947266e-01
2.632889747619628906e-01
2.630431652069091797e-01
2.046687602996826172e-01
1.966030597686767578e-01
1.876158714294433594e-01
1.942083835601806641e-01
2.753779888153076172e-01
2.710311412811279297e-01
1.907696723937988281e-01
2.625768184661865234e-01
2.638998031616210938e-01
1.986875534057617188e-01
2.775709629058837891e-01
3.445749282836914062e-01
2.660212516784667969e-01
2.770490646362304688e-01
3.525021076202392578e-01
3.528823852539062500e-01
3.418331146240234375e-01
3.059566020965576172e-01
3.170406818389892578e-01
3.200225830078125000e-01
3.260705471038818359e-01
2.807145118713378906e-01
2.024152278900146484e-01
2.029855251312255859e-01
2.510840892791748047e-01
2.545862197875976562e-01
2.122957706451416016e-01
2.128906250000000000e-01
2.762994766235351562e-01
2.797729969024658203e-01
2.833983898162841797e-01
3.006603717803955078e-01
2.218651771545410156e-01
1.875236034393310547e-01
1.852054595947265625e-01
1.874854564666748047e-01
1.838102340698242188e-01
1.795723438262939453e-01
2.574865818023681641e-01
2.969601154327392578e-01
2.978682518005371094e-01
3.258945941925048828e-01
2.543294429779052734e-01
1.910576820373535156e-01
1.912734508514404297e-01
1.925163269042968750e-01
2.576992511749267578e-01
2.559719085693359375e-01
2.590069770812988281e-01
2.585840225219726562e-01
1.912653446197509766e-01
2.641258239746093750e-01
2.643029689788818359e-01
2.662446498870849609e-01
2.677948474884033203e-01
1.946909427642822266e-01
2.607934474945068359e-01
3.198149204254150391e-01
2.526640892028808594e-01
2.001123428344726562e-01
2.026338577270507812e-01
2.703614234924316406e-01
2.675993442535400391e-01
1.966791152954101562e-01
1.989629268646240234e-01
1.972095966339111328e-01
1.979315280914306641e-01
1.973562240600585938e-01
1.958186626434326172e-01
1.977055072784423828e-01
1.943831443786621094e-01
1.947295665740966797e-01
2.653765678405761719e-01
2.601897716522216797e-01
1.900446414947509766e-01
1.953206062316894531e-01
1.963911056518554688e-01
1.447389125823974609e-01
1.491999626159667969e-01
2.092471122741699219e-01
2.139956951141357422e-01
2.085745334625244141e-01
2.841839790344238281e-01
2.801287174224853516e-01
2.007415294647216797e-01
2.729001045227050781e-01
2.945289611816406250e-01
2.245221138000488281e-01
2.466065883636474609e-01
2.498695850372314453e-01
2.967627048492431641e-01
3.581202030181884766e-01
2.642648220062255859e-01
2.010765075683593750e-01
2.015943527221679688e-01
2.658948898315429688e-01
2.601392269134521484e-01
1.891136169433593750e-01
1.972196102142333984e-01
2.720782756805419922e-01
2.627973556518554688e-01
2.729837894439697266e-01
2.802612781524658203e-01
2.635927200317382812e-01
3.319466114044189453e-01
3.143398761749267578e-01
3.074026107788085938e-01
3.347017765045166016e-01
3.464665412902832031e-01
3.266375064849853516e-01
3.191494941711425781e-01
3.232572078704833984e-01
3.410940170288085938e-01
3.442847728729248047e-01
2.607533931732177734e-01
1.922681331634521484e-01
2.526891231536865234e-01
2.641272544860839844e-01
2.457480430603027344e-01
2.413873672485351562e-01
2.834777832031250000e-01
3.527121543884277344e-01
3.413839340209960938e-01
3.446128368377685547e-01
3.374028205871582031e-01
3.391425609588623047e-01
3.264605998992919922e-01
3.160517215728759766e-01
2.648630142211914062e-01
2.671682834625244141e-01
2.581913471221923828e-01
2.592484951019287109e-01
3.345332145690917969e-01
2.604024410247802734e-01
2.626864910125732422e-01
3.347699642181396484e-01
2.604849338531494141e-01
2.209966182708740234e-01
2.177495956420898438e-01
1.904799938201904297e-01
2.795829772949218750e-01
3.188848495483398438e-01
3.082795143127441406e-01
2.623248100280761719e-01
1.859660148620605469e-01
2.510366439819335938e-01
2.494523525238037109e-01
1.871881484985351562e-01
2.635173797607421875e-01
2.655849456787109375e-01
2.516374588012695312e-01
2.494995594024658203e-01
2.623310089111328125e-01
2.617249488830566406e-01
1.890702247619628906e-01
2.648119926452636719e-01
3.393678665161132812e-01
2.651524543762207031e-01
2.505602836608886719e-01
3.276114463806152344e-01
3.200385570526123047e-01
2.430262565612792969e-01
1.869654655456542969e-01
1.841499805450439453e-01
1.914033889770507812e-01
2.633574008941650391e-01
2.562625408172607422e-01
1.908717155456542969e-01
1.979935169219970703e-01
1.977012157440185547e-01
1.920447349548339844e-01
1.840324401855468750e-01
1.857314109802246094e-01
1.884884834289550781e-01
1.868119239807128906e-01
1.859228610992431641e-01
1.875741481781005859e-01
1.909475326538085938e-01
1.918914318084716797e-01
1.936435699462890625e-01
1.973206996917724609e-01
1.978995800018310547e-01
1.972949504852294922e-01
1.932704448699951172e-01
1.871066093444824219e-01
1.867015361785888672e-01
1.894433498382568359e-01
1.915311813354492188e-01
1.893663406372070312e-01
1.860911846160888672e-01
1.878128051757812500e-01
1.865291595458984375e-01
1.868169307708740234e-01
1.906862258911132812e-01
1.915690898895263672e-01
1.904704570770263672e-01
1.852669715881347656e-01
1.860680580139160156e-01
2.671170234680175781e-01
2.627341747283935547e-01
1.859517097473144531e-01
1.952757835388183594e-01
1.968362331390380859e-01
1.885316371917724609e-01
2.461268901824951172e-01
2.703812122344970703e-01
2.748179435729980469e-01
3.278198242187500000e-01
3.350977897644042969e-01
2.657532691955566406e-01
1.956205368041992188e-01
1.927249431610107422e-01
2.550580501556396484e-01
3.316681385040283203e-01
3.205571174621582031e-01
3.165547847747802734e-01
3.368062973022460938e-01
3.372669219970703125e-01
3.466224670410156250e-01
3.530375957489013672e-01
3.514726161956787109e-01
3.545279502868652344e-01
3.485662937164306641e-01
2.652289867401123047e-01
2.715911865234375000e-01
3.459713459014892578e-01
2.679319381713867188e-01
2.771048545837402344e-01
2.784354686737060547e-01
2.491233348846435547e-01
2.473876476287841797e-01
1.974680423736572266e-01
2.652604579925537109e-01
2.613949775695800781e-01
1.924140453338623047e-01
1.937267780303955078e-01
1.958003044128417969e-01
1.947047710418701172e-01
2.662780284881591797e-01
3.437016010284423828e-01
2.641463279724121094e-01
2.576611042022705078e-01
3.481519222259521484e-01
3.597817420959472656e-01
3.549954891204833984e-01
2.759897708892822266e-01
2.007231712341308594e-01
2.066550254821777344e-01
2.063057422637939453e-01
2.609522342681884766e-01
3.323483467102050781e-01
2.719490528106689453e-01
2.036941051483154297e-01
2.055373191833496094e-01
2.683820724487304688e-01
2.626030445098876953e-01
1.959199905395507812e-01
2.003774642944335938e-01
1.986317634582519531e-01
1.937215328216552734e-01
1.953895092010498047e-01
2.001910209655761719e-01
2.848913669586181641e-01
3.395802974700927734e-01
3.263590335845947266e-01
3.460564613342285156e-01
3.531019687652587891e-01
2.875497341156005859e-01
2.108633518218994141e-01
1.989588737487792969e-01
1.947238445281982422e-01
2.007970809936523438e-01
2.029371261596679688e-01
1.974992752075195312e-01
2.737643718719482422e-01
3.531839847564697266e-01
2.739448547363281250e-01
1.984400749206542969e-01
2.041075229644775391e-01
1.993043422698974609e-01
1.968331336975097656e-01
2.726457118988037109e-01
2.705862522125244141e-01
1.994478702545166016e-01
2.028164863586425781e-01
2.005889415740966797e-01
2.025706768035888672e-01
1.922717094421386719e-01
1.833686828613281250e-01
2.536621093750000000e-01
3.034627437591552734e-01
2.373523712158203125e-01
2.478213310241699219e-01
2.474417686462402344e-01
1.882750988006591797e-01
2.670295238494873047e-01
3.370451927185058594e-01
3.388450145721435547e-01
2.692008018493652344e-01
2.698862552642822266e-01
3.402152061462402344e-01
2.628431320190429688e-01
2.708871364593505859e-01
2.696020603179931641e-01
1.913325786590576172e-01
1.864502429962158203e-01
2.636704444885253906e-01
3.369615077972412109e-01
3.182258605957031250e-01
3.239586353302001953e-01
3.482832908630371094e-01
3.504097461700439453e-01
3.271555900573730469e-01
3.166787624359130859e-01
2.628428936004638672e-01
2.623505592346191406e-01
3.396611213684082031e-01
3.502185344696044922e-01
3.445088863372802734e-01
3.503606319427490234e-01
3.525409698486328125e-01
3.597743511199951172e-01
3.624713420867919922e-01
3.471970558166503906e-01
3.504281044006347656e-01
3.614418506622314453e-01
3.591072559356689453e-01
2.754828929901123047e-01
2.689654827117919922e-01
3.540790081024169922e-01
3.508391380310058594e-01
3.448646068572998047e-01
3.251895904541015625e-01
2.488200664520263672e-01
2.846150398254394531e-01
3.561835289001464844e-01
2.666597366333007812e-01
2.741477489471435547e-01
2.807567119598388672e-01
2.104947566986083984e-01
3.016588687896728516e-01
3.830027580261230469e-01
3.716342449188232422e-01
3.682343959808349609e-01
3.680717945098876953e-01
2.885847091674804688e-01
2.034087181091308594e-01
1.989922523498535156e-01
2.028639316558837891e-01
2.141902446746826172e-01
2.852771282196044922e-01
3.572516441345214844e-01
3.694720268249511719e-01
3.500277996063232422e-01
3.418014049530029297e-01
2.844104766845703125e-01
2.836740016937255859e-01
3.582367897033691406e-01
3.733215332031250000e-01
3.733773231506347656e-01
3.642446994781494141e-01
3.515539169311523438e-01
3.470640182495117188e-01
3.562331199645996094e-01
3.451242446899414062e-01
2.690155506134033203e-01
2.060778141021728516e-01
2.203297615051269531e-01
2.218196392059326172e-01
1.995942592620849609e-01
1.968851089477539062e-01
1.957890987396240234e-01
2.605669498443603516e-01
2.644975185394287109e-01
2.103648185729980469e-01
2.582013607025146484e-01
3.202598094940185547e-01
2.771728038787841797e-01
2.803478240966796875e-01
2.784979343414306641e-01
2.555575370788574219e-01
2.524313926696777344e-01
2.609179019927978516e-01
3.406877517700195312e-01
2.956173419952392578e-01
2.210803031921386719e-01
2.108819484710693359e-01
2.260990142822265625e-01
2.211804389953613281e-01
2.067503929138183594e-01
2.254438400268554688e-01
3.040590286254882812e-01
3.672225475311279297e-01
3.602976799011230469e-01
3.557338714599609375e-01
3.513257503509521484e-01
3.309462070465087891e-01
2.647199630737304688e-01
2.071132659912109375e-01
2.141549587249755859e-01
2.205629348754882812e-01
2.868156433105468750e-01
3.556392192840576172e-01
2.716822624206542969e-01
1.996014118194580078e-01
2.137572765350341797e-01
2.164995670318603516e-01
2.115509510040283203e-01
2.100260257720947266e-01
2.844018936157226562e-01
3.637897968292236328e-01
3.626456260681152344e-01
3.427069187164306641e-01
2.678458690643310547e-01
2.962045669555664062e-01
3.805031776428222656e-01
3.673403263092041016e-01
3.578009605407714844e-01
3.563840389251708984e-01
3.629200458526611328e-01
3.333420753479003906e-01
3.259196281433105469e-01
3.471975326538085938e-01
3.190996646881103516e-01
2.491662502288818359e-01
2.032246589660644531e-01
2.069237232208251953e-01
2.065007686614990234e-01
2.691378593444824219e-01
2.650837898254394531e-01
2.052924633026123047e-01
2.336633205413818359e-01
2.900617122650146484e-01
2.611055374145507812e-01
2.733895778656005859e-01
3.275411128997802734e-01
3.343083858489990234e-01
3.277561664581298828e-01
2.507781982421875000e-01
2.011272907257080078e-01
1.934735774993896484e-01
2.618088722229003906e-01
4.489078521728515625e-01
4.663746356964111328e-01
3.632452487945556641e-01
2.794826030731201172e-01
1.985890865325927734e-01
2.691791057586669922e-01
2.733535766601562500e-01
2.792749404907226562e-01
2.684905529022216797e-01
2.819955348968505859e-01
3.474507331848144531e-01
2.869052886962890625e-01
2.313997745513916016e-01
2.711362838745117188e-01
3.443038463592529297e-01
2.861576080322265625e-01
2.498846054077148438e-01
3.057172298431396484e-01
3.331906795501708984e-01
2.676966190338134766e-01
2.745752334594726562e-01
3.499548435211181641e-01
2.709259986877441406e-01
2.533831596374511719e-01
2.534253597259521484e-01
1.926786899566650391e-01
2.599000930786132812e-01
2.616524696350097656e-01
2.399971485137939453e-01
2.370519638061523438e-01
1.934578418731689453e-01
1.919074058532714844e-01
1.905820369720458984e-01
2.126491069793701172e-01
2.138786315917968750e-01
1.940038204193115234e-01
1.916997432708740234e-01
2.002241611480712891e-01
2.691831588745117188e-01
2.592754364013671875e-01
2.008459568023681641e-01
2.635803222656250000e-01
3.231987953186035156e-01
3.360126018524169922e-01
2.677440643310546875e-01
2.639095783233642578e-01
2.578711509704589844e-01
1.883728504180908203e-01
1.877467632293701172e-01
1.828711032867431641e-01
1.848897933959960938e-01
2.646737098693847656e-01
3.473501205444335938e-01
3.405680656433105469e-01
3.427188396453857422e-01
3.371138572692871094e-01
2.524597644805908203e-01
1.903619766235351562e-01
2.650914192199707031e-01
2.641134262084960938e-01
1.888880729675292969e-01
2.602150440216064453e-01
3.146495819091796875e-01
2.454762458801269531e-01
1.922044754028320312e-01
2.686867713928222656e-01
2.696659564971923828e-01
1.955292224884033203e-01
2.713072299957275391e-01
3.453571796417236328e-01
3.427634239196777344e-01
3.400912284851074219e-01
3.290834426879882812e-01
2.876505851745605469e-01
2.243707180023193359e-01
2.671968936920166016e-01
2.667119503021240234e-01
2.605814933776855469e-01
2.640433311462402344e-01
2.669687271118164062e-01
3.333954811096191406e-01
2.601406574249267578e-01
2.692599296569824219e-01
3.336684703826904297e-01
2.538416385650634766e-01
1.907293796539306641e-01
2.681133747100830078e-01
3.426578044891357422e-01
3.403639793395996094e-01
2.635438442230224609e-01
1.920585632324218750e-01
1.932253837585449219e-01
1.881864070892333984e-01
1.853442192077636719e-01
2.640702724456787109e-01
3.511700630187988281e-01
3.576347827911376953e-01
3.479948043823242188e-01
3.430557250976562500e-01
3.320758342742919922e-01
3.289585113525390625e-01
3.305966854095458984e-01
2.604520320892333984e-01
2.741074562072753906e-01
3.609941005706787109e-01
3.677623271942138672e-01
3.513016700744628906e-01
3.325552940368652344e-01
2.575855255126953125e-01
1.908135414123535156e-01
1.888377666473388672e-01
1.851894855499267578e-01
1.860320568084716797e-01
1.834223270416259766e-01
1.824424266815185547e-01
2.592720985412597656e-01
3.303451538085937500e-01
3.217101097106933594e-01
3.246886730194091797e-01
2.611598968505859375e-01
2.605974674224853516e-01
3.297722339630126953e-01
3.240466117858886719e-01
3.228995800018310547e-01
2.098226547241210938e-01
1.492960453033447266e-01
2.100875377655029297e-01
2.105762958526611328e-01
2.102949619293212891e-01
2.113244533538818359e-01
2.109012603759765625e-01
2.743699550628662109e-01
2.662258148193359375e-01
2.004916667938232422e-01
2.053580284118652344e-01
2.021076679229736328e-01
1.986877918243408203e-01
2.022955417633056641e-01
2.022552490234375000e-01
1.836488246917724609e-01
2.478606700897216797e-01
2.610971927642822266e-01
2.732234001159667969e-01
2.764329910278320312e-01
2.760736942291259766e-01
2.717316150665283203e-01
1.957991123199462891e-01
2.688539028167724609e-01
3.377568721771240234e-01
2.624292373657226562e-01
1.910648345947265625e-01
1.962988376617431641e-01
2.595560550689697266e-01
2.607140541076660156e-01
1.966981887817382812e-01
2.779173851013183594e-01
2.809340953826904297e-01
2.723393440246582031e-01
2.775921821594238281e-01
2.761847972869873047e-01
2.712545394897460938e-01
2.631442546844482422e-01
2.579710483551025391e-01
2.717502117156982422e-01
3.280792236328125000e-01
2.512731552124023438e-01
1.963021755218505859e-01
1.894733905792236328e-01
1.966133117675781250e-01
2.020049095153808594e-01
1.936974525451660156e-01
2.676239013671875000e-01
3.142158985137939453e-01
3.068711757659912109e-01
2.634799480438232422e-01
1.956140995025634766e-01
1.942439079284667969e-01
1.944766044616699219e-01
1.944944858551025391e-01
2.613334655761718750e-01
3.350203037261962891e-01
3.253159523010253906e-01
2.506482601165771484e-01
1.911826133728027344e-01
2.665216922760009766e-01
2.659285068511962891e-01
2.645225524902343750e-01
2.671096324920654297e-01
2.714657783508300781e-01
3.369812965393066406e-01
2.589776515960693359e-01
2.636713981628417969e-01
2.632927894592285156e-01
1.995880603790283203e-01
2.032160758972167969e-01
1.952052116394042969e-01
1.919183731079101562e-01
2.598741054534912109e-01
2.602932453155517578e-01
2.583227157592773438e-01
3.327834606170654297e-01
3.370239734649658203e-01
3.356389999389648438e-01
3.377652168273925781e-01
3.324165344238281250e-01
3.373470306396484375e-01
3.428103923797607422e-01
3.522210121154785156e-01
3.627464771270751953e-01
3.486380577087402344e-01
3.398921489715576172e-01
3.354122638702392578e-01
3.309912681579589844e-01
2.754592895507812500e-01
2.833135128021240234e-01
3.195443153381347656e-01
3.083581924438476562e-01
2.692968845367431641e-01
2.069611549377441406e-01
2.012410163879394531e-01
2.630729675292968750e-01
2.625713348388671875e-01
1.974751949310302734e-01
2.651717662811279297e-01
3.175194263458251953e-01
3.220310211181640625e-01
3.541448116302490234e-01
3.576672077178955078e-01
3.572156429290771484e-01
3.477306365966796875e-01
3.385245800018310547e-01
3.437027931213378906e-01
3.405857086181640625e-01
3.418178558349609375e-01
3.557078838348388672e-01
3.530499935150146484e-01
2.674803733825683594e-01
2.726373672485351562e-01
2.736921310424804688e-01
2.782037258148193359e-01
3.562378883361816406e-01
3.510978221893310547e-01
3.614151477813720703e-01
3.713614940643310547e-01
2.849740982055664062e-01
2.012259960174560547e-01
1.997272968292236328e-01
2.118926048278808594e-01
2.127339839935302734e-01
2.651126384735107422e-01
2.616083621978759766e-01
2.778151035308837891e-01
2.884759902954101562e-01
2.049541473388671875e-01
2.391109466552734375e-01
2.483468055725097656e-01
2.899601459503173828e-01
3.551304340362548828e-01
2.732784748077392578e-01
2.749564647674560547e-01
2.740497589111328125e-01
1.964011192321777344e-01
2.778196334838867188e-01
3.595132827758789062e-01
3.229553699493408203e-01
2.548656463623046875e-01
2.921528816223144531e-01
3.680219650268554688e-01
2.907357215881347656e-01
2.835993766784667969e-01
3.502979278564453125e-01
