1.603643894195556641e-01
2.496361732482910156e-01
2.541403770446777344e-01
2.542710304260253906e-01
2.466328144073486328e-01
2.436108589172363281e-01
1.769423484802246094e-01
1.758143901824951172e-01
1.729705333709716797e-01
2.424604892730712891e-01
2.406096458435058594e-01
1.727845668792724609e-01
1.754631996154785156e-01
1.796197891235351562e-01
1.839711666107177734e-01
1.848530769348144531e-01
1.798024177551269531e-01
1.772968769073486328e-01
1.781907081604003906e-01
1.777603626251220703e-01
1.796431541442871094e-01
1.820347309112548828e-01
2.568671703338623047e-01
2.535569667816162109e-01
1.814644336700439453e-01
1.870744228363037109e-01
1.858236789703369141e-01
1.789431571960449219e-01
1.773829460144042969e-01
2.554061412811279297e-01
2.614932060241699219e-01
1.919436454772949219e-01
1.887860298156738281e-01
1.857357025146484375e-01
1.917765140533447266e-01
2.621576786041259766e-01
2.591273784637451172e-01
1.926836967468261719e-01
2.623105049133300781e-01
2.647919654846191406e-01
2.664093971252441406e-01
2.591781616210937500e-01
1.830296516418457031e-01
1.849167346954345703e-01
1.911573410034179688e-01
1.933763027191162109e-01
2.630510330200195312e-01
2.633192539215087891e-01
1.891849040985107422e-01
1.869151592254638672e-01
1.891360282897949219e-01
1.876347064971923828e-01
1.832170486450195312e-01
1.864204406738281250e-01
2.662079334259033203e-01
2.613823413848876953e-01
1.835927963256835938e-01
2.578775882720947266e-01
2.624974250793457031e-01
2.593097686767578125e-01
2.554686069488525391e-01
1.885223388671875000e-01
1.864714622497558594e-01
1.826946735382080078e-01
1.806378364562988281e-01
1.797459125518798828e-01
1.859872341156005859e-01
1.966083049774169922e-01
1.930234432220458984e-01
2.124223709106445312e-01
2.149806022644042969e-01
2.778055667877197266e-01
3.601558208465576172e-01
3.498880863189697266e-01
2.812476158142089844e-01
2.058823108673095703e-01
1.911385059356689453e-01
1.980772018432617188e-01
1.988103389739990234e-01
1.997323036193847656e-01
2.094016075134277344e-01
2.218320369720458984e-01
2.220332622528076172e-01
2.187907695770263672e-01
2.248637676239013672e-01
2.093741893768310547e-01
1.987760066986083984e-01
2.019159793853759766e-01
2.059490680694580078e-01
2.005722522735595703e-01
1.927912235260009766e-01
2.087411880493164062e-01
2.140610218048095703e-01
3.067488670349121094e-01
2.993736267089843750e-01
1.897208690643310547e-01
1.949017047882080078e-01
1.936805248260498047e-01
2.123606204986572266e-01
2.988364696502685547e-01
3.524186611175537109e-01
2.633986473083496094e-01
2.575528621673583984e-01
2.647278308868408203e-01
1.982123851776123047e-01
1.971971988677978516e-01
2.002427577972412109e-01
2.191259860992431641e-01
2.209496498107910156e-01
2.756984233856201172e-01
2.663583755493164062e-01
2.044672966003417969e-01
2.064590454101562500e-01
1.999890804290771484e-01
1.981434822082519531e-01
1.924684047698974609e-01
2.004017829895019531e-01
1.984193325042724609e-01
1.931076049804687500e-01
1.960129737854003906e-01
2.050311565399169922e-01
2.091329097747802734e-01
2.005832195281982422e-01
1.912956237792968750e-01
2.090668678283691406e-01
2.265622615814208984e-01
3.057558536529541016e-01
3.332939147949218750e-01
2.375195026397705078e-01
1.978292465209960938e-01
1.938986778259277344e-01
2.462260723114013672e-01
2.503638267517089844e-01
1.961834430694580078e-01
2.693653106689453125e-01
3.526723384857177734e-01
3.482620716094970703e-01
3.484172821044921875e-01
3.625073432922363281e-01
3.676838874816894531e-01
3.313398361206054688e-01
3.147644996643066406e-01
3.402266502380371094e-01
3.216588497161865234e-01
2.474789619445800781e-01
1.947321891784667969e-01
2.114784717559814453e-01
2.923417091369628906e-01
3.503775596618652344e-01
3.502290248870849609e-01
3.606762886047363281e-01
2.792863845825195312e-01
2.807652950286865234e-01
3.628580570220947266e-01
3.492982387542724609e-01
3.428370952606201172e-01
3.406527042388916016e-01
2.618925571441650391e-01
1.939063072204589844e-01
1.977300643920898438e-01
1.927192211151123047e-01
1.900978088378906250e-01
1.789600849151611328e-01
2.661530971527099609e-01
3.004555702209472656e-01
2.304534912109375000e-01
2.196218967437744141e-01
2.132310867309570312e-01
2.050404548645019531e-01
2.700641155242919922e-01
3.376469612121582031e-01
2.645440101623535156e-01
2.007479667663574219e-01
2.821371555328369141e-01
3.453035354614257812e-01
2.652416229248046875e-01
2.708444595336914062e-01
2.709195613861083984e-01
1.991338729858398438e-01
2.044489383697509766e-01
2.591421604156494141e-01
2.576541900634765625e-01
2.668135166168212891e-01
3.321371078491210938e-01
3.296761512756347656e-01
2.640333175659179688e-01
2.693216800689697266e-01
2.705509662628173828e-01
2.023828029632568359e-01
2.019534111022949219e-01
2.091779708862304688e-01
2.373833656311035156e-01
3.088328838348388672e-01
2.792835235595703125e-01
2.860395908355712891e-01
3.532571792602539062e-01
2.685375213623046875e-01
2.817990779876708984e-01
3.559973239898681641e-01
2.759408950805664062e-01
2.889320850372314453e-01
3.640191555023193359e-01
3.158385753631591797e-01
2.397379875183105469e-01
2.675502300262451172e-01
2.688689231872558594e-01
2.016170024871826172e-01
2.046101093292236328e-01
2.012398242950439453e-01
1.940929889678955078e-01
2.795765399932861328e-01
3.022327423095703125e-01
2.193908691406250000e-01
2.353327274322509766e-01
2.379355430603027344e-01
2.068953514099121094e-01
2.038295269012451172e-01
1.958305835723876953e-01
1.995980739593505859e-01
2.075903415679931641e-01
2.143378257751464844e-01
2.147574424743652344e-01
2.079257965087890625e-01
2.825350761413574219e-01
2.805161476135253906e-01
1.990134716033935547e-01
2.861659526824951172e-01
3.006718158721923828e-01
2.194733619689941406e-01
2.939362525939941406e-01
3.784141540527343750e-01
3.748953342437744141e-01
2.883718013763427734e-01
2.334918975830078125e-01
2.381141185760498047e-01
2.171230316162109375e-01
2.206063270568847656e-01
2.637333869934082031e-01
2.531979084014892578e-01
2.328195571899414062e-01
2.315909862518310547e-01
2.006411552429199219e-01
2.729141712188720703e-01
2.694146633148193359e-01
2.003195285797119141e-01
2.819890975952148438e-01
2.774345874786376953e-01
2.553019523620605469e-01
2.663998603820800781e-01
2.146358489990234375e-01
2.979602813720703125e-01
2.905721664428710938e-01
1.933269500732421875e-01
2.607409954071044922e-01
2.657172679901123047e-01
2.803964614868164062e-01
2.815289497375488281e-01
2.587764263153076172e-01
2.492332458496093750e-01
1.869506835937500000e-01
2.987804412841796875e-01
3.651456832885742188e-01
3.334748744964599609e-01
2.695138454437255859e-01
2.700250148773193359e-01
3.527057170867919922e-01
3.641514778137207031e-01
3.651049137115478516e-01
3.570563793182373047e-01
2.843766212463378906e-01
2.830469608306884766e-01
3.480257987976074219e-01
2.653429508209228516e-01
1.885559558868408203e-01
1.894538402557373047e-01
1.897268295288085938e-01
2.057867050170898438e-01
2.181904315948486328e-01
2.851128578186035156e-01
2.755749225616455078e-01
2.830498218536376953e-01
3.611228466033935547e-01
2.711436748504638672e-01
2.583277225494384766e-01
3.462126255035400391e-01
3.563802242279052734e-01
3.515148162841796875e-01
3.541989326477050781e-01
2.816612720489501953e-01
2.131483554840087891e-01
2.511632442474365234e-01
2.628586292266845703e-01
3.068106174468994141e-01
3.394572734832763672e-01
3.330173492431640625e-01
3.506708145141601562e-01
3.436751365661621094e-01
2.674384117126464844e-01
1.851418018341064453e-01
2.475094795227050781e-01
3.301236629486083984e-01
2.908463478088378906e-01
2.183756828308105469e-01
2.672297954559326172e-01
2.663414478302001953e-01
2.443068027496337891e-01
2.389676570892333984e-01
1.914021968841552734e-01
2.556035518646240234e-01
2.506554126739501953e-01
2.037210464477539062e-01
2.248489856719970703e-01
2.173004150390625000e-01
2.049765586853027344e-01
2.797074317932128906e-01
3.036148548126220703e-01
2.286231517791748047e-01
2.193479537963867188e-01
2.149920463562011719e-01
1.990644931793212891e-01
1.989781856536865234e-01
2.218518257141113281e-01
2.322652339935302734e-01
2.121167182922363281e-01
2.817618846893310547e-01
2.706577777862548828e-01
2.400546073913574219e-01
2.528777122497558594e-01
2.098872661590576172e-01
2.054760456085205078e-01
2.535030841827392578e-01
2.536540031433105469e-01
2.093713283538818359e-01
2.221260070800781250e-01
2.200245857238769531e-01
2.074651718139648438e-01
2.030143737792968750e-01
2.102046012878417969e-01
2.268462181091308594e-01
2.254219055175781250e-01
2.166621685028076172e-01
2.937541007995605469e-01
3.690800666809082031e-01
3.662123680114746094e-01
3.652105331420898438e-01
3.610377311706542969e-01
2.871057987213134766e-01
2.155275344848632812e-01
2.048883438110351562e-01
2.019729614257812500e-01
2.823677062988281250e-01
2.952225208282470703e-01
2.485482692718505859e-01
3.206100463867187500e-01
3.438849449157714844e-01
2.824363708496093750e-01
2.291114330291748047e-01
2.740156650543212891e-01
2.701313495635986328e-01
2.350165843963623047e-01
2.338676452636718750e-01
1.973669528961181641e-01
1.948649883270263672e-01
1.910505294799804688e-01
1.948957443237304688e-01
2.045185565948486328e-01
2.794501781463623047e-01
2.715299129486083984e-01
2.769918441772460938e-01
3.593583106994628906e-01
3.049585819244384766e-01
2.266209125518798828e-01
2.008764743804931641e-01
1.986405849456787109e-01
1.937124729156494141e-01
1.914229393005371094e-01
1.921827793121337891e-01
1.960549354553222656e-01
2.009463310241699219e-01
1.965985298156738281e-01
1.899421215057373047e-01
2.665812969207763672e-01
2.698659896850585938e-01
1.938636302947998047e-01
1.936235427856445312e-01
1.964135169982910156e-01
2.001402378082275391e-01
2.024064064025878906e-01
2.002534866333007812e-01
1.998200416564941406e-01
2.006394863128662109e-01
1.977562904357910156e-01
2.693040370941162109e-01
3.218631744384765625e-01
3.121776580810546875e-01
2.823021411895751953e-01
2.190642356872558594e-01
2.793843746185302734e-01
3.296673297882080078e-01
2.459721565246582031e-01
1.967794895172119141e-01
1.955945491790771484e-01
2.564375400543212891e-01
2.656707763671875000e-01
1.997239589691162109e-01
1.924250125885009766e-01
2.720534801483154297e-01
2.669229507446289062e-01
1.865160465240478516e-01
2.577953338623046875e-01
2.614219188690185547e-01
1.983258724212646484e-01
1.990654468536376953e-01
1.924934387207031250e-01
1.933493614196777344e-01
2.039957046508789062e-01
2.000029087066650391e-01
2.646842002868652344e-01
2.649140357971191406e-01
1.927161216735839844e-01
1.926777362823486328e-01
2.655198574066162109e-01
2.628483772277832031e-01
2.690761089324951172e-01
3.491375446319580078e-01
3.364884853363037109e-01
2.608053684234619141e-01
1.982550621032714844e-01
1.988742351531982422e-01
1.908555030822753906e-01
1.885395050048828125e-01
1.939053535461425781e-01
1.980528831481933594e-01
1.982367038726806641e-01
1.911530494689941406e-01
1.869852542877197266e-01
1.937460899353027344e-01
1.962766647338867188e-01
1.934216022491455078e-01
1.879346370697021484e-01
1.823430061340332031e-01
2.602784633636474609e-01
3.235204219818115234e-01
3.172016143798828125e-01
3.255450725555419922e-01
2.603144645690917969e-01
1.943771839141845703e-01
1.937851905822753906e-01
2.686281204223632812e-01
3.443319797515869141e-01
3.435897827148437500e-01
3.428409099578857422e-01
3.430030345916748047e-01
3.404085636138916016e-01
3.425726890563964844e-01
3.441860675811767578e-01
2.708046436309814453e-01
1.980516910552978516e-01
2.000229358673095703e-01
1.970374584197998047e-01
1.979572772979736328e-01
1.990494728088378906e-01
2.645499706268310547e-01
3.326604366302490234e-01
3.386127948760986328e-01
3.145637512207031250e-01
2.381849288940429688e-01
1.965360641479492188e-01
1.992652416229248047e-01
1.983532905578613281e-01
1.941072940826416016e-01
2.750535011291503906e-01
3.536713123321533203e-01
3.469121456146240234e-01
3.114621639251708984e-01
3.035931587219238281e-01
2.597110271453857422e-01
1.925296783447265625e-01
1.956400871276855469e-01
2.631824016571044922e-01
2.627079486846923828e-01
2.689716815948486328e-01
3.486413955688476562e-01
2.700796127319335938e-01
2.752022743225097656e-01
3.451924324035644531e-01
2.559165954589843750e-01
1.937375068664550781e-01
1.901035308837890625e-01
2.615966796875000000e-01
2.730569839477539062e-01
2.798163890838623047e-01
2.778308391571044922e-01
1.986415386199951172e-01
1.949565410614013672e-01
1.989543437957763672e-01
2.780325412750244141e-01
2.729008197784423828e-01
1.958212852478027344e-01
2.792127132415771484e-01
3.577477931976318359e-01
2.747492790222167969e-01
2.792377471923828125e-01
3.511073589324951172e-01
3.427562713623046875e-01
3.332474231719970703e-01
3.403949737548828125e-01
3.040094375610351562e-01
2.343726158142089844e-01
2.097272872924804688e-01
2.021770477294921875e-01
2.006852626800537109e-01
1.899564266204833984e-01
1.895792484283447266e-01
1.885690689086914062e-01
1.841931343078613281e-01
1.878695487976074219e-01
1.889207363128662109e-01
1.855361461639404297e-01
1.872956752777099609e-01
1.910982131958007812e-01
1.881299018859863281e-01
1.893689632415771484e-01
1.888573169708251953e-01
1.897230148315429688e-01
1.934461593627929688e-01
1.915223598480224609e-01
1.924145221710205078e-01
1.918358802795410156e-01
1.862964630126953125e-01
1.866154670715332031e-01
1.873338222503662109e-01
1.863656044006347656e-01
1.879305839538574219e-01
1.925833225250244141e-01
1.912100315093994141e-01
2.621536254882812500e-01
3.249068260192871094e-01
3.197503089904785156e-01
3.403365612030029297e-01
2.762997150421142578e-01
2.699398994445800781e-01
3.399403095245361328e-01
2.650203704833984375e-01
1.933343410491943359e-01
1.914875507354736328e-01
1.840751171112060547e-01
1.810393333435058594e-01
1.833131313323974609e-01
1.872920989990234375e-01
1.936533451080322266e-01
1.944849491119384766e-01
1.949763298034667969e-01
1.937961578369140625e-01
1.859078407287597656e-01
1.853659152984619141e-01
1.955082416534423828e-01
2.010533809661865234e-01
1.957733631134033203e-01
2.572712898254394531e-01
3.265922069549560547e-01
3.321146965026855469e-01
3.252387046813964844e-01
3.219537734985351562e-01
2.576045989990234375e-01
2.602386474609375000e-01
3.315954208374023438e-01
3.378927707672119141e-01
3.430614471435546875e-01
3.103356361389160156e-01
2.955665588378906250e-01
2.534389495849609375e-01
2.547612190246582031e-01
2.484340667724609375e-01
1.877133846282958984e-01
2.561552524566650391e-01
2.538967132568359375e-01
1.856784820556640625e-01
1.882543563842773438e-01
2.680590152740478516e-01
2.951977252960205078e-01
2.130649089813232422e-01
2.363004684448242188e-01
2.419517040252685547e-01
1.875460147857666016e-01
1.877536773681640625e-01
1.847116947174072266e-01
1.821529865264892578e-01
1.856243610382080078e-01
1.924395561218261719e-01
2.601990699768066406e-01
2.548778057098388672e-01
1.881620883941650391e-01
1.906764507293701172e-01
2.636246681213378906e-01
2.636592388153076172e-01
1.878097057342529297e-01
2.549693584442138672e-01
3.335418701171875000e-01
3.468976020812988281e-01
3.229596614837646484e-01
3.143119812011718750e-01
3.365283012390136719e-01
3.331017494201660156e-01
2.617888450622558594e-01
1.944727897644042969e-01
1.896491050720214844e-01
1.914753913879394531e-01
1.939246654510498047e-01
1.896922588348388672e-01
1.921687126159667969e-01
1.893703937530517578e-01
1.867935657501220703e-01
1.901633739471435547e-01
1.882433891296386719e-01
1.851823329925537109e-01
1.817271709442138672e-01
1.854646205902099609e-01
1.895227432250976562e-01
1.885018348693847656e-01
1.860747337341308594e-01
1.860530376434326172e-01
1.871380805969238281e-01
1.886887550354003906e-01
1.905219554901123047e-01
1.921806335449218750e-01
1.923873424530029297e-01
1.907753944396972656e-01
1.980156898498535156e-01
2.002489566802978516e-01
1.979811191558837891e-01
1.989085674285888672e-01
1.954543590545654297e-01
3.208761215209960938e-01
3.866922855377197266e-01
3.334290981292724609e-01
3.375704288482666016e-01
3.073635101318359375e-01
2.348723411560058594e-01
1.816442012786865234e-01
1.836225986480712891e-01
2.470231056213378906e-01
2.503066062927246094e-01
2.033612728118896484e-01
2.062981128692626953e-01
2.010967731475830078e-01
1.972844600677490234e-01
2.063875198364257812e-01
2.841465473175048828e-01
3.392508029937744141e-01
3.273758888244628906e-01
2.530293464660644531e-01
2.647480964660644531e-01
3.443038463592529297e-01
2.712113857269287109e-01
2.077140808105468750e-01
2.013890743255615234e-01
2.780709266662597656e-01
2.835872173309326172e-01
2.433311939239501953e-01
2.428629398345947266e-01
2.075958251953125000e-01
2.101578712463378906e-01
2.061319351196289062e-01
2.013070583343505859e-01
1.963796615600585938e-01
1.968395709991455078e-01
2.484710216522216797e-01
2.511880397796630859e-01
2.909257411956787109e-01
3.591568470001220703e-01
2.815983295440673828e-01
2.112653255462646484e-01
2.030889987945556641e-01
2.069292068481445312e-01
2.100017070770263672e-01
2.868180274963378906e-01
3.541340827941894531e-01
2.763748168945312500e-01
2.864370346069335938e-01
3.668925762176513672e-01
3.465502262115478516e-01
2.631809711456298828e-01
1.985049247741699219e-01
2.015552520751953125e-01
2.816457748413085938e-01
2.804722785949707031e-01
2.694497108459472656e-01
2.685039043426513672e-01
2.853286266326904297e-01
3.495950698852539062e-01
2.674827575683593750e-01
1.977486610412597656e-01
2.758867740631103516e-01
2.810559272766113281e-01
1.985824108123779297e-01
3.106310367584228516e-01
3.954372406005859375e-01
3.152272701263427734e-01
2.523968219757080078e-01
2.248854637145996094e-01
2.167794704437255859e-01
2.716927528381347656e-01
3.005690574645996094e-01
2.539374828338623047e-01
2.224345207214355469e-01
2.134256362915039062e-01
2.122035026550292969e-01
2.083015441894531250e-01
2.011880874633789062e-01
2.006943225860595703e-01
2.015411853790283203e-01
2.029545307159423828e-01
2.067503929138183594e-01
2.034938335418701172e-01
2.005484104156494141e-01
2.016987800598144531e-01
2.098953723907470703e-01
2.111160755157470703e-01
2.364325523376464844e-01
2.367339134216308594e-01
2.034680843353271484e-01
2.085299491882324219e-01
2.072703838348388672e-01
2.000753879547119141e-01
1.994888782501220703e-01
2.037997245788574219e-01
2.008988857269287109e-01
1.981332302093505859e-01
2.009060382843017578e-01
1.962039470672607422e-01
1.942770481109619141e-01
1.990580558776855469e-01
2.017886638641357422e-01
2.015099525451660156e-01
1.987690925598144531e-01
2.001340389251708984e-01
2.009122371673583984e-01
1.975052356719970703e-01
1.972322463989257812e-01
2.007639408111572266e-01
2.028229236602783203e-01
2.687065601348876953e-01
2.608594894409179688e-01
1.934490203857421875e-01
1.931397914886474609e-01
1.941289901733398438e-01
1.931831836700439453e-01
1.862688064575195312e-01
1.911308765411376953e-01
2.012312412261962891e-01
2.744235992431640625e-01
2.659041881561279297e-01
1.907958984375000000e-01
1.984772682189941406e-01
2.727005481719970703e-01
3.175766468048095703e-01
3.343944549560546875e-01
2.856016159057617188e-01
1.998815536499023438e-01
2.004411220550537109e-01
1.954271793365478516e-01
2.007052898406982422e-01
2.112514972686767578e-01
2.744979858398437500e-01
2.643828392028808594e-01
2.048611640930175781e-01
2.112863063812255859e-01
1.890094280242919922e-01
1.753010749816894531e-01
1.759223937988281250e-01
1.775207519531250000e-01
1.802878379821777344e-01
1.785132884979248047e-01
1.806039810180664062e-01
1.805019378662109375e-01
1.829619407653808594e-01
1.882066726684570312e-01
1.834731101989746094e-01
1.833517551422119141e-01
1.841452121734619141e-01
1.819448471069335938e-01
1.901440620422363281e-01
1.892871856689453125e-01
1.801002025604248047e-01
1.808946132659912109e-01
1.878645420074462891e-01
1.876518726348876953e-01
1.856420040130615234e-01
2.609384059906005859e-01
2.616412639617919922e-01
1.896874904632568359e-01
2.576165199279785156e-01
2.543947696685791016e-01
1.815748214721679688e-01
2.645783424377441406e-01
3.444008827209472656e-01
3.412694931030273438e-01
3.344841003417968750e-01
3.344566822052001953e-01
3.379764556884765625e-01
2.579054832458496094e-01
2.624666690826416016e-01
2.694780826568603516e-01
2.658536434173583984e-01
2.607715129852294922e-01
1.853122711181640625e-01
2.637729644775390625e-01
2.629671096801757812e-01
1.867837905883789062e-01
1.897156238555908203e-01
1.919662952423095703e-01
1.948008537292480469e-01
2.659463882446289062e-01
2.146561145782470703e-01
1.495237350463867188e-01
2.943811416625976562e-01
2.937252521514892578e-01
2.860503196716308594e-01
3.527612686157226562e-01
3.405368328094482422e-01
2.689657211303710938e-01
1.980149745941162109e-01
1.998479366302490234e-01
2.013835906982421875e-01
2.059652805328369141e-01
2.773168087005615234e-01
3.429822921752929688e-01
3.474221229553222656e-01
3.480143547058105469e-01
3.520402908325195312e-01
2.785220146179199219e-01
2.747609615325927734e-01
2.753310203552246094e-01
2.619891166687011719e-01
2.616188526153564453e-01
2.698469161987304688e-01
3.367261886596679688e-01
2.634210586547851562e-01
1.968641281127929688e-01
1.935110092163085938e-01
1.915929317474365234e-01
1.955914497375488281e-01
1.977248191833496094e-01
1.912238597869873047e-01
2.661349773406982422e-01
2.642621994018554688e-01
1.911177635192871094e-01
2.411909103393554688e-01
2.349555492401123047e-01
1.899571418762207031e-01
2.619566917419433594e-01
2.689211368560791016e-01
2.651815414428710938e-01
3.451523780822753906e-01
3.218615055084228516e-01
3.001282215118408203e-01
2.589433193206787109e-01
1.902225017547607422e-01
1.923072338104248047e-01
2.001500129699707031e-01
1.988210678100585938e-01
1.937980651855468750e-01
1.984870433807373047e-01
2.703821659088134766e-01
2.627894878387451172e-01
1.931827068328857422e-01
2.708225250244140625e-01
2.692258358001708984e-01
1.942200660705566406e-01
1.992390155792236328e-01
1.986653804779052734e-01
2.615628242492675781e-01
2.606410980224609375e-01
1.911778450012207031e-01
1.947522163391113281e-01
2.003157138824462891e-01
2.018563747406005859e-01
2.016525268554687500e-01
2.008101940155029297e-01
2.670907974243164062e-01
3.359994888305664062e-01
3.306927680969238281e-01
3.376421928405761719e-01
3.524882793426513672e-01
3.442199230194091797e-01
3.398041725158691406e-01
3.319559097290039062e-01
3.308651447296142578e-01
3.375604152679443359e-01
3.307199478149414062e-01
3.338882923126220703e-01
3.433394432067871094e-01
3.428008556365966797e-01
3.470194339752197266e-01
2.711207866668701172e-01
2.553813457489013672e-01
2.624628543853759766e-01
2.010540962219238281e-01
2.013478279113769531e-01
1.965405941009521484e-01
1.920700073242187500e-01
1.932308673858642578e-01
1.925311088562011719e-01
2.571768760681152344e-01
2.633163928985595703e-01
2.778785228729248047e-01
2.706925868988037109e-01
1.889114379882812500e-01
2.585639953613281250e-01
2.639949321746826172e-01
2.652854919433593750e-01
2.613258361816406250e-01
2.509496212005615234e-01
2.555353641510009766e-01
2.689511775970458984e-01
2.720837593078613281e-01
1.999063491821289062e-01
1.933689117431640625e-01
1.949226856231689453e-01
2.665135860443115234e-01
2.738604545593261719e-01
2.029497623443603516e-01
1.962337493896484375e-01
1.972939968109130859e-01
2.780323028564453125e-01
3.439474105834960938e-01
2.594244480133056641e-01
1.928849220275878906e-01
1.956722736358642578e-01
1.919960975646972656e-01
1.943531036376953125e-01
2.063066959381103516e-01
2.038431167602539062e-01
2.528650760650634766e-01
2.533314228057861328e-01
2.134544849395751953e-01
2.142910957336425781e-01
2.664856910705566406e-01
2.733013629913330078e-01
2.036364078521728516e-01
1.990745067596435547e-01
2.681083679199218750e-01
2.648694515228271484e-01
1.966722011566162109e-01
1.942136287689208984e-01
2.681725025177001953e-01
3.412058353424072266e-01
3.292551040649414062e-01
3.249180316925048828e-01
2.618792057037353516e-01
1.991665363311767578e-01
2.024371623992919922e-01
2.001764774322509766e-01
1.984426975250244141e-01
1.989140510559082031e-01
1.934773921966552734e-01
1.949586868286132812e-01
2.005369663238525391e-01
1.984210014343261719e-01
1.936130523681640625e-01
1.895308494567871094e-01
1.925048828125000000e-01
2.755067348480224609e-01
2.782592773437500000e-01
2.496132850646972656e-01
2.476134300231933594e-01
1.942722797393798828e-01
2.767632007598876953e-01
3.328998088836669922e-01
2.521164417266845703e-01
1.975038051605224609e-01
1.933724880218505859e-01
1.938886642456054688e-01
1.932339668273925781e-01
1.934952735900878906e-01
1.949856281280517578e-01
1.452989578247070312e-01
1.522979736328125000e-01
2.127938270568847656e-01
2.145948410034179688e-01
2.068402767181396484e-01
2.071626186370849609e-01
2.768201828002929688e-01
2.767279148101806641e-01
2.040591239929199219e-01
2.628440856933593750e-01
2.671093940734863281e-01
2.081122398376464844e-01
2.056367397308349609e-01
2.721827030181884766e-01
2.781322002410888672e-01
2.107615470886230469e-01
2.060685157775878906e-01
2.065162658691406250e-01
2.049219608306884766e-01
2.034003734588623047e-01
2.126441001892089844e-01
2.183451652526855469e-01
2.153449058532714844e-01
2.138111591339111328e-01
2.187824249267578125e-01
2.401905059814453125e-01
2.488279342651367188e-01
2.345039844512939453e-01
2.275476455688476562e-01
2.132675647735595703e-01
2.025890350341796875e-01
2.044377326965332031e-01
2.072591781616210938e-01
2.063953876495361328e-01
2.034020423889160156e-01
2.218844890594482422e-01
2.206313610076904297e-01
2.033927440643310547e-01
2.797601222991943359e-01
3.314797878265380859e-01
2.560205459594726562e-01
2.817587852478027344e-01
3.546743392944335938e-01
2.755291461944580078e-01
2.045781612396240234e-01
2.091941833496093750e-01
2.159495353698730469e-01
2.055010795593261719e-01
1.938283443450927734e-01
1.944577693939208984e-01
1.904244422912597656e-01
1.940069198608398438e-01
1.947178840637207031e-01
1.911509037017822266e-01
1.923394203186035156e-01
1.951804161071777344e-01
1.998050212860107422e-01
2.041356563568115234e-01
2.051596641540527344e-01
2.034556865692138672e-01
1.996014118194580078e-01
2.016990184783935547e-01
2.052016258239746094e-01
2.002043724060058594e-01
1.935448646545410156e-01
1.938424110412597656e-01
2.014925479888916016e-01
2.025349140167236328e-01
1.986556053161621094e-01
1.994998455047607422e-01
2.003312110900878906e-01
2.014603614807128906e-01
2.039675712585449219e-01
2.057864665985107422e-01
2.882399559020996094e-01
3.483977317810058594e-01
2.649288177490234375e-01
2.018690109252929688e-01
2.024002075195312500e-01
2.032420635223388672e-01
2.045564651489257812e-01
2.010760307312011719e-01
2.753231525421142578e-01
3.560335636138916016e-01
2.784543037414550781e-01
2.834570407867431641e-01
3.628833293914794922e-01
2.766742706298828125e-01
1.957316398620605469e-01
2.766017913818359375e-01
3.498737812042236328e-01
2.678618431091308594e-01
1.990242004394531250e-01
2.046995162963867188e-01
2.870941162109375000e-01
2.875227928161621094e-01
2.749891281127929688e-01
2.722594738006591797e-01
2.751641273498535156e-01
3.480238914489746094e-01
3.553574085235595703e-01
3.664314746856689453e-01
2.978134155273437500e-01
3.047599792480468750e-01
3.781225681304931641e-01
3.724040985107421875e-01
3.461387157440185547e-01
2.602114677429199219e-01
2.770748138427734375e-01
2.877354621887207031e-01
2.139401435852050781e-01
2.902932167053222656e-01
3.669555187225341797e-01
3.520803451538085938e-01
2.835361957550048828e-01
2.285022735595703125e-01
2.584702968597412109e-01
3.207564353942871094e-01
2.938513755798339844e-01
2.402193546295166016e-01
2.449071407318115234e-01
2.214636802673339844e-01
2.780680656433105469e-01
3.554973602294921875e-01
3.309793472290039062e-01
3.267025947570800781e-01
2.770249843597412109e-01
2.217271327972412109e-01
2.188620567321777344e-01
2.739777565002441406e-01
3.320074081420898438e-01
2.556889057159423828e-01
2.345874309539794922e-01
2.365281581878662109e-01
2.093276977539062500e-01
2.851490974426269531e-01
2.767574787139892578e-01
2.050576210021972656e-01
2.744085788726806641e-01
2.665638923645019531e-01
1.941711902618408203e-01
1.959981918334960938e-01
1.923689842224121094e-01
2.561309337615966797e-01
2.675218582153320312e-01
2.123897075653076172e-01
2.811272144317626953e-01
3.537685871124267578e-01
2.817740440368652344e-01
2.133536338806152344e-01
2.930247783660888672e-01
3.603067398071289062e-01
3.624818325042724609e-01
3.577349185943603516e-01
3.470044136047363281e-01
3.401925563812255859e-01
3.193829059600830078e-01
2.432048320770263672e-01
1.859791278839111328e-01
1.910014152526855469e-01
1.889507770538330078e-01
1.884634494781494141e-01
1.924614906311035156e-01
1.450462341308593750e-01
1.524181365966796875e-01
2.092959880828857422e-01
2.068748474121093750e-01
2.060189247131347656e-01
2.119059562683105469e-01
2.864351272583007812e-01
2.869720458984375000e-01
2.907478809356689453e-01
2.893753051757812500e-01
2.156310081481933594e-01
2.127909660339355469e-01
2.133779525756835938e-01
2.168116569519042969e-01
2.179887294769287109e-01
2.250776290893554688e-01
2.243788242340087891e-01
2.163062095642089844e-01
2.344868183135986328e-01
2.320990562438964844e-01
2.092351913452148438e-01
2.099354267120361328e-01
2.091808319091796875e-01
2.784845829010009766e-01
2.763113975524902344e-01
2.417869567871093750e-01
3.224370479583740234e-01
3.733787536621093750e-01
3.792588710784912109e-01
3.217570781707763672e-01
2.383656501770019531e-01
2.098639011383056641e-01
2.059187889099121094e-01
2.048704624176025391e-01
2.159848213195800781e-01
2.144062519073486328e-01
2.026844024658203125e-01
2.008001804351806641e-01
1.973814964294433594e-01
2.031071186065673828e-01
2.137436866760253906e-01
2.395052909851074219e-01
2.388443946838378906e-01
2.127273082733154297e-01
2.199063301086425781e-01
2.205939292907714844e-01
2.155342102050781250e-01
2.148482799530029297e-01
2.336008548736572266e-01
2.359390258789062500e-01
2.181665897369384766e-01
2.141869068145751953e-01
2.047333717346191406e-01
2.772154808044433594e-01
3.656065464019775391e-01
3.624162673950195312e-01
3.426415920257568359e-01
2.706050872802734375e-01
2.076354026794433594e-01
2.112171649932861328e-01
2.811763286590576172e-01
2.858409881591796875e-01
2.150163650512695312e-01
2.096824645996093750e-01
2.063274383544921875e-01
2.028136253356933594e-01
2.110347747802734375e-01
3.343443870544433594e-01
3.188190460205078125e-01
1.902499198913574219e-01
2.591948509216308594e-01
2.582294940948486328e-01
2.056405544281005859e-01
2.060520648956298828e-01
2.600817680358886719e-01
2.613537311553955078e-01
1.953809261322021484e-01
1.974558830261230469e-01
1.953904628753662109e-01
2.737317085266113281e-01
3.519570827484130859e-01
2.774512767791748047e-01
2.012975215911865234e-01
1.947555541992187500e-01
1.937940120697021484e-01
1.930165290832519531e-01
2.667891979217529297e-01
3.051035404205322266e-01
2.284517288208007812e-01
1.923968791961669922e-01
1.961741447448730469e-01
1.964936256408691406e-01
2.748622894287109375e-01
3.559052944183349609e-01
3.460741043090820312e-01
3.222079277038574219e-01
3.207488059997558594e-01
3.462455272674560547e-01
3.604044914245605469e-01
3.443393707275390625e-01
2.631795406341552734e-01
2.132906913757324219e-01
2.878403663635253906e-01
3.196451663970947266e-01
3.201160430908203125e-01
2.809991836547851562e-01
2.111783027648925781e-01
2.649819850921630859e-01
2.609920501708984375e-01
1.981163024902343750e-01
2.667088508605957031e-01
2.514662742614746094e-01
2.115428447723388672e-01
2.246403694152832031e-01
1.964497566223144531e-01
1.940891742706298828e-01
1.882536411285400391e-01
1.891920566558837891e-01
1.909358501434326172e-01
1.997866630554199219e-01
1.968185901641845703e-01
1.883494853973388672e-01
1.908431053161621094e-01
1.949331760406494141e-01
1.974661350250244141e-01
1.914389133453369141e-01
1.860270500183105469e-01
1.937868595123291016e-01
1.994829177856445312e-01
1.942355632781982422e-01
1.933188438415527344e-01
1.923866271972656250e-01
1.909418106079101562e-01
1.905121803283691406e-01
1.904437541961669922e-01
1.935846805572509766e-01
1.951074600219726562e-01
1.943814754486083984e-01
2.610991001129150391e-01
3.337626457214355469e-01
3.486042022705078125e-01
3.554050922393798828e-01
3.557379245758056641e-01
3.657231330871582031e-01
3.668556213378906250e-01
3.524823188781738281e-01
3.421416282653808594e-01
2.632138729095458984e-01
1.862874031066894531e-01
1.892414093017578125e-01
1.902322769165039062e-01
1.898944377899169922e-01
1.865413188934326172e-01
1.865277290344238281e-01
2.710037231445312500e-01
3.439123630523681641e-01
2.671852111816406250e-01
2.668998241424560547e-01
2.642252445220947266e-01
1.870255470275878906e-01
1.823372840881347656e-01
1.830399036407470703e-01
1.837508678436279297e-01
1.381511688232421875e-01
1.486377716064453125e-01
2.098596096038818359e-01
2.106840610504150391e-01
2.880115509033203125e-01
2.890803813934326172e-01
2.749338150024414062e-01
2.731976509094238281e-01
2.778151035308837891e-01
2.753071784973144531e-01
2.040178775787353516e-01
2.058992385864257812e-01
2.118306159973144531e-01
2.835083007812500000e-01
2.756738662719726562e-01
2.023894786834716797e-01
2.007503509521484375e-01
2.046904563903808594e-01
2.017164230346679688e-01
1.967039108276367188e-01
2.023088932037353516e-01
2.850475311279296875e-01
2.847456932067871094e-01
2.004117965698242188e-01
2.038187980651855469e-01
2.821726799011230469e-01
3.426175117492675781e-01
2.646346092224121094e-01
1.987116336822509766e-01
2.670409679412841797e-01
2.740960121154785156e-01
2.108378410339355469e-01
2.857010364532470703e-01
2.826271057128906250e-01
2.030067443847656250e-01
2.055594921112060547e-01
2.676842212677001953e-01
2.615218162536621094e-01
1.915683746337890625e-01
1.948630809783935547e-01
1.994094848632812500e-01
1.989834308624267578e-01
2.728350162506103516e-01
3.081223964691162109e-01
3.044152259826660156e-01
2.633574008941650391e-01
2.578501701354980469e-01
2.606875896453857422e-01
2.341711521148681641e-01
2.383203506469726562e-01
1.974363327026367188e-01
1.971199512481689453e-01
2.711572647094726562e-01
3.378958702087402344e-01
2.573397159576416016e-01
1.814739704132080078e-01
1.881148815155029297e-01
2.603321075439453125e-01
3.358149528503417969e-01
3.411314487457275391e-01
2.617154121398925781e-01
2.632241249084472656e-01
3.294351100921630859e-01
2.550723552703857422e-01
2.514941692352294922e-01
2.477104663848876953e-01
2.286024093627929688e-01
2.319576740264892578e-01
2.603411674499511719e-01
2.621166706085205078e-01
1.898400783538818359e-01
2.545325756072998047e-01
2.568881511688232422e-01
1.849958896636962891e-01
1.852045059204101562e-01
1.871023178100585938e-01
1.907825469970703125e-01
1.902518272399902344e-01
1.859238147735595703e-01
1.851172447204589844e-01
1.846103668212890625e-01
2.639188766479492188e-01
2.743968963623046875e-01
2.039170265197753906e-01
2.109975814819335938e-01
2.118544578552246094e-01
2.683966159820556641e-01
3.291141986846923828e-01
2.524187564849853516e-01
2.090291976928710938e-01
2.193508148193359375e-01
2.011280059814453125e-01
1.935532093048095703e-01
1.875536441802978516e-01
1.850616931915283203e-01
2.566974163055419922e-01
2.536885738372802734e-01
1.769645214080810547e-01
1.771309375762939453e-01
1.758215427398681641e-01
1.786947250366210938e-01
1.839346885681152344e-01
1.860377788543701172e-01
2.548785209655761719e-01
3.274035453796386719e-01
3.302376270294189453e-01
3.298788070678710938e-01
3.042719364166259766e-01
2.273869514465332031e-01
2.508213520050048828e-01
3.390414714813232422e-01
3.427500724792480469e-01
3.339605331420898438e-01
2.669591903686523438e-01
1.969976425170898438e-01
2.676205635070800781e-01
3.436808586120605469e-01
3.435456752777099609e-01
3.540661334991455078e-01
3.539552688598632812e-01
3.382673263549804688e-01
3.355202674865722656e-01
3.310303688049316406e-01
2.753491401672363281e-01
2.012977600097656250e-01
1.844153404235839844e-01
1.843352317810058594e-01
2.008540630340576172e-01
2.785882949829101562e-01
2.564244270324707031e-01
2.072081565856933594e-01
2.854726314544677734e-01
3.332958221435546875e-01
3.320784568786621094e-01
3.286814689636230469e-01
3.277273178100585938e-01
3.287780284881591797e-01
3.308155536651611328e-01
2.606167793273925781e-01
1.907794475555419922e-01
2.711114883422851562e-01
3.410706520080566406e-01
2.654397487640380859e-01
1.951763629913330078e-01
1.979436874389648438e-01
1.966290473937988281e-01
1.892192363739013672e-01
