1.635706424713134766e-01
3.240563869476318359e-01
3.130493164062500000e-01
3.199529647827148438e-01
3.291687965393066406e-01
3.328969478607177734e-01
2.997891902923583984e-01
2.356793880462646484e-01
1.906902790069580078e-01
1.709218025207519531e-01
1.777718067169189453e-01
1.762778759002685547e-01
1.736450195312500000e-01
1.800372600555419922e-01
1.801965236663818359e-01
1.761710643768310547e-01
1.758947372436523438e-01
1.770200729370117188e-01
1.832921504974365234e-01
1.819839477539062500e-01
2.466812133789062500e-01
3.114252090454101562e-01
3.257553577423095703e-01
2.656581401824951172e-01
1.846106052398681641e-01
1.819267272949218750e-01
1.777503490447998047e-01
1.787736415863037109e-01
2.553794384002685547e-01
3.321833610534667969e-01
3.352015018463134766e-01
2.618424892425537109e-01
2.181329727172851562e-01
2.135975360870361328e-01
1.864714622497558594e-01
1.897709369659423828e-01
1.924626827239990234e-01
2.021222114562988281e-01
1.956770420074462891e-01
1.858468055725097656e-01
1.884996891021728516e-01
1.889595985412597656e-01
2.519187927246093750e-01
3.321530818939208984e-01
3.363761901855468750e-01
2.965586185455322266e-01
2.999346256256103516e-01
3.022282123565673828e-01
2.711412906646728516e-01
2.305879592895507812e-01
1.894896030426025391e-01
1.884491443634033203e-01
1.884560585021972656e-01
2.587492465972900391e-01
2.892620563507080078e-01
2.398624420166015625e-01
2.819440364837646484e-01
3.363635540008544922e-01
3.328623771667480469e-01
3.253197669982910156e-01
2.507138252258300781e-01
1.777145862579345703e-01
1.794958114624023438e-01
1.807665824890136719e-01
1.814515590667724609e-01
1.790037155151367188e-01
1.815924644470214844e-01
1.977369785308837891e-01
1.981360912322998047e-01
2.449500560760498047e-01
3.281221389770507812e-01
3.576080799102783203e-01
3.622305393218994141e-01
3.611695766448974609e-01
2.852737903594970703e-01
1.981303691864013672e-01
2.496635913848876953e-01
2.547144889831542969e-01
2.635982036590576172e-01
3.348529338836669922e-01
3.420941829681396484e-01
2.731103897094726562e-01
2.712435722351074219e-01
3.482768535614013672e-01
2.798616886138916016e-01
1.982402801513671875e-01
2.618937492370605469e-01
3.392214775085449219e-01
3.480458259582519531e-01
2.729299068450927734e-01
3.861975669860839844e-01
3.919582366943359375e-01
2.795488834381103516e-01
2.662379741668701172e-01
1.843094825744628906e-01
1.868383884429931641e-01
1.892817020416259766e-01
2.630612850189208984e-01
3.393895626068115234e-01
3.470878601074218750e-01
3.443684577941894531e-01
3.421583175659179688e-01
2.622375488281250000e-01
1.881947517395019531e-01
1.927525997161865234e-01
1.927371025085449219e-01
1.998937129974365234e-01
2.087311744689941406e-01
2.068004608154296875e-01
2.125432491302490234e-01
2.194385528564453125e-01
2.206478118896484375e-01
2.113580703735351562e-01
1.963953971862792969e-01
1.994087696075439453e-01
1.984300613403320312e-01
2.685968875885009766e-01
3.422203063964843750e-01
3.220880031585693359e-01
2.511506080627441406e-01
2.018766403198242188e-01
1.995732784271240234e-01
1.997539997100830078e-01
2.061321735382080078e-01
2.033996582031250000e-01
2.816197872161865234e-01
3.737506866455078125e-01
3.290257453918457031e-01
3.203015327453613281e-01
2.809629440307617188e-01
2.730741500854492188e-01
3.458955287933349609e-01
3.295629024505615234e-01
3.298232555389404297e-01
2.678251266479492188e-01
2.129120826721191406e-01
2.871880531311035156e-01
3.491446971893310547e-01
2.807347774505615234e-01
2.658843994140625000e-01
3.230438232421875000e-01
2.597744464874267578e-01
1.952102184295654297e-01
1.904098987579345703e-01
1.963028907775878906e-01
2.005372047424316406e-01
2.017977237701416016e-01
2.833771705627441406e-01
3.542106151580810547e-01
2.716615200042724609e-01
2.823920249938964844e-01
3.555631637573242188e-01
2.700610160827636719e-01
2.098982334136962891e-01
2.089431285858154297e-01
2.013442516326904297e-01
2.079484462738037109e-01
2.005681991577148438e-01
2.407701015472412109e-01
2.531490325927734375e-01
2.838976383209228516e-01
3.413720130920410156e-01
2.150433063507080078e-01
1.580147743225097656e-01
2.446897029876708984e-01
2.429025173187255859e-01
2.163200378417968750e-01
2.198944091796875000e-01
2.643058300018310547e-01
2.544884681701660156e-01
2.712190151214599609e-01
2.702367305755615234e-01
1.973793506622314453e-01
1.994166374206542969e-01
2.873096466064453125e-01
3.603177070617675781e-01
3.544919490814208984e-01
2.743525505065917969e-01
1.992280483245849609e-01
2.056717872619628906e-01
2.110884189605712891e-01
2.814865112304687500e-01
2.709457874298095703e-01
2.866780757904052734e-01
3.050625324249267578e-01
2.927787303924560547e-01
3.458180427551269531e-01
2.718234062194824219e-01
1.978430747985839844e-01
1.992015838623046875e-01
2.029879093170166016e-01
2.173049449920654297e-01
2.694752216339111328e-01
2.607073783874511719e-01
2.114624977111816406e-01
2.044758796691894531e-01
2.065398693084716797e-01
2.073125839233398438e-01
2.819526195526123047e-01
3.323917388916015625e-01
2.508289813995361328e-01
2.695515155792236328e-01
3.436462879180908203e-01
2.725543975830078125e-01
1.975541114807128906e-01
1.972501277923583984e-01
1.974763870239257812e-01
1.938624382019042969e-01
1.893815994262695312e-01
1.919095516204833984e-01
2.036688327789306641e-01
2.217636108398437500e-01
2.817566394805908203e-01
2.697846889495849609e-01
1.973326206207275391e-01
1.890518665313720703e-01
1.912384033203125000e-01
1.936833858489990234e-01
1.939108371734619141e-01
1.973052024841308594e-01
2.734603881835937500e-01
2.712252140045166016e-01
2.758109569549560547e-01
3.529424667358398438e-01
2.724442481994628906e-01
1.966102123260498047e-01
2.008764743804931641e-01
2.829945087432861328e-01
3.665874004364013672e-01
3.689229488372802734e-01
3.736133575439453125e-01
3.648879528045654297e-01
3.683693408966064453e-01
3.052537441253662109e-01
2.186417579650878906e-01
2.035005092620849609e-01
2.786061763763427734e-01
2.777421474456787109e-01
2.668402194976806641e-01
3.494527339935302734e-01
3.316550254821777344e-01
3.245637416839599609e-01
3.443734645843505859e-01
2.642092704772949219e-01
1.921947002410888672e-01
2.767150402069091797e-01
2.800438404083251953e-01
2.821528911590576172e-01
3.574013710021972656e-01
3.328781127929687500e-01
3.375017642974853516e-01
3.507905006408691406e-01
2.939200401306152344e-01
2.237977981567382812e-01
1.948020458221435547e-01
1.940295696258544922e-01
2.672245502471923828e-01
3.311316967010498047e-01
2.981836795806884766e-01
3.073189258575439453e-01
3.597524166107177734e-01
2.954251766204833984e-01
2.304360866546630859e-01
2.967076301574707031e-01
3.530945777893066406e-01
3.577082157135009766e-01
2.855091094970703125e-01
2.755525112152099609e-01
3.573200702667236328e-01
3.544721603393554688e-01
2.609536647796630859e-01
1.954858303070068359e-01
1.945312023162841797e-01
1.894493103027343750e-01
1.898434162139892578e-01
1.827118396759033203e-01
1.890342235565185547e-01
2.756845951080322266e-01
3.327147960662841797e-01
2.785503864288330078e-01
2.895240783691406250e-01
3.472990989685058594e-01
3.485796451568603516e-01
3.358290195465087891e-01
3.538901805877685547e-01
3.692531585693359375e-01
3.563127517700195312e-01
2.900943756103515625e-01
2.758250236511230469e-01
3.254137039184570312e-01
3.154566287994384766e-01
2.638480663299560547e-01
2.446815967559814453e-01
3.253612518310546875e-01
3.677401542663574219e-01
3.482713699340820312e-01
3.227529525756835938e-01
2.513971328735351562e-01
2.191896438598632812e-01
2.198796272277832031e-01
2.115864753723144531e-01
2.099790573120117188e-01
1.989908218383789062e-01
1.915409564971923828e-01
1.860435009002685547e-01
1.931095123291015625e-01
2.775657176971435547e-01
2.735779285430908203e-01
1.879127025604248047e-01
2.705202102661132812e-01
3.546936511993408203e-01
2.854499816894531250e-01
2.105197906494140625e-01
1.993844509124755859e-01
2.756383419036865234e-01
2.864394187927246094e-01
2.914345264434814453e-01
2.932105064392089844e-01
2.142107486724853516e-01
2.000007629394531250e-01
2.001023292541503906e-01
2.836194038391113281e-01
3.619022369384765625e-01
3.522548675537109375e-01
2.741732597351074219e-01
1.546626091003417969e-01
1.536998748779296875e-01
2.047796249389648438e-01
2.021522521972656250e-01
1.995584964752197266e-01
2.029426097869873047e-01
2.092618942260742188e-01
2.112169265747070312e-01
2.098178863525390625e-01
2.110488414764404297e-01
2.259876728057861328e-01
2.196602821350097656e-01
2.675609588623046875e-01
2.728409767150878906e-01
2.767484188079833984e-01
3.514537811279296875e-01
3.347446918487548828e-01
3.365378379821777344e-01
3.642203807830810547e-01
2.928526401519775391e-01
2.131578922271728516e-01
2.903912067413330078e-01
3.617722988128662109e-01
3.517861366271972656e-01
3.577861785888671875e-01
3.081367015838623047e-01
2.435691356658935547e-01
2.283291816711425781e-01
2.974638938903808594e-01
3.031098842620849609e-01
2.299525737762451172e-01
2.943871021270751953e-01
3.510313034057617188e-01
3.112063407897949219e-01
2.474002838134765625e-01
2.057499885559082031e-01
2.778468132019042969e-01
3.235478401184082031e-01
3.065221309661865234e-01
2.629234790802001953e-01
2.744421958923339844e-01
2.691414356231689453e-01
1.950788497924804688e-01
2.692501544952392578e-01
2.640943527221679688e-01
1.908924579620361328e-01
2.637465000152587891e-01
2.608785629272460938e-01
2.745037078857421875e-01
3.504247665405273438e-01
3.406810760498046875e-01
2.647564411163330078e-01
2.020180225372314453e-01
2.044670581817626953e-01
2.646102905273437500e-01
2.638528347015380859e-01
1.965744495391845703e-01
2.705392837524414062e-01
2.706420421600341797e-01
1.956350803375244141e-01
1.953463554382324219e-01
1.971340179443359375e-01
2.822260856628417969e-01
3.606076240539550781e-01
3.477542400360107422e-01
2.846381664276123047e-01
2.162272930145263672e-01
2.072868347167968750e-01
2.033448219299316406e-01
2.012910842895507812e-01
2.036793231964111328e-01
2.048618793487548828e-01
2.010302543640136719e-01
1.941506862640380859e-01
2.646758556365966797e-01
2.675387859344482422e-01
2.003924846649169922e-01
2.754776477813720703e-01
3.265683650970458984e-01
2.497017383575439453e-01
1.960709095001220703e-01
2.003943920135498047e-01
2.011222839355468750e-01
2.757065296173095703e-01
2.799785137176513672e-01
2.740259170532226562e-01
2.739639282226562500e-01
2.032644748687744141e-01
1.957821846008300781e-01
1.932804584503173828e-01
2.725951671600341797e-01
2.749817371368408203e-01
1.977286338806152344e-01
2.659919261932373047e-01
2.664616107940673828e-01
1.962492465972900391e-01
1.973893642425537109e-01
2.674455642700195312e-01
3.332567214965820312e-01
2.639956474304199219e-01
1.981642246246337891e-01
1.990263462066650391e-01
2.012765407562255859e-01
2.753777503967285156e-01
3.413922786712646484e-01
3.406510353088378906e-01
3.308873176574707031e-01
2.560811042785644531e-01
2.361166477203369141e-01
2.320408821105957031e-01
1.885769367218017578e-01
1.938555240631103516e-01
2.549233436584472656e-01
3.276124000549316406e-01
2.672820091247558594e-01
2.636470794677734375e-01
2.645051479339599609e-01
1.945888996124267578e-01
2.007293701171875000e-01
2.741098403930664062e-01
2.690982818603515625e-01
2.616114616394042969e-01
2.610766887664794922e-01
1.961309909820556641e-01
1.907808780670166016e-01
1.889834403991699219e-01
2.634124755859375000e-01
2.642672061920166016e-01
2.751801013946533203e-01
3.464708328247070312e-01
2.688817977905273438e-01
2.674205303192138672e-01
2.692911624908447266e-01
2.603621482849121094e-01
2.577483654022216797e-01
1.974098682403564453e-01
1.950168609619140625e-01
1.933965682983398438e-01
1.900570392608642578e-01
2.642090320587158203e-01
3.135316371917724609e-01
2.400290966033935547e-01
1.991550922393798828e-01
1.975936889648437500e-01
1.973004341125488281e-01
1.962733268737792969e-01
1.886081695556640625e-01
1.910700798034667969e-01
2.659642696380615234e-01
3.057367801666259766e-01
2.336568832397460938e-01
1.989300251007080078e-01
2.019369602203369141e-01
2.617859840393066406e-01
2.568681240081787109e-01
2.691495418548583984e-01
2.722108364105224609e-01
2.672717571258544922e-01
2.693152427673339844e-01
2.724113464355468750e-01
2.718865871429443359e-01
1.934940814971923828e-01
1.912498474121093750e-01
1.867387294769287109e-01
2.744162082672119141e-01
2.830016613006591797e-01
1.996383666992187500e-01
1.979343891143798828e-01
1.949117183685302734e-01
2.729568481445312500e-01
2.789154052734375000e-01
2.709465026855468750e-01
2.681574821472167969e-01
2.043123245239257812e-01
2.070677280426025391e-01
2.011196613311767578e-01
1.977305412292480469e-01
2.673332691192626953e-01
2.703475952148437500e-01
2.064657211303710938e-01
2.049288749694824219e-01
2.107186317443847656e-01
2.608456611633300781e-01
3.361706733703613281e-01
3.667144775390625000e-01
3.678305149078369141e-01
3.671491146087646484e-01
3.419895172119140625e-01
3.314976692199707031e-01
2.673795223236083984e-01
1.888773441314697266e-01
2.562220096588134766e-01
2.615110874176025391e-01
2.553830146789550781e-01
2.541110515594482422e-01
2.339973449707031250e-01
2.360427379608154297e-01
2.005617618560791016e-01
2.543497085571289062e-01
2.506093978881835938e-01
1.965446472167968750e-01
1.991441249847412109e-01
2.003204822540283203e-01
1.962878704071044922e-01
1.952695846557617188e-01
2.575011253356933594e-01
2.566831111907958984e-01
1.995635032653808594e-01
2.012383937835693359e-01
2.762098312377929688e-01
2.796034812927246094e-01
2.071135044097900391e-01
2.002670764923095703e-01
2.646760940551757812e-01
2.909867763519287109e-01
2.255177497863769531e-01
2.755060195922851562e-01
3.406960964202880859e-01
2.676527500152587891e-01
1.980564594268798828e-01
1.974542140960693359e-01
1.943230628967285156e-01
1.954157352447509766e-01
2.026131153106689453e-01
1.960582733154296875e-01
1.883819103240966797e-01
1.913201808929443359e-01
1.928999423980712891e-01
1.902561187744140625e-01
2.604341506958007812e-01
2.883870601654052734e-01
2.200806140899658203e-01
1.978721618652343750e-01
1.960701942443847656e-01
2.528083324432373047e-01
3.236651420593261719e-01
3.399629592895507812e-01
2.634084224700927734e-01
1.874623298645019531e-01
1.937098503112792969e-01
1.963720321655273438e-01
1.968276500701904297e-01
2.077188491821289062e-01
2.044956684112548828e-01
2.043743133544921875e-01
2.055165767669677734e-01
1.987142562866210938e-01
1.967060565948486328e-01
1.892077922821044922e-01
1.915929317474365234e-01
1.882531642913818359e-01
1.876833438873291016e-01
1.906034946441650391e-01
1.912992000579833984e-01
1.959753036499023438e-01
1.930830478668212891e-01
1.903100013732910156e-01
1.895689964294433594e-01
1.904480457305908203e-01
1.935014724731445312e-01
1.921663284301757812e-01
2.653157711029052734e-01
3.359167575836181641e-01
3.329548835754394531e-01
2.657721042633056641e-01
2.644991874694824219e-01
3.261623382568359375e-01
2.934632301330566406e-01
2.261717319488525391e-01
1.882545948028564453e-01
1.907401084899902344e-01
1.903262138366699219e-01
2.603135108947753906e-01
3.237326145172119141e-01
2.538836002349853516e-01
2.619893550872802734e-01
2.562828063964843750e-01
2.670636177062988281e-01
3.371245861053466797e-01
2.538266181945800781e-01
1.905045509338378906e-01
2.616691589355468750e-01
3.910210132598876953e-01
3.246698379516601562e-01
1.940741539001464844e-01
1.931545734405517578e-01
1.924569606781005859e-01
1.941030025482177734e-01
1.941108703613281250e-01
2.554557323455810547e-01
2.938957214355468750e-01
2.219915390014648438e-01
1.813290119171142578e-01
1.850593090057373047e-01
1.803567409515380859e-01
1.806249618530273438e-01
2.569260597229003906e-01
2.589080333709716797e-01
1.926834583282470703e-01
2.715013027191162109e-01
3.433928489685058594e-01
2.647016048431396484e-01
1.867313385009765625e-01
1.837787628173828125e-01
1.839203834533691406e-01
1.882817745208740234e-01
1.884577274322509766e-01
2.609179019927978516e-01
3.339333534240722656e-01
3.193600177764892578e-01
2.703719139099121094e-01
2.128670215606689453e-01
2.532486915588378906e-01
2.551858425140380859e-01
1.917643547058105469e-01
1.883029937744140625e-01
2.568376064300537109e-01
3.322944641113281250e-01
3.334324359893798828e-01
3.262622356414794922e-01
3.241500854492187500e-01
3.224530220031738281e-01
3.307950496673583984e-01
2.638227939605712891e-01
1.872189044952392578e-01
1.874372959136962891e-01
1.858317852020263672e-01
2.701804637908935547e-01
3.427312374114990234e-01
2.688484191894531250e-01
2.050497531890869141e-01
2.006783485412597656e-01
1.988151073455810547e-01
2.003147602081298828e-01
2.834470272064208984e-01
2.813012599945068359e-01
1.963586807250976562e-01
2.716674804687500000e-01
2.765614986419677734e-01
2.000496387481689453e-01
1.950144767761230469e-01
2.778661251068115234e-01
2.787146568298339844e-01
2.718369960784912109e-01
3.613593578338623047e-01
2.901728153228759766e-01
2.831439971923828125e-01
3.245604038238525391e-01
2.460861206054687500e-01
2.053894996643066406e-01
2.776563167572021484e-01
2.739868164062500000e-01
2.119688987731933594e-01
2.121214866638183594e-01
1.973977088928222656e-01
1.991131305694580078e-01
2.051899433135986328e-01
2.060358524322509766e-01
2.002000808715820312e-01
1.990475654602050781e-01
2.013933658599853516e-01
2.018582820892333984e-01
2.038393020629882812e-01
2.007789611816406250e-01
1.993508338928222656e-01
2.038660049438476562e-01
2.027335166931152344e-01
1.972594261169433594e-01
2.137026786804199219e-01
2.183346748352050781e-01
2.009034156799316406e-01
2.796356678009033203e-01
2.860870361328125000e-01
2.849907875061035156e-01
3.746762275695800781e-01
3.762729167938232422e-01
3.724932670593261719e-01
3.842720985412597656e-01
3.470034599304199219e-01
2.620248794555664062e-01
2.189676761627197266e-01
2.764029502868652344e-01
3.541109561920166016e-01
3.574411869049072266e-01
3.419806957244873047e-01
3.312163352966308594e-01
3.421027660369873047e-01
3.619794845581054688e-01
3.567187786102294922e-01
3.450324535369873047e-01
3.343358039855957031e-01
3.386402130126953125e-01
3.526716232299804688e-01
3.029794692993164062e-01
2.983644008636474609e-01
3.509414196014404297e-01
3.478415012359619141e-01
3.165400028228759766e-01
2.385170459747314453e-01
1.903703212738037109e-01
2.724668979644775391e-01
2.699444293975830078e-01
1.864755153656005859e-01
2.671153545379638672e-01
3.245074748992919922e-01
2.471272945404052734e-01
2.475852966308593750e-01
2.511792182922363281e-01
1.951980590820312500e-01
1.895344257354736328e-01
1.925597190856933594e-01
2.769434452056884766e-01
3.437094688415527344e-01
2.654869556427001953e-01
1.976583003997802734e-01
1.951403617858886719e-01
1.960372924804687500e-01
1.966984272003173828e-01
2.001113891601562500e-01
2.039563655853271484e-01
2.028088569641113281e-01
2.765636444091796875e-01
2.736458778381347656e-01
1.918616294860839844e-01
1.928415298461914062e-01
2.376236915588378906e-01
2.375347614288330078e-01
1.939368247985839844e-01
1.950678825378417969e-01
2.392606735229492188e-01
2.304582595825195312e-01
1.918292045593261719e-01
2.919569015502929688e-01
3.213000297546386719e-01
2.356538772583007812e-01
2.608811855316162109e-01
2.495460510253906250e-01
2.011926174163818359e-01
2.769002914428710938e-01
2.803413867950439453e-01
2.165751457214355469e-01
2.277028560638427734e-01
2.534339427947998047e-01
2.215178012847900391e-01
1.834058761596679688e-01
1.848349571228027344e-01
1.833000183105468750e-01
1.855137348175048828e-01
1.851716041564941406e-01
1.864871978759765625e-01
2.575106620788574219e-01
2.982516288757324219e-01
2.300026416778564453e-01
1.923401355743408203e-01
2.568328380584716797e-01
3.209137916564941406e-01
3.154518604278564453e-01
3.262629508972167969e-01
3.308095932006835938e-01
3.232376575469970703e-01
3.284783363342285156e-01
3.316006660461425781e-01
3.229758739471435547e-01
2.535278797149658203e-01
1.975281238555908203e-01
1.957199573516845703e-01
1.926126480102539062e-01
1.936159133911132812e-01
1.942944526672363281e-01
2.665400505065917969e-01
2.705793380737304688e-01
2.015914916992187500e-01
1.969852447509765625e-01
1.988937854766845703e-01
2.004473209381103516e-01
1.978566646575927734e-01
2.076299190521240234e-01
2.069110870361328125e-01
1.992182731628417969e-01
1.955385208129882812e-01
1.921684741973876953e-01
2.650573253631591797e-01
2.627348899841308594e-01
2.706758975982666016e-01
2.715072631835937500e-01
2.642416954040527344e-01
3.100223541259765625e-01
3.067526817321777344e-01
2.600312232971191406e-01
1.837968826293945312e-01
2.481176853179931641e-01
2.607190608978271484e-01
2.036714553833007812e-01
2.085316181182861328e-01
2.135334014892578125e-01
2.797858715057373047e-01
2.764408588409423828e-01
2.825877666473388672e-01
2.835142612457275391e-01
2.087955474853515625e-01
2.101290225982666016e-01
2.072482109069824219e-01
2.080194950103759766e-01
2.087359428405761719e-01
2.035911083221435547e-01
2.762846946716308594e-01
3.478281497955322266e-01
3.397254943847656250e-01
2.625880241394042969e-01
1.986343860626220703e-01
2.521150112152099609e-01
2.543036937713623047e-01
2.023880481719970703e-01
1.969487667083740234e-01
2.467718124389648438e-01
3.129839897155761719e-01
2.678034305572509766e-01
2.773630619049072266e-01
3.386037349700927734e-01
2.663111686706542969e-01
2.050812244415283203e-01
2.582705020904541016e-01
2.575693130493164062e-01
2.603170871734619141e-01
3.405618667602539062e-01
2.867925167083740234e-01
2.067418098449707031e-01
2.054147720336914062e-01
2.042016983032226562e-01
2.022297382354736328e-01
1.994960308074951172e-01
2.697000503540039062e-01
3.581523895263671875e-01
3.551819324493408203e-01
3.323931694030761719e-01
2.627522945404052734e-01
2.829647064208984375e-01
3.546597957611083984e-01
2.771615982055664062e-01
2.728540897369384766e-01
2.646043300628662109e-01
1.949870586395263672e-01
2.572364807128906250e-01
3.304200172424316406e-01
3.455374240875244141e-01
2.731132507324218750e-01
1.934826374053955078e-01
2.607421875000000000e-01
3.330106735229492188e-01
3.096809387207031250e-01
3.228747844696044922e-01
3.310103416442871094e-01
3.156445026397705078e-01
2.625036239624023438e-01
2.680270671844482422e-01
2.660050392150878906e-01
1.935930252075195312e-01
1.923637390136718750e-01
1.961050033569335938e-01
2.741746902465820312e-01
2.717409133911132812e-01
2.031059265136718750e-01
2.033612728118896484e-01
2.709593772888183594e-01
2.656412124633789062e-01
2.530939579010009766e-01
2.550590038299560547e-01
1.933841705322265625e-01
1.914758682250976562e-01
2.692730426788330078e-01
2.734558582305908203e-01
2.743127346038818359e-01
2.715971469879150391e-01
1.891512870788574219e-01
1.970100402832031250e-01
2.603082656860351562e-01
2.574758529663085938e-01
1.962919235229492188e-01
2.616801261901855469e-01
2.636799812316894531e-01
2.065029144287109375e-01
2.086873054504394531e-01
2.688062191009521484e-01
2.674055099487304688e-01
1.951382160186767578e-01
2.265105247497558594e-01
2.259428501129150391e-01
2.682557106018066406e-01
2.650814056396484375e-01
1.905066967010498047e-01
2.691514492034912109e-01
2.674121856689453125e-01
1.922023296356201172e-01
2.609055042266845703e-01
3.378849029541015625e-01
3.405089378356933594e-01
3.371264934539794922e-01
3.170766830444335938e-01
3.186256885528564453e-01
2.680532932281494141e-01
2.645523548126220703e-01
2.651412487030029297e-01
1.918771266937255859e-01
2.578260898590087891e-01
3.354058265686035156e-01
3.151118755340576172e-01
3.065588474273681641e-01
3.354318141937255859e-01
3.396277427673339844e-01
3.272902965545654297e-01
2.588574886322021484e-01
2.649538516998291016e-01
3.303334712982177734e-01
3.386020660400390625e-01
2.750577926635742188e-01
1.969678401947021484e-01
2.623069286346435547e-01
3.375422954559326172e-01
2.683570384979248047e-01
1.953353881835937500e-01
1.967532634735107422e-01
1.990237236022949219e-01
2.001326084136962891e-01
2.649321556091308594e-01
2.616589069366455078e-01
1.961202621459960938e-01
1.960649490356445312e-01
1.932287216186523438e-01
1.943676471710205078e-01
2.001438140869140625e-01
2.000725269317626953e-01
1.949806213378906250e-01
1.901574134826660156e-01
2.647643089294433594e-01
2.724523544311523438e-01
1.926879882812500000e-01
1.888442039489746094e-01
2.744679450988769531e-01
3.487348556518554688e-01
2.685453891754150391e-01
2.704963684082031250e-01
3.466224670410156250e-01
2.726655006408691406e-01
2.715172767639160156e-01
2.721107006072998047e-01
2.706570625305175781e-01
2.694544792175292969e-01
1.991703510284423828e-01
2.542355060577392578e-01
2.506215572357177734e-01
1.971037387847900391e-01
2.676787376403808594e-01
2.191390991210937500e-01
1.596069335937500000e-01
2.137470245361328125e-01
2.130453586578369141e-01
2.074351310729980469e-01
2.035405635833740234e-01
2.044475078582763672e-01
2.094850540161132812e-01
2.125308513641357422e-01
2.131614685058593750e-01
2.132563591003417969e-01
2.058050632476806641e-01
2.006244659423828125e-01
2.009489536285400391e-01
2.042186260223388672e-01
2.058994770050048828e-01
2.514247894287109375e-01
3.215506076812744141e-01
2.783207893371582031e-01
2.878525257110595703e-01
3.337399959564208984e-01
3.346316814422607422e-01
3.110134601593017578e-01
3.043708801269531250e-01
3.574905395507812500e-01
3.554902076721191406e-01
2.857308387756347656e-01
2.151472568511962891e-01
2.822427749633789062e-01
2.779316902160644531e-01
2.091166973114013672e-01
2.587163448333740234e-01
2.520768642425537109e-01
2.759072780609130859e-01
2.756676673889160156e-01
2.192440032958984375e-01
2.173922061920166016e-01
2.031729221343994141e-01
2.089807987213134766e-01
2.617847919464111328e-01
2.550051212310791016e-01
2.062437534332275391e-01
2.052776813507080078e-01
1.988267898559570312e-01
2.072319984436035156e-01
2.816686630249023438e-01
2.768952846527099609e-01
2.669353485107421875e-01
2.646312713623046875e-01
2.023708820343017578e-01
2.187135219573974609e-01
2.131471633911132812e-01
2.001461982727050781e-01
2.717032432556152344e-01
3.144292831420898438e-01
3.195021152496337891e-01
3.191699981689453125e-01
3.222866058349609375e-01
2.787022590637207031e-01
2.801599502563476562e-01
3.505208492279052734e-01
2.716200351715087891e-01
1.991028785705566406e-01
2.746708393096923828e-01
3.427946567535400391e-01
2.727053165435791016e-01
2.087938785552978516e-01
2.730262279510498047e-01
2.699346542358398438e-01
2.019522190093994141e-01
2.005071640014648438e-01
1.967914104461669922e-01
1.994206905364990234e-01
2.884035110473632812e-01
3.614354133605957031e-01
3.438646793365478516e-01
2.700023651123046875e-01
2.008295059204101562e-01
1.994118690490722656e-01
2.049434185028076172e-01
2.103970050811767578e-01
2.067646980285644531e-01
2.046980857849121094e-01
2.106478214263916016e-01
2.091639041900634766e-01
2.019515037536621094e-01
2.001202106475830078e-01
2.007708549499511719e-01
2.017929553985595703e-01
2.025926113128662109e-01
2.005829811096191406e-01
2.644071578979492188e-01
3.335306644439697266e-01
3.267216682434082031e-01
3.342919349670410156e-01
3.603656291961669922e-01
3.496754169464111328e-01
3.433480262756347656e-01
3.573338985443115234e-01
2.952580451965332031e-01
3.067455291748046875e-01
3.797998428344726562e-01
3.875968456268310547e-01
3.933966159820556641e-01
3.770570755004882812e-01
3.663001060485839844e-01
3.460953235626220703e-01
3.490447998046875000e-01
3.076491355895996094e-01
2.233457565307617188e-01
2.849349975585937500e-01
3.575282096862792969e-01
3.521966934204101562e-01
3.535776138305664062e-01
3.542649745941162109e-01
3.555395603179931641e-01
3.197588920593261719e-01
2.691905498504638672e-01
2.466418743133544922e-01
2.348601818084716797e-01
2.984588146209716797e-01
3.648889064788818359e-01
3.554320335388183594e-01
2.959346771240234375e-01
2.885499000549316406e-01
2.696835994720458984e-01
2.054662704467773438e-01
2.818088531494140625e-01
3.576169013977050781e-01
2.755713462829589844e-01
1.931011676788330078e-01
1.889164447784423828e-01
1.931807994842529297e-01
2.074511051177978516e-01
2.817528247833251953e-01
2.971172332763671875e-01
3.019657135009765625e-01
3.523621559143066406e-01
3.531002998352050781e-01
3.485605716705322266e-01
2.666041851043701172e-01
1.952860355377197266e-01
2.686328887939453125e-01
2.678840160369873047e-01
2.043392658233642578e-01
2.084300518035888672e-01
2.046337127685546875e-01
2.225401401519775391e-01
2.893855571746826172e-01
3.434729576110839844e-01
2.822706699371337891e-01
2.952740192413330078e-01
3.481895923614501953e-01
2.726516723632812500e-01
2.225046157836914062e-01
2.193801403045654297e-01
2.091484069824218750e-01
2.061443328857421875e-01
2.041566371917724609e-01
2.046909332275390625e-01
2.106454372406005859e-01
2.799637317657470703e-01
3.458425998687744141e-01
2.680189609527587891e-01
2.055737972259521484e-01
2.168433666229248047e-01
2.098212242126464844e-01
2.880828380584716797e-01
2.968103885650634766e-01
2.137367725372314453e-01
2.081644535064697266e-01
2.041172981262207031e-01
1.998696327209472656e-01
2.679858207702636719e-01
3.579735755920410156e-01
2.955884933471679688e-01
2.061178684234619141e-01
2.046062946319580078e-01
2.194490432739257812e-01
2.147004604339599609e-01
2.032933235168457031e-01
2.170372009277343750e-01
2.134578227996826172e-01
2.408804893493652344e-01
2.385005950927734375e-01
2.821893692016601562e-01
3.572924137115478516e-01
3.429760932922363281e-01
2.775185108184814453e-01
2.085902690887451172e-01
2.046215534210205078e-01
3.508822917938232422e-01
3.442304134368896484e-01
1.907384395599365234e-01
1.870937347412109375e-01
1.884393692016601562e-01
1.919364929199218750e-01
1.975421905517578125e-01
2.052965164184570312e-01
2.727816104888916016e-01
2.635412216186523438e-01
2.486240863800048828e-01
2.516701221466064453e-01
2.020950317382812500e-01
2.793402671813964844e-01
2.751350402832031250e-01
1.952083110809326172e-01
2.627141475677490234e-01
3.379089832305908203e-01
3.481411933898925781e-01
2.769160270690917969e-01
2.746980190277099609e-01
2.824707031250000000e-01
2.802724838256835938e-01
2.735502719879150391e-01
2.663185596466064453e-01
2.856967449188232422e-01
2.384154796600341797e-01
2.295975685119628906e-01
2.071745395660400391e-01
1.935241222381591797e-01
2.003493309020996094e-01
2.048773765563964844e-01
2.020668983459472656e-01
2.067172527313232422e-01
2.079455852508544922e-01
2.026309967041015625e-01
2.045011520385742188e-01
2.029309272766113281e-01
2.107126712799072266e-01
2.121341228485107422e-01
1.931509971618652344e-01
1.879849433898925781e-01
2.685055732727050781e-01
3.366067409515380859e-01
3.336775302886962891e-01
3.315403461456298828e-01
3.307261466979980469e-01
3.306674957275390625e-01
3.035326004028320312e-01
2.393150329589843750e-01
1.943309307098388672e-01
2.741274833679199219e-01
3.227472305297851562e-01
2.456572055816650391e-01
1.998205184936523438e-01
1.925842761993408203e-01
1.877176761627197266e-01
1.925384998321533203e-01
1.946048736572265625e-01
1.886465549468994141e-01
2.581264972686767578e-01
3.274455070495605469e-01
3.347918987274169922e-01
3.497710227966308594e-01
3.452892303466796875e-01
3.434879779815673828e-01
3.382523059844970703e-01
3.227188587188720703e-01
3.299958705902099609e-01
2.709677219390869141e-01
1.951787471771240234e-01
1.887311935424804688e-01
2.647905349731445312e-01
2.834537029266357422e-01
2.862362861633300781e-01
3.383598327636718750e-01
3.447122573852539062e-01
3.552298545837402344e-01
3.325681686401367188e-01
2.528924942016601562e-01
1.938233375549316406e-01
1.931843757629394531e-01
1.905286312103271484e-01
1.926424503326416016e-01
2.673680782318115234e-01
3.355793952941894531e-01
3.414704799652099609e-01
3.282358646392822266e-01
3.238086700439453125e-01
3.424537181854248047e-01
3.467555046081542969e-01
2.811493873596191406e-01
2.038774490356445312e-01
1.998739242553710938e-01
2.004113197326660156e-01
1.965584754943847656e-01
1.923127174377441406e-01
2.670142650604248047e-01
3.429691791534423828e-01
3.411052227020263672e-01
3.321654796600341797e-01
2.529599666595458984e-01
2.587857246398925781e-01
2.623248100280761719e-01
2.564098834991455078e-01
2.565693855285644531e-01
1.945750713348388672e-01
2.726335525512695312e-01
3.484079837799072266e-01
3.213987350463867188e-01
2.448232173919677734e-01
1.945831775665283203e-01
2.544419765472412109e-01
2.930645942687988281e-01
2.440836429595947266e-01
2.899057865142822266e-01
3.468573093414306641e-01
2.716326713562011719e-01
1.993079185485839844e-01
2.581555843353271484e-01
2.599544525146484375e-01
1.914138793945312500e-01
1.902616024017333984e-01
1.892147064208984375e-01
1.871757507324218750e-01
1.913857460021972656e-01
1.980171203613281250e-01
2.712714672088623047e-01
2.695341110229492188e-01
1.941130161285400391e-01
2.300407886505126953e-01
2.242381572723388672e-01
2.510671615600585938e-01
2.531523704528808594e-01
2.553775310516357422e-01
2.104125022888183594e-01
2.277867794036865234e-01
2.838544845581054688e-01
2.809097766876220703e-01
3.600964546203613281e-01
2.830762863159179688e-01
2.012462615966796875e-01
1.978509426116943359e-01
1.977522373199462891e-01
2.003521919250488281e-01
2.833223342895507812e-01
2.827227115631103516e-01
2.039113044738769531e-01
2.081654071807861328e-01
2.032096385955810547e-01
2.008104324340820312e-01
2.042605876922607422e-01
2.005929946899414062e-01
1.964373588562011719e-01
1.991090774536132812e-01
2.816476821899414062e-01
3.592832088470458984e-01
2.762875556945800781e-01
1.968605518341064453e-01
1.956434249877929688e-01
1.947631835937500000e-01
1.961383819580078125e-01
2.706835269927978516e-01
2.689342498779296875e-01
2.518408298492431641e-01
2.573676109313964844e-01
2.809183597564697266e-01
3.539929389953613281e-01
2.733078002929687500e-01
1.972675323486328125e-01
2.783970832824707031e-01
2.736732959747314453e-01
2.639822959899902344e-01
2.670037746429443359e-01
2.796142101287841797e-01
3.471522331237792969e-01
3.529663085937500000e-01
2.830352783203125000e-01
1.904866695404052734e-01
2.677378654479980469e-01
2.808196544647216797e-01
2.081682682037353516e-01
2.006213665008544922e-01
2.046780586242675781e-01
2.758111953735351562e-01
2.687165737152099609e-01
2.016904354095458984e-01
2.731459140777587891e-01
3.383784294128417969e-01
2.681548595428466797e-01
1.968784332275390625e-01
1.967878341674804688e-01
1.934988498687744141e-01
2.778439521789550781e-01
3.531789779663085938e-01
2.678284645080566406e-01
2.261025905609130859e-01
2.276268005371093750e-01
2.675590515136718750e-01
2.643830776214599609e-01
1.914126873016357422e-01
1.928763389587402344e-01
1.974794864654541016e-01
2.048585414886474609e-01
2.094242572784423828e-01
2.741813659667968750e-01
2.700724601745605469e-01
2.779548168182373047e-01
2.753918170928955078e-01
2.600665092468261719e-01
2.573235034942626953e-01
1.952497959136962891e-01
1.998856067657470703e-01
1.947097778320312500e-01
1.922695636749267578e-01
1.988368034362792969e-01
2.742557525634765625e-01
2.674975395202636719e-01
2.424664497375488281e-01
2.672283649444580078e-01
2.937605381011962891e-01
2.730100154876708984e-01
2.595870494842529297e-01
2.596879005432128906e-01
2.690434455871582031e-01
3.401772975921630859e-01
2.716162204742431641e-01
1.965031623840332031e-01
2.593126296997070312e-01
3.165202140808105469e-01
2.524096965789794922e-01
1.975615024566650391e-01
1.957640647888183594e-01
1.931283473968505859e-01
1.888723373413085938e-01
1.886658668518066406e-01
1.968579292297363281e-01
2.814047336578369141e-01
3.511104583740234375e-01
2.700064182281494141e-01
2.702581882476806641e-01
3.414604663848876953e-01
3.326859474182128906e-01
3.323791027069091797e-01
2.792584896087646484e-01
2.885253429412841797e-01
3.526797294616699219e-01
3.557960987091064453e-01
3.605875968933105469e-01
3.596923351287841797e-01
2.894523143768310547e-01
2.198357582092285156e-01
2.220444679260253906e-01
2.227785587310791016e-01
2.617037296295166016e-01
2.561244964599609375e-01
2.713241577148437500e-01
3.432614803314208984e-01
3.483040332794189453e-01
3.432815074920654297e-01
3.411281108856201172e-01
3.470776081085205078e-01
3.581974506378173828e-01
2.869217395782470703e-01
2.810280323028564453e-01
3.471474647521972656e-01
3.416173458099365234e-01
3.518524169921875000e-01
3.580036163330078125e-01
3.404419422149658203e-01
3.277399539947509766e-01
2.620146274566650391e-01
1.998343467712402344e-01
2.003526687622070312e-01
2.068364620208740234e-01
2.097604274749755859e-01
2.065732479095458984e-01
2.114989757537841797e-01
2.767415046691894531e-01
3.416275978088378906e-01
3.026747703552246094e-01
3.068046569824218750e-01
