8.943986892700195312e-02
2.526702880859375000e-01
3.132495880126953125e-01
2.699866294860839844e-01
2.074398994445800781e-01
1.783728599548339844e-01
1.793940067291259766e-01
2.482202053070068359e-01
3.141574859619140625e-01
3.076930046081542969e-01
3.123569488525390625e-01
3.205873966217041016e-01
2.779858112335205078e-01
2.839701175689697266e-01
3.269929885864257812e-01
3.267168998718261719e-01
2.990329265594482422e-01
2.941834926605224609e-01
3.236379623413085938e-01
2.929525375366210938e-01
2.901852130889892578e-01
3.094246387481689453e-01
2.413775920867919922e-01
1.774208545684814453e-01
1.733820438385009766e-01
2.493042945861816406e-01
3.145389556884765625e-01
2.344758510589599609e-01
1.681952476501464844e-01
1.758615970611572266e-01
2.416296005249023438e-01
3.109176158905029297e-01
2.847845554351806641e-01
2.123034000396728516e-01
2.425379753112792969e-01
3.097364902496337891e-01
3.268475532531738281e-01
3.192589282989501953e-01
3.103766441345214844e-01
3.232471942901611328e-01
3.190982341766357422e-01
2.911870479583740234e-01
2.185297012329101562e-01
1.728594303131103516e-01
1.759152412414550781e-01
1.767115592956542969e-01
1.749298572540283203e-01
1.743988990783691406e-01
2.180809974670410156e-01
2.778236865997314453e-01
3.008978366851806641e-01
3.103494644165039062e-01
3.098378181457519531e-01
2.994582653045654297e-01
3.153102397918701172e-01
2.828662395477294922e-01
2.676134109497070312e-01
2.451658248901367188e-01
1.816573143005371094e-01
1.783688068389892578e-01
2.541460990905761719e-01
3.005504608154296875e-01
2.885718345642089844e-01
3.069298267364501953e-01
2.410323619842529297e-01
2.488017082214355469e-01
3.221254348754882812e-01
3.251378536224365234e-01
3.269188404083251953e-01
2.823510169982910156e-01
2.120645046234130859e-01
2.195808887481689453e-01
2.344372272491455078e-01
2.147543430328369141e-01
2.563927173614501953e-01
2.454700469970703125e-01
2.539563179016113281e-01
3.253514766693115234e-01
3.250110149383544922e-01
3.230812549591064453e-01
3.071062564849853516e-01
2.437388896942138672e-01
1.990551948547363281e-01
2.039995193481445312e-01
2.458341121673583984e-01
3.032741546630859375e-01
3.270432949066162109e-01
3.297352790832519531e-01
3.420274257659912109e-01
3.273606300354003906e-01
4.467179775238037109e-01
4.062025547027587891e-01
2.089085578918457031e-01
2.574338912963867188e-01
3.235933780670166016e-01
3.176259994506835938e-01
3.153116703033447266e-01
3.265526294708251953e-01
3.361768722534179688e-01
2.793004512786865234e-01
2.084872722625732422e-01
1.903929710388183594e-01
2.544441223144531250e-01
2.592656612396240234e-01
2.516293525695800781e-01
3.200061321258544922e-01
3.272738456726074219e-01
3.350491523742675781e-01
2.645878791809082031e-01
1.978464126586914062e-01
2.721438407897949219e-01
3.389277458190917969e-01
2.675225734710693359e-01
1.911547183990478516e-01
2.562880516052246094e-01
3.082726001739501953e-01
3.090157508850097656e-01
2.532970905303955078e-01
1.793789863586425781e-01
2.674169540405273438e-01
2.782945632934570312e-01
2.681517601013183594e-01
3.372449874877929688e-01
3.350501060485839844e-01
3.360178470611572266e-01
3.484134674072265625e-01
2.866551876068115234e-01
2.626695632934570312e-01
2.526204586029052734e-01
1.896905899047851562e-01
2.548377513885498047e-01
2.509610652923583984e-01
1.809008121490478516e-01
2.512848377227783203e-01
2.526366710662841797e-01
2.059404850006103516e-01
2.872321605682373047e-01
2.760562896728515625e-01
2.752339839935302734e-01
3.072404861450195312e-01
2.857904434204101562e-01
3.156268596649169922e-01
3.166224956512451172e-01
2.464866638183593750e-01
1.861276626586914062e-01
2.315115928649902344e-01
3.023905754089355469e-01
3.407804965972900391e-01
3.503949642181396484e-01
3.560810089111328125e-01
3.612804412841796875e-01
3.523786067962646484e-01
3.466062545776367188e-01
3.499264717102050781e-01
3.428719043731689453e-01
3.370769023895263672e-01
3.380770683288574219e-01
3.132090568542480469e-01
2.422287464141845703e-01
1.988341808319091797e-01
2.638709545135498047e-01
2.542443275451660156e-01
1.739149093627929688e-01
2.565188407897949219e-01
3.671293258666992188e-01
3.448672294616699219e-01
2.568409442901611328e-01
2.889337539672851562e-01
2.864530086517333984e-01
2.734837532043457031e-01
3.229715824127197266e-01
2.514564990997314453e-01
2.051422595977783203e-01
2.075197696685791016e-01
2.682504653930664062e-01
2.669920921325683594e-01
2.047715187072753906e-01
2.062547206878662109e-01
2.815563678741455078e-01
3.625967502593994141e-01
3.609745502471923828e-01
2.773840427398681641e-01
2.008609771728515625e-01
2.184882164001464844e-01
3.084223270416259766e-01
3.546962738037109375e-01
3.492951393127441406e-01
3.622877597808837891e-01
3.644406795501708984e-01
3.587765693664550781e-01
3.200159072875976562e-01
3.359467983245849609e-01
3.086133003234863281e-01
3.002669811248779297e-01
3.411033153533935547e-01
2.621374130249023438e-01
2.742648124694824219e-01
2.746813297271728516e-01
2.804107666015625000e-01
3.319623470306396484e-01
2.520236968994140625e-01
2.035341262817382812e-01
2.701160907745361328e-01
2.620289325714111328e-01
1.954751014709472656e-01
2.728719711303710938e-01
3.449141979217529297e-01
3.436756134033203125e-01
2.715201377868652344e-01
1.957886219024658203e-01
1.952373981475830078e-01
2.137665748596191406e-01
2.761642932891845703e-01
3.405034542083740234e-01
2.719857692718505859e-01
2.323219776153564453e-01
2.330520153045654297e-01
2.654550075531005859e-01
2.698798179626464844e-01
2.671923637390136719e-01
2.755432128906250000e-01
2.796382904052734375e-01
3.386816978454589844e-01
2.663559913635253906e-01
2.764871120452880859e-01
3.462924957275390625e-01
3.613278865814208984e-01
3.620131015777587891e-01
3.471014499664306641e-01
2.738740444183349609e-01
2.011072635650634766e-01
2.890422344207763672e-01
3.707239627838134766e-01
3.681840896606445312e-01
3.729860782623291016e-01
3.652787208557128906e-01
3.475015163421630859e-01
2.723741531372070312e-01
2.746610641479492188e-01
3.534908294677734375e-01
3.328056335449218750e-01
2.460248470306396484e-01
1.822624206542968750e-01
2.510542869567871094e-01
3.310801982879638672e-01
2.657589912414550781e-01
1.954567432403564453e-01
2.743937969207763672e-01
3.510773181915283203e-01
3.252727985382080078e-01
3.276443481445312500e-01
2.710230350494384766e-01
2.544996738433837891e-01
2.577612400054931641e-01
1.879053115844726562e-01
1.883687973022460938e-01
2.690610885620117188e-01
2.617397308349609375e-01
1.800215244293212891e-01
1.822774410247802734e-01
2.024908065795898438e-01
2.754898071289062500e-01
2.551646232604980469e-01
2.529740333557128906e-01
3.368000984191894531e-01
3.515262603759765625e-01
3.417592048645019531e-01
3.375864028930664062e-01
2.745230197906494141e-01
2.039008140563964844e-01
2.737400531768798828e-01
3.435037136077880859e-01
3.375747203826904297e-01
3.189842700958251953e-01
3.055903911590576172e-01
3.166925907135009766e-01
3.351969718933105469e-01
3.337581157684326172e-01
2.569034099578857422e-01
1.870679855346679688e-01
1.885647773742675781e-01
2.730259895324707031e-01
3.402159214019775391e-01
3.141510486602783203e-01
3.263235092163085938e-01
3.475494384765625000e-01
3.459029197692871094e-01
3.520333766937255859e-01
3.564162254333496094e-01
3.561697006225585938e-01
3.205764293670654297e-01
3.231015205383300781e-01
3.625888824462890625e-01
3.359832763671875000e-01
3.256011009216308594e-01
3.453855514526367188e-01
3.249831199645996094e-01
2.450911998748779297e-01
2.510173320770263672e-01
2.586984634399414062e-01
2.779066562652587891e-01
3.536245822906494141e-01
3.311843872070312500e-01
2.499065399169921875e-01
1.907806396484375000e-01
1.891126632690429688e-01
2.129921913146972656e-01
2.852237224578857422e-01
3.022642135620117188e-01
2.862315177917480469e-01
2.613203525543212891e-01
2.820906639099121094e-01
2.691626548767089844e-01
1.914756298065185547e-01
2.628993988037109375e-01
2.768311500549316406e-01
2.096929550170898438e-01
2.042412757873535156e-01
2.013673782348632812e-01
2.699809074401855469e-01
2.679607868194580078e-01
2.148056030273437500e-01
2.247576713562011719e-01
2.826755046844482422e-01
3.434081077575683594e-01
2.169041633605957031e-01
1.531343460083007812e-01
2.869474887847900391e-01
2.881960868835449219e-01
2.074749469757080078e-01
2.687697410583496094e-01
3.497676849365234375e-01
3.467042446136474609e-01
2.688431739807128906e-01
2.898788452148437500e-01
3.306515216827392578e-01
2.463505268096923828e-01
2.760994434356689453e-01
3.642194271087646484e-01
3.657951354980468750e-01
3.644423484802246094e-01
3.661096096038818359e-01
2.806026935577392578e-01
2.136249542236328125e-01
2.171900272369384766e-01
2.867083549499511719e-01
3.660264015197753906e-01
3.592822551727294922e-01
3.437082767486572266e-01
3.519248962402343750e-01
3.726983070373535156e-01
3.812234401702880859e-01
3.903744220733642578e-01
3.101584911346435547e-01
2.218251228332519531e-01
2.956104278564453125e-01
3.585722446441650391e-01
3.300940990447998047e-01
3.337593078613281250e-01
2.722001075744628906e-01
2.654139995574951172e-01
2.655818462371826172e-01
1.894481182098388672e-01
2.529721260070800781e-01
3.301668167114257812e-01
3.378341197967529297e-01
2.620289325714111328e-01
2.508165836334228516e-01
2.560219764709472656e-01
2.650701999664306641e-01
3.376915454864501953e-01
2.699105739593505859e-01
2.724790573120117188e-01
2.721281051635742188e-01
1.913368701934814453e-01
2.579007148742675781e-01
3.408429622650146484e-01
3.497431278228759766e-01
3.423702716827392578e-01
3.275871276855468750e-01
3.262825012207031250e-01
3.310651779174804688e-01
2.576749324798583984e-01
2.660379409790039062e-01
3.412325382232666016e-01
2.638945579528808594e-01
2.610871791839599609e-01
3.433725833892822266e-01
3.420097827911376953e-01
3.328595161437988281e-01
3.291389942169189453e-01
2.647223472595214844e-01
2.768297195434570312e-01
3.472623825073242188e-01
3.220775127410888672e-01
2.660143375396728516e-01
2.935361862182617188e-01
3.502020835876464844e-01
3.485577106475830078e-01
3.315172195434570312e-01
3.158798217773437500e-01
3.388869762420654297e-01
2.700655460357666016e-01
1.845033168792724609e-01
2.431538105010986328e-01
2.448954582214355469e-01
1.896088123321533203e-01
2.448172569274902344e-01
2.408192157745361328e-01
1.856281757354736328e-01
1.868312358856201172e-01
1.882703304290771484e-01
1.925575733184814453e-01
2.685086727142333984e-01
3.129856586456298828e-01
2.377552986145019531e-01
2.587094306945800781e-01
2.550928592681884766e-01
2.560679912567138672e-01
3.172087669372558594e-01
2.446644306182861328e-01
2.521240711212158203e-01
3.308296203613281250e-01
2.619168758392333984e-01
1.841051578521728516e-01
2.303833961486816406e-01
2.910995483398437500e-01
3.032073974609375000e-01
3.242800235748291016e-01
3.339343070983886719e-01
3.297493457794189453e-01
3.252198696136474609e-01
3.222196102142333984e-01
3.376436233520507812e-01
3.432404994964599609e-01
3.266351222991943359e-01
3.244276046752929688e-01
3.382477760314941406e-01
3.393852710723876953e-01
3.403460979461669922e-01
3.173873424530029297e-01
3.141543865203857422e-01
3.176858425140380859e-01
3.129255771636962891e-01
3.325977325439453125e-01
3.388667106628417969e-01
3.349936008453369141e-01
2.610094547271728516e-01
2.540395259857177734e-01
3.279221057891845703e-01
3.311827182769775391e-01
3.271889686584472656e-01
3.305914402008056641e-01
3.339142799377441406e-01
3.335237503051757812e-01
3.287734985351562500e-01
3.338141441345214844e-01
3.199005126953125000e-01
3.143937587738037109e-01
3.157153129577636719e-01
3.139863014221191406e-01
3.157467842102050781e-01
3.208644390106201172e-01
3.351747989654541016e-01
2.850770950317382812e-01
2.089581489562988281e-01
1.833105087280273438e-01
1.872351169586181641e-01
1.921563148498535156e-01
2.490825653076171875e-01
3.143901824951171875e-01
2.882015705108642578e-01
2.219641208648681641e-01
1.931667327880859375e-01
1.909630298614501953e-01
2.656545639038085938e-01
3.385007381439208984e-01
2.590844631195068359e-01
2.516791820526123047e-01
3.243308067321777344e-01
3.349506855010986328e-01
2.653541564941406250e-01
1.879379749298095703e-01
1.887164115905761719e-01
1.915993690490722656e-01
1.944293975830078125e-01
1.925568580627441406e-01
1.891329288482666016e-01
1.396601200103759766e-01
1.473226547241210938e-01
2.060885429382324219e-01
2.087264060974121094e-01
2.862050533294677734e-01
3.314161300659179688e-01
2.493505477905273438e-01
2.746586799621582031e-01
2.763593196868896484e-01
2.730519771575927734e-01
3.343083858489990234e-01
2.619512081146240234e-01
2.804729938507080078e-01
2.765922546386718750e-01
1.981177330017089844e-01
2.057850360870361328e-01
2.037377357482910156e-01
2.612731456756591797e-01
3.337152004241943359e-01
2.914724349975585938e-01
2.208514213562011719e-01
2.076935768127441406e-01
2.141454219818115234e-01
2.099602222442626953e-01
2.647526264190673828e-01
2.618851661682128906e-01
1.948435306549072266e-01
2.582802772521972656e-01
3.280363082885742188e-01
3.074858188629150391e-01
3.056704998016357422e-01
2.690570354461669922e-01
1.982538700103759766e-01
1.880714893341064453e-01
1.934573650360107422e-01
1.960461139678955078e-01
2.588782310485839844e-01
2.529213428497314453e-01
1.845533847808837891e-01
2.627651691436767578e-01
2.644093036651611328e-01
2.576861381530761719e-01
2.547752857208251953e-01
1.852753162384033203e-01
2.560477256774902344e-01
3.096771240234375000e-01
3.251879215240478516e-01
2.742390632629394531e-01
2.679839134216308594e-01
3.375492095947265625e-01
3.262381553649902344e-01
3.353328704833984375e-01
3.462815284729003906e-01
3.450620174407958984e-01
2.720501422882080078e-01
2.597472667694091797e-01
3.290691375732421875e-01
3.186435699462890625e-01
2.937712669372558594e-01
3.065268993377685547e-01
3.247153759002685547e-01
3.057820796966552734e-01
3.132374286651611328e-01
3.410315513610839844e-01
3.485355377197265625e-01
3.242273330688476562e-01
3.175578117370605469e-01
2.913374900817871094e-01
2.186076641082763672e-01
1.941077709197998047e-01
2.731637954711914062e-01
3.397114276885986328e-01
3.301498889923095703e-01
3.344249725341796875e-01
3.052890300750732422e-01
3.005063533782958984e-01
3.358757495880126953e-01
3.387429714202880859e-01
3.077499866485595703e-01
3.110663890838623047e-01
3.430771827697753906e-01
3.114640712738037109e-01
2.948720455169677734e-01
3.304245471954345703e-01
3.374347686767578125e-01
3.218603134155273438e-01
3.326466083526611328e-01
3.348383903503417969e-01
3.252387046813964844e-01
3.394515514373779297e-01
3.403306007385253906e-01
3.324639797210693359e-01
3.428812026977539062e-01
3.131303787231445312e-01
2.971296310424804688e-01
3.255877494812011719e-01
2.613277435302734375e-01
2.575011253356933594e-01
2.605566978454589844e-01
1.944975852966308594e-01
1.937491893768310547e-01
1.957740783691406250e-01
2.501454353332519531e-01
3.053598403930664062e-01
3.228456974029541016e-01
2.671418190002441406e-01
2.699332237243652344e-01
3.489313125610351562e-01
3.417918682098388672e-01
3.246991634368896484e-01
2.511970996856689453e-01
1.869468688964843750e-01
1.808092594146728516e-01
1.824223995208740234e-01
1.872186660766601562e-01
2.487287521362304688e-01
2.554075717926025391e-01
1.912221908569335938e-01
2.525157928466796875e-01
3.328571319580078125e-01
3.437767028808593750e-01
2.615089416503906250e-01
2.611145973205566406e-01
3.380734920501708984e-01
3.332557678222656250e-01
3.297150135040283203e-01
3.285343647003173828e-01
3.310694694519042969e-01
2.597646713256835938e-01
1.890535354614257812e-01
1.926362514495849609e-01
1.882846355438232422e-01
2.554523944854736328e-01
3.284373283386230469e-01
2.589433193206787109e-01
1.873962879180908203e-01
1.886658668518066406e-01
1.921696662902832031e-01
3.124289512634277344e-01
3.050243854522705078e-01
1.830956935882568359e-01
2.529077529907226562e-01
3.249557018280029297e-01
3.280477523803710938e-01
2.646939754486083984e-01
1.968204975128173828e-01
2.486069202423095703e-01
3.271858692169189453e-01
2.725613117218017578e-01
1.895041465759277344e-01
2.465147972106933594e-01
3.148257732391357422e-01
3.273172378540039062e-01
2.665929794311523438e-01
2.673027515411376953e-01
2.608878612518310547e-01
1.822276115417480469e-01
1.863338947296142578e-01
2.578077316284179688e-01
2.587442398071289062e-01
2.671484947204589844e-01
3.243663311004638672e-01
2.494196891784667969e-01
1.432387828826904297e-01
1.483969688415527344e-01
2.010319232940673828e-01
2.791464328765869141e-01
2.783288955688476562e-01
2.116451263427734375e-01
2.881979942321777344e-01
3.552525043487548828e-01
3.699827194213867188e-01
3.680369853973388672e-01
2.805233001708984375e-01
2.792890071868896484e-01
2.772338390350341797e-01
2.036218643188476562e-01
2.819211483001708984e-01
2.872989177703857422e-01
2.104299068450927734e-01
2.826480865478515625e-01
2.855887413024902344e-01
2.917337417602539062e-01
2.914958000183105469e-01
2.801930904388427734e-01
3.544244766235351562e-01
2.851760387420654297e-01
2.865872383117675781e-01
3.535878658294677734e-01
3.448922634124755859e-01
3.426854610443115234e-01
3.519835472106933594e-01
3.668320178985595703e-01
3.503217697143554688e-01
2.691268920898437500e-01
1.995065212249755859e-01
1.948473453521728516e-01
1.983585357666015625e-01
2.785539627075195312e-01
2.781655788421630859e-01
1.963593959808349609e-01
1.993625164031982422e-01
2.029337882995605469e-01
2.004463672637939453e-01
2.695209980010986328e-01
2.929615974426269531e-01
3.134942054748535156e-01
3.688650131225585938e-01
3.685827255249023438e-01
3.836429119110107422e-01
3.794343471527099609e-01
3.790929317474365234e-01
3.829779624938964844e-01
3.844656944274902344e-01
3.883345127105712891e-01
3.471837043762207031e-01
3.294713497161865234e-01
3.608675003051757812e-01
3.600213527679443359e-01
3.585484027862548828e-01
3.623125553131103516e-01
3.509776592254638672e-01
2.734787464141845703e-01
2.061605453491210938e-01
2.108955383300781250e-01
2.082934379577636719e-01
2.007956504821777344e-01
2.737064361572265625e-01
2.774183750152587891e-01
2.857117652893066406e-01
3.083674907684326172e-01
2.291731834411621094e-01
2.111306190490722656e-01
2.142398357391357422e-01
2.582285404205322266e-01
3.136079311370849609e-01
3.315613269805908203e-01
2.736110687255859375e-01
2.681035995483398438e-01
3.320159912109375000e-01
2.709200382232666016e-01
2.050302028656005859e-01
2.749359607696533203e-01
2.739524841308593750e-01
2.039704322814941406e-01
2.020056247711181641e-01
2.025279998779296875e-01
2.672264575958251953e-01
2.698366641998291016e-01
2.127566337585449219e-01
2.850594520568847656e-01
3.498909473419189453e-01
3.544971942901611328e-01
3.567583560943603516e-01
3.447704315185546875e-01
3.372046947479248047e-01
2.665586471557617188e-01
2.728109359741210938e-01
2.726500034332275391e-01
2.768893241882324219e-01
3.554708957672119141e-01
3.221671581268310547e-01
2.778162956237792969e-01
2.347133159637451172e-01
2.074649333953857422e-01
2.070810794830322266e-01
2.085757255554199219e-01
2.074465751647949219e-01
2.012522220611572266e-01
2.136254310607910156e-01
2.154972553253173828e-01
2.085301876068115234e-01
2.789456844329833984e-01
3.432040214538574219e-01
2.753131389617919922e-01
2.128894329071044922e-01
2.827136516571044922e-01
3.539681434631347656e-01
3.540105819702148438e-01
2.924940586090087891e-01
2.820713520050048828e-01
3.004767894744873047e-01
2.988796234130859375e-01
3.022751808166503906e-01
3.036677837371826172e-01
3.272492885589599609e-01
2.559897899627685547e-01
1.895320415496826172e-01
1.886210441589355469e-01
1.897640228271484375e-01
1.848461627960205078e-01
2.548015117645263672e-01
3.289017677307128906e-01
3.019657135009765625e-01
3.080961704254150391e-01
3.288643360137939453e-01
3.284337520599365234e-01
3.331449031829833984e-01
3.338596820831298828e-01
3.304924964904785156e-01
3.284695148468017578e-01
3.433680534362792969e-01
3.495063781738281250e-01
3.473453521728515625e-01
3.393871784210205078e-01
3.323593139648437500e-01
3.310029506683349609e-01
3.424668312072753906e-01
3.526337146759033203e-01
3.492658138275146484e-01
3.459396362304687500e-01
3.441140651702880859e-01
3.394219875335693359e-01
3.242270946502685547e-01
3.347716331481933594e-01
3.548057079315185547e-01
3.619654178619384766e-01
3.294246196746826172e-01
3.223917484283447266e-01
3.487093448638916016e-01
3.485341072082519531e-01
3.449969291687011719e-01
3.354997634887695312e-01
3.106422424316406250e-01
3.150341510772705078e-01
2.700448036193847656e-01
1.924147605895996094e-01
2.762751579284667969e-01
3.565807342529296875e-01
3.660433292388916016e-01
3.636391162872314453e-01
3.450527191162109375e-01
3.449976444244384766e-01
3.395323753356933594e-01
3.439195156097412109e-01
3.261449337005615234e-01
2.530603408813476562e-01
2.035472393035888672e-01
2.805140018463134766e-01
3.695347309112548828e-01
3.559384346008300781e-01
3.331685066223144531e-01
3.378450870513916016e-01
3.530588150024414062e-01
3.462831974029541016e-01
3.049867153167724609e-01
2.450227737426757812e-01
2.072331905364990234e-01
2.029983997344970703e-01
1.998574733734130859e-01
1.996507644653320312e-01
1.987357139587402344e-01
1.982910633087158203e-01
2.022209167480468750e-01
2.071878910064697266e-01
2.041480541229248047e-01
2.752873897552490234e-01
3.305788040161132812e-01
3.114359378814697266e-01
2.607429027557373047e-01
2.079060077667236328e-01
2.072942256927490234e-01
2.551381587982177734e-01
3.075764179229736328e-01
2.549886703491210938e-01
2.385232448577880859e-01
3.251781463623046875e-01
3.563635349273681641e-01
3.440556526184082031e-01
3.512747287750244141e-01
3.253438472747802734e-01
2.422001361846923828e-01
1.936416625976562500e-01
1.992774009704589844e-01
1.973314285278320312e-01
1.991779804229736328e-01
2.693462371826171875e-01
2.656688690185546875e-01
1.942837238311767578e-01
1.953525543212890625e-01
2.732849121093750000e-01
2.698259353637695312e-01
1.926152706146240234e-01
1.890056133270263672e-01
1.888473033905029297e-01
1.926105022430419922e-01
1.951899528503417969e-01
2.009181976318359375e-01
2.013263702392578125e-01
2.021672725677490234e-01
2.061297893524169922e-01
1.981415748596191406e-01
1.933858394622802734e-01
1.951518058776855469e-01
1.936242580413818359e-01
1.915502548217773438e-01
1.923298835754394531e-01
2.399897575378417969e-01
2.419884204864501953e-01
2.707207202911376953e-01
2.687654495239257812e-01
1.927220821380615234e-01
1.924314498901367188e-01
1.993217468261718750e-01
2.000761032104492188e-01
2.659931182861328125e-01
2.668504714965820312e-01
1.942777633666992188e-01
1.944785118103027344e-01
1.972887516021728516e-01
2.706956863403320312e-01
3.406713008880615234e-01
3.311085700988769531e-01
3.258123397827148438e-01
3.349452018737792969e-01
3.371238708496093750e-01
3.467369079589843750e-01
3.410539627075195312e-01
3.250818252563476562e-01
3.376994132995605469e-01
3.337593078613281250e-01
3.251683712005615234e-01
2.978210449218750000e-01
2.352795600891113281e-01
2.759151458740234375e-01
3.495805263519287109e-01
3.567047119140625000e-01
3.494648933410644531e-01
2.694311141967773438e-01
2.005729675292968750e-01
1.969418525695800781e-01
2.662916183471679688e-01
2.715852260589599609e-01
2.035155296325683594e-01
2.024917602539062500e-01
2.757160663604736328e-01
3.375134468078613281e-01
3.390808105468750000e-01
3.389515876770019531e-01
3.425827026367187500e-01
3.268876075744628906e-01
2.471799850463867188e-01
2.451021671295166016e-01
3.145475387573242188e-01
2.660231590270996094e-01
2.654573917388916016e-01
2.636682987213134766e-01
1.943287849426269531e-01
2.699210643768310547e-01
2.719836235046386719e-01
2.010536193847656250e-01
2.741069793701171875e-01
3.472352027893066406e-01
3.362982273101806641e-01
3.219017982482910156e-01
3.264527320861816406e-01
2.641348838806152344e-01
2.004184722900390625e-01
1.996355056762695312e-01
1.933629512786865234e-01
1.958582401275634766e-01
1.982457637786865234e-01
2.702026367187500000e-01
2.733385562896728516e-01
2.695169448852539062e-01
2.644684314727783203e-01
2.619967460632324219e-01
3.384971618652343750e-01
3.528575897216796875e-01
3.553917407989501953e-01
2.780179977416992188e-01
2.040107250213623047e-01
2.659158706665039062e-01
3.378615379333496094e-01
3.494997024536132812e-01
3.448529243469238281e-01
3.467381000518798828e-01
3.298854827880859375e-01
3.274371623992919922e-01
2.745547294616699219e-01
2.035758495330810547e-01
2.070069313049316406e-01
2.040650844573974609e-01
1.963269710540771484e-01
1.904921531677246094e-01
2.486460208892822266e-01
3.162872791290283203e-01
3.337845802307128906e-01
3.444445133209228516e-01
2.662453651428222656e-01
2.451822757720947266e-01
3.362085819244384766e-01
3.639810085296630859e-01
3.526070117950439453e-01
3.542749881744384766e-01
3.533618450164794922e-01
3.385608196258544922e-01
3.374011516571044922e-01
3.518941402435302734e-01
3.657155036926269531e-01
3.679461479187011719e-01
3.531091213226318359e-01
3.416135311126708984e-01
3.390200138092041016e-01
3.433425426483154297e-01
3.243935108184814453e-01
3.235120773315429688e-01
2.788472175598144531e-01
2.036278247833251953e-01
2.023990154266357422e-01
2.863831520080566406e-01
3.697731494903564453e-01
3.434033393859863281e-01
3.309116363525390625e-01
3.023416996002197266e-01
2.365746498107910156e-01
2.134549617767333984e-01
2.804460525512695312e-01
3.519971370697021484e-01
3.397810459136962891e-01
3.430774211883544922e-01
3.605871200561523438e-01
3.483815193176269531e-01
3.443176746368408203e-01
3.197553157806396484e-01
3.083693981170654297e-01
3.339016437530517578e-01
3.496599197387695312e-01
3.572523593902587891e-01
2.751779556274414062e-01
1.993575096130371094e-01
2.673406600952148438e-01
3.423786163330078125e-01
2.753438949584960938e-01
1.927552223205566406e-01
1.885721683502197266e-01
2.538752555847167969e-01
3.281965255737304688e-01
2.620196342468261719e-01
2.535538673400878906e-01
3.195064067840576172e-01
3.163108825683593750e-01
3.206558227539062500e-01
3.024415969848632812e-01
3.081836700439453125e-01
3.337845802307128906e-01
3.331887722015380859e-01
3.331403732299804688e-01
3.337585926055908203e-01
3.322072029113769531e-01
3.367800712585449219e-01
3.427684307098388672e-01
3.383893966674804688e-01
3.366947174072265625e-01
3.254907131195068359e-01
3.370666503906250000e-01
3.362557888031005859e-01
3.231694698333740234e-01
3.315346240997314453e-01
3.342161178588867188e-01
3.062934875488281250e-01
2.897388935089111328e-01
3.243227005004882812e-01
3.464560508728027344e-01
3.222002983093261719e-01
2.441713809967041016e-01
2.642924785614013672e-01
3.308775424957275391e-01
2.546358108520507812e-01
2.367374897003173828e-01
3.189547061920166016e-01
3.492877483367919922e-01
3.560395240783691406e-01
2.979471683502197266e-01
2.204761505126953125e-01
1.973083019256591797e-01
1.930520534515380859e-01
1.966886520385742188e-01
1.917276382446289062e-01
1.889081001281738281e-01
1.870813369750976562e-01
1.861851215362548828e-01
1.889057159423828125e-01
2.634420394897460938e-01
3.436164855957031250e-01
3.477878570556640625e-01
2.722280025482177734e-01
2.861814498901367188e-01
3.801679611206054688e-01
3.270490169525146484e-01
2.402491569519042969e-01
2.927207946777343750e-01
3.777904510498046875e-01
3.766047954559326172e-01
3.646516799926757812e-01
3.400681018829345703e-01
2.621092796325683594e-01
2.788891792297363281e-01
3.583378791809082031e-01
3.610816001892089844e-01
2.816035747528076172e-01
2.143130302429199219e-01
2.095630168914794922e-01
2.694430351257324219e-01
3.472380638122558594e-01
3.174362182617187500e-01
2.638597488403320312e-01
3.169639110565185547e-01
3.806009292602539062e-01
3.660345077514648438e-01
3.617987632751464844e-01
2.805588245391845703e-01
2.810003757476806641e-01
3.342230319976806641e-01
3.211920261383056641e-01
3.470227718353271484e-01
3.612580299377441406e-01
3.578655719757080078e-01
3.479967117309570312e-01
3.377299308776855469e-01
3.430061340332031250e-01
2.735533714294433594e-01
2.687091827392578125e-01
3.491702079772949219e-01
3.387997150421142578e-01
3.402347564697265625e-01
3.497486114501953125e-01
3.498702049255371094e-01
3.452799320220947266e-01
2.661437988281250000e-01
2.689344882965087891e-01
3.333632946014404297e-01
3.258726596832275391e-01
3.424737453460693359e-01
3.521511554718017578e-01
3.541285991668701172e-01
3.017139434814453125e-01
2.841312885284423828e-01
2.715539932250976562e-01
2.210385799407958984e-01
2.984001636505126953e-01
3.614509105682373047e-01
2.827098369598388672e-01
2.276577949523925781e-01
2.232329845428466797e-01
2.682538032531738281e-01
2.667520046234130859e-01
2.671518325805664062e-01
3.433229923248291016e-01
3.566687107086181641e-01
3.508648872375488281e-01
3.426442146301269531e-01
2.603251934051513672e-01
2.495663166046142578e-01
3.546831607818603516e-01
3.730351924896240234e-01
2.828049659729003906e-01
2.054097652435302734e-01
2.077708244323730469e-01
2.142634391784667969e-01
2.154767513275146484e-01
2.073638439178466797e-01
2.023761272430419922e-01
2.898008823394775391e-01
2.922744750976562500e-01
2.054171562194824219e-01
2.762985229492187500e-01
2.824494838714599609e-01
2.941050529479980469e-01
2.904927730560302734e-01
2.239062786102294922e-01
2.246670722961425781e-01
2.915883064270019531e-01
3.649547100067138672e-01
2.784147262573242188e-01
1.998183727264404297e-01
2.075688838958740234e-01
2.295324802398681641e-01
2.269327640533447266e-01
2.883396148681640625e-01
3.724694252014160156e-01
2.903304100036621094e-01
2.633631229400634766e-01
3.421049118041992188e-01
3.543672561645507812e-01
3.551204204559326172e-01
2.814617156982421875e-01
2.804684638977050781e-01
2.791008949279785156e-01
2.705314159393310547e-01
3.381931781768798828e-01
3.306691646575927734e-01
2.732980251312255859e-01
2.350561618804931641e-01
3.048310279846191406e-01
3.600096702575683594e-01
3.495178222656250000e-01
3.494145870208740234e-01
3.580822944641113281e-01
3.635547161102294922e-01
3.760218620300292969e-01
4.646077156066894531e-01
3.732094764709472656e-01
2.039196491241455078e-01
2.842149734497070312e-01
2.865700721740722656e-01
2.966129779815673828e-01
3.637852668762207031e-01
2.797155380249023438e-01
2.067403793334960938e-01
2.772643566131591797e-01
3.586561679840087891e-01
3.586354255676269531e-01
3.636071681976318359e-01
2.888326644897460938e-01
2.308180332183837891e-01
2.902579307556152344e-01
3.377151489257812500e-01
3.473689556121826172e-01
3.170230388641357422e-01
3.045685291290283203e-01
3.241915702819824219e-01
2.636845111846923828e-01
1.963720321655273438e-01
2.112529277801513672e-01
2.186896800994873047e-01
2.068579196929931641e-01
1.959061622619628906e-01
2.726299762725830078e-01
3.447189331054687500e-01
3.327481746673583984e-01
3.286917209625244141e-01
2.666196823120117188e-01
1.995112895965576172e-01
1.979100704193115234e-01
2.696042060852050781e-01
2.643730640411376953e-01
2.619102001190185547e-01
2.660722732543945312e-01
1.969296932220458984e-01
2.643001079559326172e-01
2.800953388214111328e-01
2.863297462463378906e-01
3.525938987731933594e-01
3.501536846160888672e-01
3.488802909851074219e-01
3.489975929260253906e-01
2.965912818908691406e-01
2.985024452209472656e-01
3.170578479766845703e-01
3.211812973022460938e-01
3.377151489257812500e-01
3.274345397949218750e-01
2.853393554687500000e-01
2.203660011291503906e-01
2.078130245208740234e-01
2.053730487823486328e-01
2.455463409423828125e-01
2.486715316772460938e-01
2.011849880218505859e-01
2.013595104217529297e-01
2.055532932281494141e-01
2.018101215362548828e-01
1.956808567047119141e-01
2.643718719482421875e-01
2.604987621307373047e-01
2.674925327301025391e-01
3.476102352142333984e-01
3.515610694885253906e-01
2.789068222045898438e-01
1.982917785644531250e-01
2.625317573547363281e-01
3.060467243194580078e-01
3.092727661132812500e-01
2.604680061340332031e-01
1.886856555938720703e-01
2.695374488830566406e-01
2.719733715057373047e-01
1.952569484710693359e-01
2.031643390655517578e-01
2.791738510131835938e-01
2.685201168060302734e-01
1.967041492462158203e-01
2.531681060791015625e-01
3.150017261505126953e-01
3.386166095733642578e-01
3.528637886047363281e-01
3.548042774200439453e-01
3.484458923339843750e-01
2.711126804351806641e-01
2.396895885467529297e-01
2.360987663269042969e-01
1.972696781158447266e-01
2.038094997406005859e-01
2.182896137237548828e-01
2.290277481079101562e-01
2.239680290222167969e-01
2.113184928894042969e-01
2.010333538055419922e-01
2.647609710693359375e-01
3.372902870178222656e-01
3.141906261444091797e-01
2.399206161499023438e-01
1.969785690307617188e-01
1.931574344635009766e-01
1.941859722137451172e-01
2.755751609802246094e-01
3.443129062652587891e-01
3.295032978057861328e-01
3.317503929138183594e-01
3.394162654876708984e-01
3.307418823242187500e-01
3.288440704345703125e-01
3.375413417816162109e-01
3.386197090148925781e-01
2.567660808563232422e-01
2.693805694580078125e-01
3.548102378845214844e-01
2.775628566741943359e-01
2.058629989624023438e-01
2.672419548034667969e-01
3.276598453521728516e-01
3.297171592712402344e-01
3.425543308258056641e-01
3.247377872467041016e-01
3.302891254425048828e-01
3.567047119140625000e-01
2.755362987518310547e-01
1.995389461517333984e-01
2.719888687133789062e-01
3.357377052307128906e-01
3.317086696624755859e-01
3.416414260864257812e-01
3.513383865356445312e-01
3.477776050567626953e-01
3.472583293914794922e-01
3.551146984100341797e-01
3.469388484954833984e-01
3.395771980285644531e-01
3.433365821838378906e-01
3.500428199768066406e-01
3.432915210723876953e-01
3.492171764373779297e-01
3.603894710540771484e-01
3.414893150329589844e-01
3.368117809295654297e-01
3.455088138580322266e-01
3.524870872497558594e-01
3.533501625061035156e-01
3.556628227233886719e-01
3.562440872192382812e-01
3.399353027343750000e-01
2.698116302490234375e-01
2.053968906402587891e-01
2.623462677001953125e-01
2.575778961181640625e-01
1.915500164031982422e-01
2.646923065185546875e-01
2.707097530364990234e-01
2.034447193145751953e-01
2.473785877227783203e-01
2.374215126037597656e-01
2.558772563934326172e-01
3.266928195953369141e-01
2.606227397918701172e-01
2.718889713287353516e-01
3.438930511474609375e-01
2.709331512451171875e-01
2.015907764434814453e-01
2.604675292968750000e-01
3.308267593383789062e-01
2.645242214202880859e-01
1.891942024230957031e-01
2.779502868652343750e-01
3.198471069335937500e-01
2.353429794311523438e-01
2.681007385253906250e-01
2.665367126464843750e-01
1.935095787048339844e-01
1.973435878753662109e-01
2.665405273437500000e-01
3.102409839630126953e-01
3.181889057159423828e-01
3.434567451477050781e-01
3.196065425872802734e-01
2.764925956726074219e-01
2.310035228729248047e-01
2.295801639556884766e-01
2.257440090179443359e-01
2.006580829620361328e-01
2.003216743469238281e-01
1.986088752746582031e-01
2.655436992645263672e-01
3.391416072845458984e-01
3.382496833801269531e-01
3.310136795043945312e-01
3.423202037811279297e-01
2.900838851928710938e-01
2.167887687683105469e-01
2.254207134246826172e-01
2.272036075592041016e-01
2.641005516052246094e-01
2.590610980987548828e-01
2.747547626495361328e-01
3.378002643585205078e-01
2.691318988800048828e-01
2.772064208984375000e-01
3.431909084320068359e-01
2.731976509094238281e-01
2.069661617279052734e-01
2.027475833892822266e-01
2.650585174560546875e-01
2.662985324859619141e-01
1.932420730590820312e-01
1.911516189575195312e-01
1.916604042053222656e-01
1.998329162597656250e-01
2.651014328002929688e-01
2.650678157806396484e-01
2.080543041229248047e-01
1.984469890594482422e-01
1.973590850830078125e-01
2.027308940887451172e-01
2.024662494659423828e-01
2.790539264678955078e-01
3.593938350677490234e-01
3.155379295349121094e-01
2.562549114227294922e-01
2.235152721405029297e-01
2.362477779388427734e-01
3.150050640106201172e-01
3.564078807830810547e-01
3.583536148071289062e-01
3.644554615020751953e-01
2.886865139007568359e-01
2.795817852020263672e-01
3.392267227172851562e-01
2.900857925415039062e-01
2.942166328430175781e-01
2.715752124786376953e-01
2.005136013031005859e-01
2.030770778656005859e-01
2.893517017364501953e-01
2.980854511260986328e-01
2.850091457366943359e-01
3.218977451324462891e-01
2.518346309661865234e-01
2.144570350646972656e-01
2.832126617431640625e-01
3.453118801116943359e-01
3.424055576324462891e-01
3.361837863922119141e-01
3.379681110382080078e-01
2.684221267700195312e-01
2.774422168731689453e-01
3.592584133148193359e-01
3.572287559509277344e-01
3.565769195556640625e-01
3.459515571594238281e-01
2.768661975860595703e-01
2.269592285156250000e-01
2.900569438934326172e-01
