1.810629367828369141e-01
1.802701950073242188e-01
2.940049171447753906e-01
2.874562740325927734e-01
1.819670200347900391e-01
2.885155677795410156e-01
1.856229305267333984e-01
1.773681640625000000e-01
1.800906658172607422e-01
1.833374500274658203e-01
1.872093677520751953e-01
1.800436973571777344e-01
1.817324161529541016e-01
1.842000484466552734e-01
1.899015903472900391e-01
1.848931312561035156e-01
1.839270591735839844e-01
1.874930858612060547e-01
1.895790100097656250e-01
1.858799457550048828e-01
1.871671676635742188e-01
1.881060600280761719e-01
1.854805946350097656e-01
1.825113296508789062e-01
1.796369552612304688e-01
1.811792850494384766e-01
1.858022212982177734e-01
2.850675582885742188e-01
1.781075000762939453e-01
3.028128147125244141e-01
1.763584613800048828e-01
1.845650672912597656e-01
1.921260356903076172e-01
1.935093402862548828e-01
3.053927421569824219e-01
1.894428730010986328e-01
3.054368495941162109e-01
2.904253005981445312e-01
2.963533401489257812e-01
2.930705547332763672e-01
2.125825881958007812e-01
1.852142810821533203e-01
1.837100982666015625e-01
3.044991493225097656e-01
2.865247726440429688e-01
2.905688285827636719e-01
3.786144256591796875e-01
3.093650341033935547e-01
2.981204986572265625e-01
2.693774700164794922e-01
1.927070617675781250e-01
1.980192661285400391e-01
2.974557876586914062e-01
3.108322620391845703e-01
3.078413009643554688e-01
3.153898715972900391e-01
3.076498508453369141e-01
2.894251346588134766e-01
3.028230667114257812e-01
3.019418716430664062e-01
2.972919940948486328e-01
2.902820110321044922e-01
2.959539890289306641e-01
3.007037639617919922e-01
2.970523834228515625e-01
3.026318550109863281e-01
2.906098365783691406e-01
2.921738624572753906e-01
3.013296127319335938e-01
1.921315193176269531e-01
1.861681938171386719e-01
2.014594078063964844e-01
1.910958290100097656e-01
1.848704814910888672e-01
1.809661388397216797e-01
1.897466182708740234e-01
1.889173984527587891e-01
1.933164596557617188e-01
1.908240318298339844e-01
2.955245971679687500e-01
2.952647209167480469e-01
4.598259925842285156e-02
2.097065448760986328e-01
2.060291767120361328e-01
1.972541809082031250e-01
2.004683017730712891e-01
2.901678085327148438e-01
3.141956329345703125e-01
3.258416652679443359e-01
3.092818260192871094e-01
1.973321437835693359e-01
1.999943256378173828e-01
2.010509967803955078e-01
1.980681419372558594e-01
1.977510452270507812e-01
1.979820728302001953e-01
1.965641975402832031e-01
3.146879673004150391e-01
3.317403793334960938e-01
2.469987869262695312e-01
3.237223625183105469e-01
2.372758388519287109e-01
1.907491683959960938e-01
3.287255764007568359e-01
2.023034095764160156e-01
1.938965320587158203e-01
1.970264911651611328e-01
3.247652053833007812e-01
1.986606121063232422e-01
3.237352371215820312e-01
3.098018169403076172e-01
3.018012046813964844e-01
1.950461864471435547e-01
1.987638473510742188e-01
1.894581317901611328e-01
1.995637416839599609e-01
2.019071578979492188e-01
1.998157501220703125e-01
1.964900493621826172e-01
1.931207180023193359e-01
1.904044151306152344e-01
2.069091796875000000e-01
1.945533752441406250e-01
3.243830204010009766e-01
1.940095424652099609e-01
3.466308116912841797e-01
3.096151351928710938e-01
2.002019882202148438e-01
1.916832923889160156e-01
3.339972496032714844e-01
3.295311927795410156e-01
1.925246715545654297e-01
1.949231624603271484e-01
1.955032348632812500e-01
2.021899223327636719e-01
2.051899433135986328e-01
3.289067745208740234e-01
2.992815971374511719e-01
2.937803268432617188e-01
3.099749088287353516e-01
2.021770477294921875e-01
3.083531856536865234e-01
3.412122726440429688e-01
3.212664127349853516e-01
2.106108665466308594e-01
2.125289440155029297e-01
2.971594333648681641e-01
1.985871791839599609e-01
1.897084712982177734e-01
2.005128860473632812e-01
1.928815841674804688e-01
2.002916336059570312e-01
3.115296363830566406e-01
2.609047889709472656e-01
2.193086147308349609e-01
2.000386714935302734e-01
3.054957389831542969e-01
1.837642192840576172e-01
3.046865463256835938e-01
1.988608837127685547e-01
1.917757987976074219e-01
2.898209095001220703e-01
2.507872581481933594e-01
8.716082572937011719e-02
3.290343284606933594e-01
3.744590282440185547e-01
2.299888134002685547e-01
2.253093719482421875e-01
3.711612224578857422e-01
2.091958522796630859e-01
3.260397911071777344e-01
2.136025428771972656e-01
2.037563323974609375e-01
2.679636478424072266e-01
2.462782859802246094e-01
2.125535011291503906e-01
3.084480762481689453e-01
3.169312477111816406e-01
2.731988430023193359e-01
2.259840965270996094e-01
3.182919025421142578e-01
3.446488380432128906e-01
2.217347621917724609e-01
3.311452865600585938e-01
2.056307792663574219e-01
3.232891559600830078e-01
3.744928836822509766e-01
3.179054260253906250e-01
3.309531211853027344e-01
2.155318260192871094e-01
3.758535385131835938e-01
2.149441242218017578e-01
2.062575817108154297e-01
3.260362148284912109e-01
3.111863136291503906e-01
3.297238349914550781e-01
3.014624118804931641e-01
3.230454921722412109e-01
3.087558746337890625e-01
3.344674110412597656e-01
3.415307998657226562e-01
3.124303817749023438e-01
1.911060810089111328e-01
2.086646556854248047e-01
1.945605278015136719e-01
3.221108913421630859e-01
3.196189403533935547e-01
1.961781978607177734e-01
2.051794528961181641e-01
2.058517932891845703e-01
2.439689636230468750e-01
2.243487834930419922e-01
1.985898017883300781e-01
2.838363647460937500e-01
3.091819286346435547e-01
3.257277011871337891e-01
2.205886840820312500e-01
3.118987083435058594e-01
1.999940872192382812e-01
1.994407176971435547e-01
3.141078948974609375e-01
2.110264301300048828e-01
3.090028762817382812e-01
1.940913200378417969e-01
3.181531429290771484e-01
3.059787750244140625e-01
3.160729408264160156e-01
1.941206455230712891e-01
3.091907501220703125e-01
2.167215347290039062e-01
2.011637687683105469e-01
3.077101707458496094e-01
1.923108100891113281e-01
1.871736049652099609e-01
3.503954410552978516e-01
2.251582145690917969e-01
3.468108177185058594e-01
2.022054195404052734e-01
1.882772445678710938e-01
1.955149173736572266e-01
3.107230663299560547e-01
3.049607276916503906e-01
3.059039115905761719e-01
1.991105079650878906e-01
1.832962036132812500e-01
5.548238754272460938e-02
2.664256095886230469e-01
2.199311256408691406e-01
2.177822589874267578e-01
2.118382453918457031e-01
2.104496955871582031e-01
3.417439460754394531e-01
2.096812725067138672e-01
3.427278995513916016e-01
2.094640731811523438e-01
2.113382816314697266e-01
2.937943935394287109e-01
1.988410949707031250e-01
3.322911262512207031e-01
1.976513862609863281e-01
1.954171657562255859e-01
2.042167186737060547e-01
2.040803432464599609e-01
3.276169300079345703e-01
3.075683116912841797e-01
1.942465305328369141e-01
3.167431354522705078e-01
2.008814811706542969e-01
2.146165370941162109e-01
3.028242588043212891e-01
3.178625106811523438e-01
3.129546642303466797e-01
1.983222961425781250e-01
3.187124729156494141e-01
1.956269741058349609e-01
2.059791088104248047e-01
3.115661144256591797e-01
3.095905780792236328e-01
3.488080501556396484e-01
2.438671588897705078e-01
3.393156528472900391e-01
3.131978511810302734e-01
2.038853168487548828e-01
3.276331424713134766e-01
2.026503086090087891e-01
2.748236656188964844e-01
2.150425910949707031e-01
2.194201946258544922e-01
2.047355175018310547e-01
2.019982337951660156e-01
2.165296077728271484e-01
2.096629142761230469e-01
3.300964832305908203e-01
3.167381286621093750e-01
3.508336544036865234e-01
3.302505016326904297e-01
3.312039375305175781e-01
2.287549972534179688e-01
3.149678707122802734e-01
3.656694889068603516e-01
2.545220851898193359e-01
2.720167636871337891e-01
2.358133792877197266e-01
3.145141601562500000e-01
3.186435699462890625e-01
3.368496894836425781e-01
3.366599082946777344e-01
3.103992938995361328e-01
3.189706802368164062e-01
2.000317573547363281e-01
3.483266830444335938e-01
2.985854148864746094e-01
2.554907798767089844e-01
2.017288208007812500e-01
3.434510231018066406e-01
3.160450458526611328e-01
2.938666343688964844e-01
3.121840953826904297e-01
1.981694698333740234e-01
3.206076622009277344e-01
1.933062076568603516e-01
1.911268234252929688e-01
3.103854656219482422e-01
2.035863399505615234e-01
3.097662925720214844e-01
2.937719821929931641e-01
3.120350837707519531e-01
9.088563919067382812e-02
3.014993667602539062e-01
3.346419334411621094e-01
3.364703655242919922e-01
3.174607753753662109e-01
3.721036911010742188e-01
3.428542613983154297e-01
2.078552246093750000e-01
2.078793048858642578e-01
2.077105045318603516e-01
2.054164409637451172e-01
3.264384269714355469e-01
2.059204578399658203e-01
2.010209560394287109e-01
2.047405242919921875e-01
3.298439979553222656e-01
2.080690860748291016e-01
3.122310638427734375e-01
2.105402946472167969e-01
3.131067752838134766e-01
3.161070346832275391e-01
1.986961364746093750e-01
3.096432685852050781e-01
3.412475585937500000e-01
3.389284610748291016e-01
3.099291324615478516e-01
3.531417846679687500e-01
3.593614101409912109e-01
2.208476066589355469e-01
3.111321926116943359e-01
3.110544681549072266e-01
3.132145404815673828e-01
1.936354637145996094e-01
2.017228603363037109e-01
3.284995555877685547e-01
3.291244506835937500e-01
1.976537704467773438e-01
2.033996582031250000e-01
3.074929714202880859e-01
3.137824535369873047e-01
3.088426589965820312e-01
3.243162631988525391e-01
2.215914726257324219e-01
3.179378509521484375e-01
2.396697998046875000e-01
2.232751846313476562e-01
2.156395912170410156e-01
3.664250373840332031e-01
3.696658611297607422e-01
3.237891197204589844e-01
3.109650611877441406e-01
3.452076911926269531e-01
3.595161437988281250e-01
3.277397155761718750e-01
3.306336402893066406e-01
3.408148288726806641e-01
3.112866878509521484e-01
3.234148025512695312e-01
2.465031147003173828e-01
3.512678146362304688e-01
2.204399108886718750e-01
2.329523563385009766e-01
2.207849025726318359e-01
2.169599533081054688e-01
2.181308269500732422e-01
2.035717964172363281e-01
3.229746818542480469e-01
2.013514041900634766e-01
2.467062473297119141e-01
2.022171020507812500e-01
3.062918186187744141e-01
3.106026649475097656e-01
3.163192272186279297e-01
3.299825191497802734e-01
3.121604919433593750e-01
3.037822246551513672e-01
2.078683376312255859e-01
2.162921428680419922e-01
2.082362174987792969e-01
2.095918655395507812e-01
3.109776973724365234e-01
3.218221664428710938e-01
4.862046241760253906e-02
2.237160205841064453e-01
2.157149314880371094e-01
2.056853771209716797e-01
2.247092723846435547e-01
2.100300788879394531e-01
2.026705741882324219e-01
3.380703926086425781e-01
3.297252655029296875e-01
3.271229267120361328e-01
3.352508544921875000e-01
2.012119293212890625e-01
2.037107944488525391e-01
2.112102508544921875e-01
3.316287994384765625e-01
1.949825286865234375e-01
3.243956565856933594e-01
3.326103687286376953e-01
2.013418674468994141e-01
2.107224464416503906e-01
3.357191085815429688e-01
2.231698036193847656e-01
2.135336399078369141e-01
3.330037593841552734e-01
1.960768699645996094e-01
2.147898674011230469e-01
3.338387012481689453e-01
2.079946994781494141e-01
3.199236392974853516e-01
1.950345039367675781e-01
2.523097991943359375e-01
3.867850303649902344e-01
3.175172805786132812e-01
3.134081363677978516e-01
3.524544239044189453e-01
2.048013210296630859e-01
2.068798542022705078e-01
3.425149917602539062e-01
3.274359703063964844e-01
3.131718635559082031e-01
3.246154785156250000e-01
2.184207439422607422e-01
2.185144424438476562e-01
2.091469764709472656e-01
3.566541671752929688e-01
2.128164768218994141e-01
2.179689407348632812e-01
2.102923393249511719e-01
2.056140899658203125e-01
3.224751949310302734e-01
3.246388435363769531e-01
3.209471702575683594e-01
3.014314174652099609e-01
2.032151222229003906e-01
2.056050300598144531e-01
2.083225250244140625e-01
1.964845657348632812e-01
2.085623741149902344e-01
3.053898811340332031e-01
3.104543685913085938e-01
2.055881023406982422e-01
2.138733863830566406e-01
2.005236148834228516e-01
3.113360404968261719e-01
2.100543975830078125e-01
3.105859756469726562e-01
2.165083885192871094e-01
2.185797691345214844e-01
2.086682319641113281e-01
2.983672618865966797e-01
3.241584300994873047e-01
3.097426891326904297e-01
2.178115844726562500e-01
2.125401496887207031e-01
3.681738376617431641e-01
3.197169303894042969e-01
2.874166965484619141e-01
1.952383518218994141e-01
3.210539817810058594e-01
2.012031078338623047e-01
2.872810363769531250e-01
3.015518188476562500e-01
8.975219726562500000e-02
3.330099582672119141e-01
2.182674407958984375e-01
2.138113975524902344e-01
3.395016193389892578e-01
3.202247619628906250e-01
2.048332691192626953e-01
2.081134319305419922e-01
2.059500217437744141e-01
2.075331211090087891e-01
2.056210041046142578e-01
2.050023078918457031e-01
2.079310417175292969e-01
2.047505378723144531e-01
1.936237812042236328e-01
1.977281570434570312e-01
3.566775321960449219e-01
3.558082580566406250e-01
2.834484577178955078e-01
3.236627578735351562e-01
3.290185928344726562e-01
3.375751972198486328e-01
3.022751808166503906e-01
3.252909183502197266e-01
2.793617248535156250e-01
1.889915466308593750e-01
3.307859897613525391e-01
1.887779235839843750e-01
1.849529743194580078e-01
3.054831027984619141e-01
1.909370422363281250e-01
1.866579055786132812e-01
2.710344791412353516e-01
1.901390552520751953e-01
1.878514289855957031e-01
3.206863403320312500e-01
3.515207767486572266e-01
3.257784843444824219e-01
3.337714672088623047e-01
2.928390502929687500e-01
1.911036968231201172e-01
1.919884681701660156e-01
1.921439170837402344e-01
3.116402626037597656e-01
2.988204956054687500e-01
3.462278842926025391e-01
3.276951313018798828e-01
3.036789894104003906e-01
3.122422695159912109e-01
1.932601928710937500e-01
3.234112262725830078e-01
2.731914520263671875e-01
1.824417114257812500e-01
1.899054050445556641e-01
1.962783336639404297e-01
3.089451789855957031e-01
3.377397060394287109e-01
3.364565372467041016e-01
3.139936923980712891e-01
3.152859210968017578e-01
2.980682849884033203e-01
3.150656223297119141e-01
3.184590339660644531e-01
3.071010112762451172e-01
3.175623416900634766e-01
3.039674758911132812e-01
1.908988952636718750e-01
1.923537254333496094e-01
3.528234958648681641e-01
3.506102561950683594e-01
3.300714492797851562e-01
1.876809597015380859e-01
1.913788318634033203e-01
2.137336730957031250e-01
1.969132423400878906e-01
2.033059597015380859e-01
2.006995677947998047e-01
3.064279556274414062e-01
3.104941844940185547e-01
3.117334842681884766e-01
3.626482486724853516e-01
3.112134933471679688e-01
4.527401924133300781e-02
2.064797878265380859e-01
3.306782245635986328e-01
3.324279785156250000e-01
3.201665878295898438e-01
3.740208148956298828e-01
3.693869113922119141e-01
3.274176120758056641e-01
3.705852031707763672e-01
2.206518650054931641e-01
3.398694992065429688e-01
2.055478096008300781e-01
2.077665328979492188e-01
2.235825061798095703e-01
3.393797874450683594e-01
2.206783294677734375e-01
3.776865005493164062e-01
2.112698554992675781e-01
2.657880783081054688e-01
4.662413597106933594e-01
3.766176700592041016e-01
3.534824848175048828e-01
2.134017944335937500e-01
3.551630973815917969e-01
3.131380081176757812e-01
1.955671310424804688e-01
1.882441043853759766e-01
2.014873027801513672e-01
1.899669170379638672e-01
3.178162574768066406e-01
1.962137222290039062e-01
2.491981983184814453e-01
3.182713985443115234e-01
1.936509609222412109e-01
1.988179683685302734e-01
1.873691082000732422e-01
1.971814632415771484e-01
1.909840106964111328e-01
1.977641582489013672e-01
1.802608966827392578e-01
1.876730918884277344e-01
1.850228309631347656e-01
3.101491928100585938e-01
3.106620311737060547e-01
1.896424293518066406e-01
2.940952777862548828e-01
1.910495758056640625e-01
1.834638118743896484e-01
1.828260421752929688e-01
1.916103363037109375e-01
1.839966773986816406e-01
3.093295097351074219e-01
1.846501827239990234e-01
3.103115558624267578e-01
2.228398323059082031e-01
2.069454193115234375e-01
2.165961265563964844e-01
2.062995433807373047e-01
2.095353603363037109e-01
3.356995582580566406e-01
3.224811553955078125e-01
2.488479614257812500e-01
1.900198459625244141e-01
2.923436164855957031e-01
3.257710933685302734e-01
3.367366790771484375e-01
1.847047805786132812e-01
1.958000659942626953e-01
1.938364505767822266e-01
2.938973903656005859e-01
3.018512725830078125e-01
3.184158802032470703e-01
3.390922546386718750e-01
3.261945247650146484e-01
1.767182350158691406e-01
1.799945831298828125e-01
1.878235340118408203e-01
1.827213764190673828e-01
1.838257312774658203e-01
1.874167919158935547e-01
1.927678585052490234e-01
1.900017261505126953e-01
4.795932769775390625e-02
2.039492130279541016e-01
2.047407627105712891e-01
1.942069530487060547e-01
2.015886306762695312e-01
2.055182456970214844e-01
2.078762054443359375e-01
2.079775333404541016e-01
2.050552368164062500e-01
1.974432468414306641e-01
2.152493000030517578e-01
2.032570838928222656e-01
2.034020423889160156e-01
2.013230323791503906e-01
2.037899494171142578e-01
2.019016742706298828e-01
2.087340354919433594e-01
2.086873054504394531e-01
2.085783481597900391e-01
2.109396457672119141e-01
2.019336223602294922e-01
2.043478488922119141e-01
2.073619365692138672e-01
3.240232467651367188e-01
3.459894657135009766e-01
3.344645500183105469e-01
3.299562931060791016e-01
3.376183509826660156e-01
2.028820514678955078e-01
2.018227577209472656e-01
2.021634578704833984e-01
3.202247619628906250e-01
2.067949771881103516e-01
3.193747997283935547e-01
2.019076347351074219e-01
3.320636749267578125e-01
1.995594501495361328e-01
3.060848712921142578e-01
2.025744915008544922e-01
3.215863704681396484e-01
1.984314918518066406e-01
2.101476192474365234e-01
3.000905513763427734e-01
1.993834972381591797e-01
3.422360420227050781e-01
2.509112358093261719e-01
1.982688903808593750e-01
2.341637611389160156e-01
3.546864986419677734e-01
3.363873958587646484e-01
3.161458969116210938e-01
3.248357772827148438e-01
3.125557899475097656e-01
3.158755302429199219e-01
3.140633106231689453e-01
2.317321300506591797e-01
2.835831642150878906e-01
1.882374286651611328e-01
2.998373508453369141e-01
2.138130664825439453e-01
3.039584159851074219e-01
1.920526027679443359e-01
3.976371288299560547e-01
2.407102584838867188e-01
3.348515033721923828e-01
3.420028686523437500e-01
2.585253715515136719e-01
1.916446685791015625e-01
1.837902069091796875e-01
1.974935531616210938e-01
1.870069503784179688e-01
2.000360488891601562e-01
2.010796070098876953e-01
1.889877319335937500e-01
1.961863040924072266e-01
1.939725875854492188e-01
3.421924114227294922e-01
2.985069751739501953e-01
2.030594348907470703e-01
1.892158985137939453e-01
2.049810886383056641e-01
1.997241973876953125e-01
8.953046798706054688e-02
3.435420989990234375e-01
2.361750602722167969e-01
3.589997291564941406e-01
3.449375629425048828e-01
3.502924442291259766e-01
3.720235824584960938e-01
2.081203460693359375e-01
2.088744640350341797e-01
2.032902240753173828e-01
2.072269916534423828e-01
2.113425731658935547e-01
3.081729412078857422e-01
