1.794898509979248047e-01
1.717245578765869141e-01
1.723470687866210938e-01
1.774125099182128906e-01
1.759972572326660156e-01
1.797266006469726562e-01
1.881144046783447266e-01
2.909150123596191406e-01
2.781023979187011719e-01
2.811512947082519531e-01
2.909626960754394531e-01
3.018212318420410156e-01
2.969181537628173828e-01
1.866049766540527344e-01
1.848709583282470703e-01
1.953458786010742188e-01
1.906497478485107422e-01
1.814632415771484375e-01
1.859512329101562500e-01
1.906509399414062500e-01
1.858897209167480469e-01
2.958121299743652344e-01
2.975127696990966797e-01
3.237705230712890625e-01
2.990376949310302734e-01
1.785445213317871094e-01
1.874208450317382812e-01
1.831920146942138672e-01
1.802868843078613281e-01
1.818401813507080078e-01
1.840617656707763672e-01
1.886501312255859375e-01
1.844019889831542969e-01
3.043766021728515625e-01
1.863808631896972656e-01
2.896499633789062500e-01
1.779835224151611328e-01
2.827613353729248047e-01
1.838648319244384766e-01
2.832002639770507812e-01
2.908079624176025391e-01
1.858360767364501953e-01
2.942302227020263672e-01
1.800830364227294922e-01
2.775084972381591797e-01
1.797988414764404297e-01
2.944223880767822266e-01
3.056752681732177734e-01
1.944584846496582031e-01
1.844487190246582031e-01
1.801302433013916016e-01
1.870758533477783203e-01
2.865469455718994141e-01
1.894285678863525391e-01
2.801792621612548828e-01
1.835231781005859375e-01
2.987084388732910156e-01
1.893510818481445312e-01
2.125623226165771484e-01
1.875922679901123047e-01
1.876125335693359375e-01
2.813122272491455078e-01
1.842601299285888672e-01
2.945997714996337891e-01
1.829962730407714844e-01
2.874026298522949219e-01
1.945164203643798828e-01
1.791942119598388672e-01
1.860773563385009766e-01
2.790958881378173828e-01
1.808083057403564453e-01
2.660109996795654297e-01
1.680974960327148438e-01
1.752521991729736328e-01
2.863662242889404297e-01
1.782169342041015625e-01
1.811871528625488281e-01
2.866904735565185547e-01
2.865164279937744141e-01
1.787278652191162109e-01
1.788806915283203125e-01
8.048391342163085938e-02
3.139846324920654297e-01
3.263747692108154297e-01
3.232707977294921875e-01
2.031476497650146484e-01
1.944336891174316406e-01
3.174188137054443359e-01
2.016539573669433594e-01
3.095853328704833984e-01
3.322114944458007812e-01
1.960291862487792969e-01
1.966013908386230469e-01
2.041916847229003906e-01
2.091400623321533203e-01
3.205101490020751953e-01
1.953048706054687500e-01
3.151409626007080078e-01
2.012372016906738281e-01
3.225786685943603516e-01
3.049733638763427734e-01
2.030129432678222656e-01
1.985676288604736328e-01
1.938695907592773438e-01
1.957147121429443359e-01
1.896982192993164062e-01
1.919744014739990234e-01
2.010364532470703125e-01
2.009341716766357422e-01
1.975474357604980469e-01
1.981673240661621094e-01
1.949126720428466797e-01
3.201045989990234375e-01
1.917724609375000000e-01
1.990172863006591797e-01
1.937065124511718750e-01
2.003011703491210938e-01
1.998720169067382812e-01
3.140499591827392578e-01
1.927790641784667969e-01
1.945991516113281250e-01
3.132240772247314453e-01
1.949882507324218750e-01
3.371660709381103516e-01
2.242753505706787109e-01
2.053034305572509766e-01
2.088792324066162109e-01
3.517038822174072266e-01
1.982638835906982422e-01
3.304986953735351562e-01
2.127053737640380859e-01
3.008499145507812500e-01
1.939849853515625000e-01
1.913883686065673828e-01
2.628228664398193359e-01
2.226803302764892578e-01
1.986458301544189453e-01
3.061244487762451172e-01
2.018744945526123047e-01
1.940760612487792969e-01
2.191178798675537109e-01
2.064909934997558594e-01
2.274289131164550781e-01
2.202837467193603516e-01
2.105019092559814453e-01
2.185647487640380859e-01
3.066928386688232422e-01
1.999444961547851562e-01
3.136043548583984375e-01
2.872965335845947266e-01
3.215031623840332031e-01
1.956746578216552734e-01
2.215797901153564453e-01
2.096970081329345703e-01
3.176279067993164062e-01
2.329134941101074219e-01
3.086736202239990234e-01
3.068807125091552734e-01
1.916267871856689453e-01
3.189146518707275391e-01
1.966805458068847656e-01
2.406616210937500000e-01
3.226938247680664062e-01
8.997154235839843750e-02
2.185657024383544922e-01
2.503905296325683594e-01
2.206895351409912109e-01
3.367195129394531250e-01
3.845186233520507812e-01
2.141900062561035156e-01
2.126905918121337891e-01
2.224731445312500000e-01
2.089805603027343750e-01
2.794241905212402344e-01
2.467720508575439453e-01
2.943489551544189453e-01
3.257694244384765625e-01
2.132167816162109375e-01
2.233700752258300781e-01
3.475027084350585938e-01
3.187363147735595703e-01
2.094879150390625000e-01
2.196710109710693359e-01
2.031505107879638672e-01
3.305034637451171875e-01
2.221374511718750000e-01
3.264195919036865234e-01
2.140963077545166016e-01
2.398278713226318359e-01
2.448973655700683594e-01
2.816939353942871094e-01
2.862982749938964844e-01
3.189444541931152344e-01
3.408150672912597656e-01
3.233873844146728516e-01
2.089962959289550781e-01
3.078134059906005859e-01
2.071249485015869141e-01
3.157656192779541016e-01
2.136402130126953125e-01
2.218754291534423828e-01
3.153955936431884766e-01
2.024335861206054688e-01
2.117817401885986328e-01
3.256218433380126953e-01
2.144737243652343750e-01
2.105412483215332031e-01
3.124017715454101562e-01
2.035422325134277344e-01
2.099268436431884766e-01
2.374236583709716797e-01
3.166868686676025391e-01
2.062985897064208984e-01
2.129330635070800781e-01
2.149579524993896484e-01
2.255141735076904297e-01
2.105028629302978516e-01
3.329474925994873047e-01
3.251750469207763672e-01
2.019875049591064453e-01
1.996185779571533203e-01
3.197054862976074219e-01
2.022490501403808594e-01
3.014645576477050781e-01
1.883327960968017578e-01
2.010037899017333984e-01
1.906352043151855469e-01
1.892199516296386719e-01
2.910225391387939453e-01
3.100838661193847656e-01
1.937551498413085938e-01
1.850662231445312500e-01
3.214938640594482422e-01
1.860363483428955078e-01
3.109910488128662109e-01
1.972057819366455078e-01
3.442397117614746094e-01
2.184691429138183594e-01
1.778929233551025391e-01
2.968037128448486328e-01
1.881439685821533203e-01
1.830964088439941406e-01
1.937499046325683594e-01
2.986793518066406250e-01
1.941211223602294922e-01
8.788633346557617188e-02
3.587865829467773438e-01
2.244532108306884766e-01
3.283798694610595703e-01
2.243075370788574219e-01
3.677039146423339844e-01
2.154307365417480469e-01
3.294343948364257812e-01
2.094659805297851562e-01
3.211383819580078125e-01
3.413012027740478516e-01
1.844623088836669922e-01
1.884901523590087891e-01
1.871490478515625000e-01
3.007202148437500000e-01
3.343520164489746094e-01
2.009599208831787109e-01
2.015256881713867188e-01
1.982529163360595703e-01
2.017028331756591797e-01
2.019762992858886719e-01
2.059433460235595703e-01
1.961677074432373047e-01
2.038142681121826172e-01
2.037653923034667969e-01
1.949403285980224609e-01
3.166570663452148438e-01
3.217399120330810547e-01
2.013101577758789062e-01
3.142659664154052734e-01
3.114941120147705078e-01
1.991367340087890625e-01
2.047362327575683594e-01
2.003123760223388672e-01
2.468247413635253906e-01
2.249658107757568359e-01
2.030413150787353516e-01
2.012417316436767578e-01
2.044520378112792969e-01
2.016887664794921875e-01
3.116929531097412109e-01
2.059822082519531250e-01
1.932880878448486328e-01
2.027754783630371094e-01
1.930596828460693359e-01
2.309932708740234375e-01
2.019150257110595703e-01
1.934838294982910156e-01
1.928753852844238281e-01
3.051681518554687500e-01
2.332546710968017578e-01
2.322525978088378906e-01
3.132569789886474609e-01
2.827908992767333984e-01
3.559670448303222656e-01
2.023949623107910156e-01
2.172718048095703125e-01
2.144074440002441406e-01
3.044102191925048828e-01
3.276290893554687500e-01
3.154492378234863281e-01
1.931886672973632812e-01
2.962388992309570312e-01
1.934034824371337891e-01
1.871721744537353516e-01
3.265151977539062500e-01
1.972217559814453125e-01
1.903417110443115234e-01
1.918344497680664062e-01
1.939136981964111328e-01
1.956691741943359375e-01
1.858556270599365234e-01
1.960144042968750000e-01
1.894600391387939453e-01
1.942205429077148438e-01
1.896770000457763672e-01
1.995058059692382812e-01
1.918206214904785156e-01
3.168165683746337891e-01
1.903150081634521484e-01
1.836163997650146484e-01
1.929507255554199219e-01
4.973721504211425781e-02
2.076089382171630859e-01
2.050144672393798828e-01
2.082695960998535156e-01
1.992557048797607422e-01
2.078251838684082031e-01
2.040579319000244141e-01
2.009713649749755859e-01
1.961095333099365234e-01
1.994867324829101562e-01
1.984477043151855469e-01
1.966869831085205078e-01
1.924188137054443359e-01
1.926393508911132812e-01
1.933989524841308594e-01
1.931686401367187500e-01
2.032997608184814453e-01
1.944482326507568359e-01
1.940233707427978516e-01
3.003621101379394531e-01
1.914002895355224609e-01
3.037171363830566406e-01
1.934909820556640625e-01
1.914134025573730469e-01
1.926953792572021484e-01
3.102352619171142578e-01
1.886084079742431641e-01
2.469518184661865234e-01
2.205388545989990234e-01
2.041893005371093750e-01
3.080685138702392578e-01
1.919150352478027344e-01
3.126840591430664062e-01
1.917600631713867188e-01
1.994616985321044922e-01
2.027771472930908203e-01
3.167343139648437500e-01
1.967623233795166016e-01
2.032797336578369141e-01
2.118663787841796875e-01
1.967964172363281250e-01
2.044107913970947266e-01
3.246462345123291016e-01
2.030754089355468750e-01
3.324842453002929688e-01
2.171399593353271484e-01
3.356280326843261719e-01
3.591597080230712891e-01
3.305687904357910156e-01
3.232004642486572266e-01
2.239947319030761719e-01
2.363922595977783203e-01
2.172186374664306641e-01
2.119421958923339844e-01
2.086799144744873047e-01
3.375558853149414062e-01
2.108933925628662109e-01
2.218079566955566406e-01
2.472782135009765625e-01
3.729987144470214844e-01
3.462777137756347656e-01
2.493865489959716797e-01
2.309930324554443359e-01
2.351789474487304688e-01
3.451690673828125000e-01
2.104883193969726562e-01
2.140953540802001953e-01
2.038230895996093750e-01
2.105367183685302734e-01
2.105216979980468750e-01
1.934597492218017578e-01
2.146704196929931641e-01
2.103159427642822266e-01
2.155194282531738281e-01
2.119288444519042969e-01
3.211438655853271484e-01
3.219215869903564453e-01
2.831037044525146484e-01
3.166944980621337891e-01
3.162224292755126953e-01
2.814385890960693359e-01
2.144367694854736328e-01
5.183291435241699219e-02
2.280337810516357422e-01
2.189586162567138672e-01
2.117214202880859375e-01
2.142906188964843750e-01
3.300282955169677734e-01
3.328871726989746094e-01
2.056183815002441406e-01
1.988608837127685547e-01
2.144012451171875000e-01
1.970758438110351562e-01
1.965439319610595703e-01
3.250658512115478516e-01
3.367655277252197266e-01
1.985170841217041016e-01
2.026515007019042969e-01
2.013690471649169922e-01
3.368487358093261719e-01
2.267735004425048828e-01
2.181518077850341797e-01
3.279998302459716797e-01
2.174968719482421875e-01
2.172043323516845703e-01
2.195019721984863281e-01
2.166912555694580078e-01
2.113032341003417969e-01
2.077901363372802734e-01
2.183463573455810547e-01
2.139317989349365234e-01
3.600499629974365234e-01
3.322494029998779297e-01
3.799381256103515625e-01
3.159823417663574219e-01
2.540218830108642578e-01
2.199876308441162109e-01
3.210082054138183594e-01
2.081286907196044922e-01
3.449387550354003906e-01
3.337829113006591797e-01
2.076659202575683594e-01
3.146996498107910156e-01
2.134046554565429688e-01
2.169332504272460938e-01
3.309111595153808594e-01
3.525798320770263672e-01
2.892329692840576172e-01
3.215472698211669922e-01
2.010717391967773438e-01
3.119878768920898438e-01
3.192279338836669922e-01
2.770278453826904297e-01
2.704312801361083984e-01
2.026345729827880859e-01
3.367080688476562500e-01
2.152774333953857422e-01
2.139325141906738281e-01
2.137885093688964844e-01
2.171540260314941406e-01
2.248985767364501953e-01
2.037982940673828125e-01
2.067463397979736328e-01
2.142353057861328125e-01
3.459191322326660156e-01
2.023580074310302734e-01
2.013385295867919922e-01
2.999267578125000000e-01
2.026433944702148438e-01
2.129368782043457031e-01
2.149553298950195312e-01
2.109005451202392578e-01
2.177443504333496094e-01
1.988375186920166016e-01
3.468823432922363281e-01
3.035807609558105469e-01
2.147362232208251953e-01
3.297216892242431641e-01
3.491618633270263672e-01
2.074441909790039062e-01
2.106015682220458984e-01
3.342535495758056641e-01
2.157864570617675781e-01
2.175786495208740234e-01
5.292224884033203125e-02
2.117464542388916016e-01
2.132527828216552734e-01
3.722126483917236328e-01
2.939293384552001953e-01
1.987462043762207031e-01
3.567354679107666016e-01
2.012219429016113281e-01
2.012436389923095703e-01
2.034742832183837891e-01
2.007656097412109375e-01
2.107119560241699219e-01
2.152571678161621094e-01
2.052419185638427734e-01
3.487591743469238281e-01
2.073066234588623047e-01
2.047491073608398438e-01
1.990427970886230469e-01
1.967208385467529297e-01
2.017698287963867188e-01
1.938161849975585938e-01
1.866848468780517578e-01
3.118500709533691406e-01
1.934964656829833984e-01
1.942920684814453125e-01
1.932761669158935547e-01
1.968808174133300781e-01
1.950697898864746094e-01
1.969420909881591797e-01
1.987338066101074219e-01
1.957879066467285156e-01
1.971712112426757812e-01
1.957051753997802734e-01
2.007372379302978516e-01
3.001887798309326172e-01
1.955404281616210938e-01
1.968567371368408203e-01
2.028059959411621094e-01
2.019028663635253906e-01
2.962026596069335938e-01
1.994431018829345703e-01
1.962366104125976562e-01
3.259637355804443359e-01
1.931943893432617188e-01
2.980599403381347656e-01
1.925714015960693359e-01
3.293604850769042969e-01
1.883325576782226562e-01
1.867880821228027344e-01
3.080794811248779297e-01
1.900489330291748047e-01
1.855001449584960938e-01
3.161921501159667969e-01
1.869590282440185547e-01
1.816847324371337891e-01
1.834137439727783203e-01
3.317754268646240234e-01
3.348927497863769531e-01
3.047902584075927734e-01
1.891155242919921875e-01
1.909074783325195312e-01
3.199968338012695312e-01
1.972846984863281250e-01
3.257033824920654297e-01
1.920690536499023438e-01
1.840231418609619141e-01
3.306341171264648438e-01
1.945912837982177734e-01
3.534753322601318359e-01
1.814925670623779297e-01
1.898648738861083984e-01
1.867580413818359375e-01
1.838693618774414062e-01
1.921658515930175781e-01
1.914007663726806641e-01
2.928631305694580078e-01
1.979174613952636719e-01
1.949229240417480469e-01
1.965990066528320312e-01
1.990363597869873047e-01
3.531045913696289062e-01
1.986250877380371094e-01
4.453706741333007812e-02
2.046306133270263672e-01
2.176671028137207031e-01
3.532710075378417969e-01
2.952744960784912109e-01
2.071461677551269531e-01
2.016594409942626953e-01
2.018780708312988281e-01
3.662695884704589844e-01
2.171475887298583984e-01
2.063670158386230469e-01
2.060434818267822266e-01
3.195171356201171875e-01
3.431193828582763672e-01
3.404207229614257812e-01
3.581638336181640625e-01
2.015812397003173828e-01
3.714656829833984375e-01
3.591017723083496094e-01
1.996626853942871094e-01
3.797786235809326172e-01
3.493721485137939453e-01
2.091701030731201172e-01
2.012264728546142578e-01
1.965560913085937500e-01
1.913454532623291016e-01
1.951105594635009766e-01
3.270540237426757812e-01
2.335970401763916016e-01
1.974737644195556641e-01
1.964457035064697266e-01
3.281214237213134766e-01
3.386485576629638672e-01
1.947314739227294922e-01
3.572540283203125000e-01
2.333455085754394531e-01
1.992883682250976562e-01
1.950626373291015625e-01
1.942720413208007812e-01
1.943635940551757812e-01
1.959180831909179688e-01
1.912500858306884766e-01
2.098839282989501953e-01
1.962802410125732422e-01
1.969149112701416016e-01
1.899538040161132812e-01
1.983504295349121094e-01
1.931278705596923828e-01
1.902866363525390625e-01
1.955230236053466797e-01
1.962864398956298828e-01
1.977365016937255859e-01
1.922998428344726562e-01
2.564344406127929688e-01
2.121546268463134766e-01
2.059416770935058594e-01
2.131524085998535156e-01
2.007675170898437500e-01
2.219414710998535156e-01
2.378661632537841797e-01
2.086579799652099609e-01
2.155208587646484375e-01
1.895511150360107422e-01
1.957013607025146484e-01
1.870369911193847656e-01
1.894164085388183594e-01
1.887109279632568359e-01
1.884648799896240234e-01
1.827311515808105469e-01
1.826245784759521484e-01
1.886048316955566406e-01
1.949512958526611328e-01
1.918175220489501953e-01
1.941778659820556641e-01
1.898252964019775391e-01
1.828825473785400391e-01
2.008562088012695312e-01
3.214721679687500000e-01
3.345339298248291016e-01
2.950792312622070312e-01
3.041164875030517578e-01
3.146452903747558594e-01
8.605670928955078125e-02
3.680596351623535156e-01
3.563377857208251953e-01
2.007431983947753906e-01
1.979215145111083984e-01
2.019655704498291016e-01
1.937031745910644531e-01
2.047839164733886719e-01
2.005600929260253906e-01
3.173372745513916016e-01
1.937279701232910156e-01
1.930427551269531250e-01
1.900534629821777344e-01
1.929788589477539062e-01
1.980617046356201172e-01
1.905796527862548828e-01
2.001285552978515625e-01
2.049262523651123047e-01
2.035481929779052734e-01
1.977071762084960938e-01
1.894748210906982422e-01
1.923229694366455078e-01
1.886353492736816406e-01
3.145358562469482422e-01
1.897280216217041016e-01
1.960632801055908203e-01
1.898336410522460938e-01
1.897463798522949219e-01
3.153870105743408203e-01
1.945986747741699219e-01
1.959776878356933594e-01
1.877150535583496094e-01
3.295145034790039062e-01
3.091270923614501953e-01
2.965245246887207031e-01
1.927921772003173828e-01
1.999676227569580078e-01
1.900951862335205078e-01
3.102123737335205078e-01
1.937110424041748047e-01
1.949887275695800781e-01
2.028195858001708984e-01
1.968402862548828125e-01
3.270409107208251953e-01
2.115838527679443359e-01
3.463761806488037109e-01
2.000942230224609375e-01
3.315112590789794922e-01
3.505117893218994141e-01
1.863324642181396484e-01
3.255383968353271484e-01
2.294573783874511719e-01
3.087003231048583984e-01
1.984741687774658203e-01
1.977632045745849609e-01
2.028207778930664062e-01
3.070466518402099609e-01
1.849629878997802734e-01
3.087306022644042969e-01
1.994314193725585938e-01
1.959064006805419922e-01
3.401770591735839844e-01
2.812399864196777344e-01
1.904740333557128906e-01
2.080655097961425781e-01
2.103984355926513672e-01
3.360967636108398438e-01
1.949563026428222656e-01
3.021998405456542969e-01
1.905040740966796875e-01
1.890268325805664062e-01
1.952750682830810547e-01
1.929707527160644531e-01
3.564584255218505859e-01
1.997935771942138672e-01
2.011389732360839844e-01
1.967897415161132812e-01
1.897590160369873047e-01
3.344836235046386719e-01
1.879701614379882812e-01
3.010005950927734375e-01
3.504085540771484375e-01
8.813095092773437500e-02
3.582112789154052734e-01
3.095922470092773438e-01
2.128617763519287109e-01
3.417356014251708984e-01
2.057030200958251953e-01
3.717241287231445312e-01
1.979653835296630859e-01
3.377954959869384766e-01
2.051024436950683594e-01
2.080719470977783203e-01
2.153992652893066406e-01
3.188149929046630859e-01
