1.826548576354980469e-01
1.752243041992187500e-01
1.788153648376464844e-01
2.865924835205078125e-01
1.808722019195556641e-01
1.770431995391845703e-01
1.829113960266113281e-01
1.761758327484130859e-01
1.832394599914550781e-01
1.819472312927246094e-01
1.806862354278564453e-01
1.867942810058593750e-01
2.994525432586669922e-01
1.904554367065429688e-01
2.892558574676513672e-01
1.848506927490234375e-01
1.871557235717773438e-01
1.857714653015136719e-01
1.917247772216796875e-01
3.033983707427978516e-01
1.851017475128173828e-01
1.868681907653808594e-01
1.804478168487548828e-01
1.853513717651367188e-01
1.907682418823242188e-01
2.858707904815673828e-01
2.763359546661376953e-01
1.776461601257324219e-01
2.874665260314941406e-01
1.721878051757812500e-01
2.904345989227294922e-01
1.823344230651855469e-01
1.819245815277099609e-01
1.809403896331787109e-01
1.811778545379638672e-01
1.799256801605224609e-01
2.898983955383300781e-01
1.801791191101074219e-01
2.935323715209960938e-01
2.832322120666503906e-01
2.912786006927490234e-01
2.915484905242919922e-01
2.854595184326171875e-01
1.826949119567871094e-01
1.740772724151611328e-01
1.824319362640380859e-01
3.079605102539062500e-01
1.799979209899902344e-01
1.914274692535400391e-01
1.797907352447509766e-01
1.782586574554443359e-01
3.053779602050781250e-01
1.767747402191162109e-01
3.027584552764892578e-01
1.787374019622802734e-01
2.721998691558837891e-01
1.789309978485107422e-01
3.003058433532714844e-01
1.883873939514160156e-01
2.970247268676757812e-01
2.839257717132568359e-01
2.916073799133300781e-01
3.026349544525146484e-01
2.977116107940673828e-01
1.845245361328125000e-01
2.946794033050537109e-01
1.799385547637939453e-01
2.901337146759033203e-01
1.840984821319580078e-01
2.941353321075439453e-01
2.917499542236328125e-01
3.031754493713378906e-01
3.072342872619628906e-01
3.001704216003417969e-01
1.758141517639160156e-01
2.882490158081054688e-01
1.823644638061523438e-01
1.814367771148681641e-01
1.849782466888427734e-01
1.791162490844726562e-01
1.873161792755126953e-01
4.463672637939453125e-02
2.009596824645996094e-01
2.043266296386718750e-01
2.033197879791259766e-01
2.033469676971435547e-01
2.066226005554199219e-01
3.208627700805664062e-01
3.357856273651123047e-01
3.057222366333007812e-01
3.141512870788574219e-01
3.274729251861572266e-01
3.316605091094970703e-01
3.170542716979980469e-01
3.321022987365722656e-01
3.224642276763916016e-01
3.145105838775634766e-01
3.232126235961914062e-01
3.471255302429199219e-01
2.017285823822021484e-01
2.020587921142578125e-01
3.357026576995849609e-01
1.978316307067871094e-01
3.254015445709228516e-01
2.004327774047851562e-01
1.899244785308837891e-01
3.275320529937744141e-01
1.960361003875732422e-01
3.238110542297363281e-01
2.402000427246093750e-01
1.960608959197998047e-01
1.969273090362548828e-01
3.167541027069091797e-01
3.005785942077636719e-01
3.122420310974121094e-01
2.982113361358642578e-01
3.134365081787109375e-01
3.126504421234130859e-01
3.057677745819091797e-01
3.338260650634765625e-01
3.106923103332519531e-01
3.056049346923828125e-01
1.999826431274414062e-01
2.173647880554199219e-01
1.974520683288574219e-01
2.023954391479492188e-01
1.996915340423583984e-01
3.151986598968505859e-01
1.946485042572021484e-01
1.915113925933837891e-01
2.739248275756835938e-01
3.122539520263671875e-01
1.937367916107177734e-01
1.861648559570312500e-01
3.133566379547119141e-01
2.524237632751464844e-01
3.068530559539794922e-01
3.038873672485351562e-01
1.898312568664550781e-01
3.030421733856201172e-01
3.136804103851318359e-01
1.959795951843261719e-01
3.355658054351806641e-01
1.962409019470214844e-01
3.424623012542724609e-01
3.116791248321533203e-01
1.921875476837158203e-01
3.113121986389160156e-01
1.980531215667724609e-01
3.093318939208984375e-01
1.891798973083496094e-01
1.956865787506103516e-01
1.933803558349609375e-01
2.214546203613281250e-01
3.219969272613525391e-01
2.890155315399169922e-01
1.916339397430419922e-01
1.911165714263916016e-01
2.003314495086669922e-01
3.401219844818115234e-01
2.984054088592529297e-01
3.398041725158691406e-01
2.343108654022216797e-01
7.272624969482421875e-02
3.352084159851074219e-01
2.599480152130126953e-01
2.240996360778808594e-01
2.194800376892089844e-01
2.339429855346679688e-01
3.267800807952880859e-01
3.184082508087158203e-01
2.129004001617431641e-01
3.310923576354980469e-01
2.157144546508789062e-01
2.230999469757080078e-01
3.784797191619873047e-01
2.111322879791259766e-01
3.269472122192382812e-01
2.099053859710693359e-01
2.199134826660156250e-01
2.143654823303222656e-01
3.431408405303955078e-01
3.232274055480957031e-01
3.305904865264892578e-01
3.314752578735351562e-01
3.347454071044921875e-01
3.639743328094482422e-01
2.872912883758544922e-01
3.343210220336914062e-01
3.269281387329101562e-01
3.852651119232177734e-01
3.034749031066894531e-01
2.127976417541503906e-01
2.113940715789794922e-01
2.132081985473632812e-01
2.056496143341064453e-01
3.215005397796630859e-01
2.072656154632568359e-01
3.063466548919677734e-01
2.083551883697509766e-01
2.165701389312744141e-01
2.049884796142578125e-01
1.983118057250976562e-01
2.137506008148193359e-01
2.058784961700439453e-01
2.195069789886474609e-01
2.077031135559082031e-01
1.946873664855957031e-01
1.986968517303466797e-01
1.992735862731933594e-01
3.721559047698974609e-01
3.306827545166015625e-01
2.029974460601806641e-01
3.291132450103759766e-01
2.464954853057861328e-01
3.236470222473144531e-01
2.202577590942382812e-01
2.232887744903564453e-01
3.221940994262695312e-01
2.071275711059570312e-01
2.059113979339599609e-01
2.314095497131347656e-01
2.149095535278320312e-01
1.958508491516113281e-01
2.065060138702392578e-01
2.103800773620605469e-01
2.098715305328369141e-01
3.147644996643066406e-01
2.050898075103759766e-01
3.379118442535400391e-01
2.012054920196533203e-01
3.018054962158203125e-01
2.047162055969238281e-01
3.110053539276123047e-01
2.343750000000000000e-01
2.065885066986083984e-01
2.406530380249023438e-01
3.227510452270507812e-01
1.941609382629394531e-01
3.108029365539550781e-01
1.942777633666992188e-01
3.077995777130126953e-01
2.139713764190673828e-01
2.019128799438476562e-01
3.018391132354736328e-01
5.934166908264160156e-02
2.622113227844238281e-01
3.401095867156982422e-01
2.072541713714599609e-01
3.273870944976806641e-01
3.652482032775878906e-01
2.703821659088134766e-01
2.091662883758544922e-01
3.402917385101318359e-01
2.249519824981689453e-01
2.202188968658447266e-01
3.071522712707519531e-01
2.014818191528320312e-01
3.183031082153320312e-01
3.125324249267578125e-01
2.001409530639648438e-01
3.251447677612304688e-01
3.172042369842529297e-01
2.057251930236816406e-01
3.137006759643554688e-01
2.021777629852294922e-01
2.024159431457519531e-01
3.536388874053955078e-01
3.318388462066650391e-01
2.021145820617675781e-01
1.996400356292724609e-01
1.991255283355712891e-01
3.233189582824707031e-01
2.043445110321044922e-01
2.022244930267333984e-01
2.247271537780761719e-01
2.083902359008789062e-01
1.997971534729003906e-01
3.205797672271728516e-01
2.325532436370849609e-01
2.571341991424560547e-01
2.069718837738037109e-01
2.071702480316162109e-01
2.099618911743164062e-01
2.180106639862060547e-01
2.137532234191894531e-01
3.230822086334228516e-01
1.995646953582763672e-01
3.187313079833984375e-01
1.968963146209716797e-01
3.218257427215576172e-01
3.329870700836181641e-01
2.055335044860839844e-01
3.126993179321289062e-01
2.816033363342285156e-01
3.472456932067871094e-01
2.110333442687988281e-01
3.287396430969238281e-01
3.503222465515136719e-01
3.478219509124755859e-01
2.064890861511230469e-01
3.382804393768310547e-01
2.521188259124755859e-01
4.470560550689697266e-01
1.994636058807373047e-01
2.005686759948730469e-01
1.969134807586669922e-01
1.935849189758300781e-01
1.997530460357666016e-01
3.257687091827392578e-01
1.986362934112548828e-01
2.026283740997314453e-01
2.018244266510009766e-01
3.074002265930175781e-01
2.045907974243164062e-01
2.006580829620361328e-01
2.879550457000732422e-01
3.439269065856933594e-01
3.178765773773193359e-01
3.400776386260986328e-01
2.032616138458251953e-01
3.111469745635986328e-01
3.052165508270263672e-01
3.185622692108154297e-01
3.086876869201660156e-01
1.974356174468994141e-01
3.179073333740234375e-01
5.091643333435058594e-02
2.070965766906738281e-01
3.382906913757324219e-01
3.347003459930419922e-01
2.072677612304687500e-01
3.772566318511962891e-01
2.392182350158691406e-01
3.267693519592285156e-01
2.045135498046875000e-01
3.173398971557617188e-01
2.088258266448974609e-01
2.059617042541503906e-01
3.482706546783447266e-01
2.071099281311035156e-01
2.102069854736328125e-01
2.020599842071533203e-01
2.082080841064453125e-01
3.185322284698486328e-01
3.249974250793457031e-01
2.142324447631835938e-01
2.147326469421386719e-01
2.197282314300537109e-01
2.155039310455322266e-01
3.382651805877685547e-01
3.155033588409423828e-01
2.106716632843017578e-01
3.330483436584472656e-01
2.187337875366210938e-01
3.187005519866943359e-01
3.121435642242431641e-01
3.258109092712402344e-01
3.314945697784423828e-01
3.281121253967285156e-01
3.282995223999023438e-01
2.361516952514648438e-01
2.239589691162109375e-01
2.409195899963378906e-01
2.283883094787597656e-01
3.109209537506103516e-01
3.341367244720458984e-01
2.069494724273681641e-01
2.133183479309082031e-01
3.290507793426513672e-01
2.156441211700439453e-01
2.016129493713378906e-01
2.269961833953857422e-01
3.321666717529296875e-01
3.762214183807373047e-01
3.760862350463867188e-01
3.320975303649902344e-01
2.267732620239257812e-01
2.464883327484130859e-01
3.747212886810302734e-01
3.265230655670166016e-01
2.068226337432861328e-01
2.081258296966552734e-01
3.284354209899902344e-01
2.220003604888916016e-01
2.671697139739990234e-01
2.350640296936035156e-01
2.275180816650390625e-01
2.328791618347167969e-01
2.321181297302246094e-01
2.274749279022216797e-01
3.396811485290527344e-01
2.155106067657470703e-01
2.116017341613769531e-01
2.122049331665039062e-01
3.200092315673828125e-01
2.042284011840820312e-01
1.922881603240966797e-01
2.086274623870849609e-01
2.094595432281494141e-01
3.511013984680175781e-01
3.239855766296386719e-01
2.078273296356201172e-01
3.129868507385253906e-01
2.035279273986816406e-01
2.022600173950195312e-01
1.996688842773437500e-01
1.996624469757080078e-01
2.022342681884765625e-01
5.041575431823730469e-02
3.383636474609375000e-01
2.190649509429931641e-01
2.090895175933837891e-01
2.141163349151611328e-01
2.104954719543457031e-01
2.051699161529541016e-01
2.507135868072509766e-01
2.111859321594238281e-01
2.212309837341308594e-01
2.027585506439208984e-01
2.046356201171875000e-01
2.067747116088867188e-01
2.111461162567138672e-01
1.990199089050292969e-01
2.013201713562011719e-01
2.031605243682861328e-01
2.039558887481689453e-01
3.279426097869873047e-01
3.307719230651855469e-01
3.362474441528320312e-01
3.427896499633789062e-01
3.383383750915527344e-01
2.171366214752197266e-01
3.202953338623046875e-01
3.233747482299804688e-01
2.092568874359130859e-01
3.174550533294677734e-01
2.243082523345947266e-01
1.968920230865478516e-01
2.796137332916259766e-01
2.210693359375000000e-01
2.262804508209228516e-01
3.148930072784423828e-01
3.556745052337646484e-01
3.067421913146972656e-01
2.021842002868652344e-01
1.943719387054443359e-01
1.944169998168945312e-01
3.194506168365478516e-01
1.957819461822509766e-01
2.153661251068115234e-01
2.054975032806396484e-01
2.040834426879882812e-01
2.195487022399902344e-01
2.918329238891601562e-01
2.102563381195068359e-01
1.994996070861816406e-01
1.951904296875000000e-01
2.025868892669677734e-01
3.188483715057373047e-01
3.153009414672851562e-01
3.489341735839843750e-01
3.140544891357421875e-01
3.117761611938476562e-01
3.235983848571777344e-01
3.188109397888183594e-01
2.052965164184570312e-01
2.021870613098144531e-01
2.022035121917724609e-01
2.033059597015380859e-01
3.288075923919677734e-01
3.229787349700927734e-01
1.960709095001220703e-01
3.127467632293701172e-01
2.006573677062988281e-01
3.154993057250976562e-01
3.197107315063476562e-01
3.438661098480224609e-01
3.035917282104492188e-01
3.158483505249023438e-01
3.277456760406494141e-01
3.410623073577880859e-01
2.137296199798583984e-01
3.252823352813720703e-01
2.186307907104492188e-01
2.039313316345214844e-01
3.378565311431884766e-01
2.167661190032958984e-01
2.074067592620849609e-01
2.259116172790527344e-01
2.141373157501220703e-01
5.128288269042968750e-02
2.207870483398437500e-01
3.175280094146728516e-01
2.134718894958496094e-01
2.306520938873291016e-01
2.040176391601562500e-01
2.052495479583740234e-01
2.038161754608154297e-01
2.006490230560302734e-01
3.364548683166503906e-01
2.050275802612304688e-01
2.059576511383056641e-01
2.193143367767333984e-01
2.057185173034667969e-01
2.005159854888916016e-01
3.181591033935546875e-01
1.984286308288574219e-01
2.003066539764404297e-01
1.995310783386230469e-01
2.082269191741943359e-01
1.971144676208496094e-01
1.847064495086669922e-01
1.900460720062255859e-01
3.241364955902099609e-01
2.002847194671630859e-01
1.939449310302734375e-01
1.949226856231689453e-01
3.194184303283691406e-01
1.934745311737060547e-01
3.173758983612060547e-01
2.047836780548095703e-01
3.481395244598388672e-01
1.986360549926757812e-01
1.974327564239501953e-01
1.943449974060058594e-01
1.945142745971679688e-01
3.696973323822021484e-01
3.664541244506835938e-01
3.140811920166015625e-01
1.878948211669921875e-01
3.117978572845458984e-01
3.243734836578369141e-01
3.260581493377685547e-01
2.031886577606201172e-01
2.005338668823242188e-01
2.068903446197509766e-01
2.001371383666992188e-01
1.926903724670410156e-01
1.968171596527099609e-01
2.019603252410888672e-01
1.975860595703125000e-01
1.976833343505859375e-01
3.138296604156494141e-01
3.548028469085693359e-01
1.998715400695800781e-01
1.941339969635009766e-01
1.978051662445068359e-01
1.966130733489990234e-01
1.952712535858154297e-01
2.023158073425292969e-01
3.111884593963623047e-01
1.969382762908935547e-01
2.128832340240478516e-01
2.055599689483642578e-01
1.992938518524169922e-01
2.018942832946777344e-01
2.034127712249755859e-01
2.014470100402832031e-01
1.970405578613281250e-01
2.028586864471435547e-01
2.000994682312011719e-01
1.981396675109863281e-01
1.995007991790771484e-01
2.136096954345703125e-01
2.152469158172607422e-01
2.134344577789306641e-01
2.128226757049560547e-01
2.035160064697265625e-01
2.126288414001464844e-01
3.125574588775634766e-01
2.154850959777832031e-01
2.098882198333740234e-01
9.211564064025878906e-02
3.611438274383544922e-01
2.148206233978271484e-01
3.344290256500244141e-01
2.070081233978271484e-01
2.107334136962890625e-01
2.016639709472656250e-01
3.646886348724365234e-01
3.505337238311767578e-01
2.108056545257568359e-01
3.454623222351074219e-01
3.375854492187500000e-01
3.180842399597167969e-01
2.021069526672363281e-01
3.147137165069580078e-01
2.035007476806640625e-01
3.760762214660644531e-01
3.687992095947265625e-01
3.409237861633300781e-01
1.979241371154785156e-01
3.777625560760498047e-01
3.255021572113037109e-01
3.142471313476562500e-01
1.960458755493164062e-01
1.952412128448486328e-01
1.956751346588134766e-01
1.961750984191894531e-01
1.946046352386474609e-01
2.342169284820556641e-01
1.975958347320556641e-01
3.197748661041259766e-01
3.439090251922607422e-01
2.036995887756347656e-01
1.957750320434570312e-01
3.249852657318115234e-01
1.980698108673095703e-01
3.158459663391113281e-01
1.972243785858154297e-01
3.322849273681640625e-01
3.215568065643310547e-01
1.933732032775878906e-01
1.950409412384033203e-01
3.289034366607666016e-01
1.957278251647949219e-01
2.003831863403320312e-01
1.979553699493408203e-01
3.204274177551269531e-01
1.975743770599365234e-01
1.936583518981933594e-01
1.957297325134277344e-01
1.945426464080810547e-01
1.959717273712158203e-01
1.948010921478271484e-01
3.353052139282226562e-01
3.278708457946777344e-01
3.271548748016357422e-01
3.330075740814208984e-01
3.224439620971679688e-01
2.152636051177978516e-01
3.353648185729980469e-01
3.195157051086425781e-01
3.760452270507812500e-01
3.157541751861572266e-01
2.001087665557861328e-01
2.020132541656494141e-01
1.916763782501220703e-01
2.065854072570800781e-01
1.975109577178955078e-01
2.965734004974365234e-01
1.935102939605712891e-01
1.946837902069091797e-01
3.302702903747558594e-01
1.994285583496093750e-01
1.994199752807617188e-01
1.939530372619628906e-01
1.905627250671386719e-01
2.867906093597412109e-01
1.926078796386718750e-01
1.887586116790771484e-01
1.835720539093017578e-01
1.953318119049072266e-01
1.958019733428955078e-01
8.817791938781738281e-02
3.621044158935546875e-01
2.078361511230468750e-01
2.089552879333496094e-01
3.708159923553466797e-01
3.656344413757324219e-01
1.991069316864013672e-01
3.254325389862060547e-01
1.988196372985839844e-01
1.959340572357177734e-01
3.667557239532470703e-01
3.471255302429199219e-01
2.030804157257080078e-01
3.371760845184326172e-01
2.023558616638183594e-01
2.972018718719482422e-01
2.048604488372802734e-01
2.066326141357421875e-01
2.055981159210205078e-01
2.052218914031982422e-01
1.979196071624755859e-01
2.029578685760498047e-01
3.419511318206787109e-01
2.006247043609619141e-01
1.978027820587158203e-01
3.365094661712646484e-01
1.988537311553955078e-01
1.937081813812255859e-01
1.948337554931640625e-01
1.938877105712890625e-01
3.087747097015380859e-01
1.941902637481689453e-01
3.112227916717529297e-01
1.983361244201660156e-01
2.985389232635498047e-01
1.954770088195800781e-01
2.180500030517578125e-01
1.941854953765869141e-01
1.988680362701416016e-01
2.108404636383056641e-01
3.320858478546142578e-01
3.254969120025634766e-01
3.658471107482910156e-01
3.301181793212890625e-01
3.628375530242919922e-01
2.626836299896240234e-01
2.082428932189941406e-01
2.108414173126220703e-01
3.352260589599609375e-01
2.751207351684570312e-01
1.999356746673583984e-01
3.345155715942382812e-01
2.197749614715576172e-01
2.020640373229980469e-01
3.204324245452880859e-01
2.004222869873046875e-01
1.896562576293945312e-01
2.624230384826660156e-01
2.334601879119873047e-01
2.166397571563720703e-01
2.152302265167236328e-01
2.002303600311279297e-01
4.083290100097656250e-01
2.497525215148925781e-01
2.072241306304931641e-01
3.372948169708251953e-01
3.376104831695556641e-01
3.119416236877441406e-01
3.088233470916748047e-01
3.054428100585937500e-01
3.160727024078369141e-01
2.409765720367431641e-01
2.494857311248779297e-01
2.026309967041015625e-01
3.175830841064453125e-01
2.046356201171875000e-01
3.291988372802734375e-01
3.108904361724853516e-01
3.320636749267578125e-01
3.284809589385986328e-01
1.881361007690429688e-01
2.149829864501953125e-01
8.752989768981933594e-02
3.622734546661376953e-01
3.816032409667968750e-01
3.777432441711425781e-01
3.431024551391601562e-01
2.114186286926269531e-01
2.186419963836669922e-01
2.026932239532470703e-01
2.078230381011962891e-01
3.802952766418457031e-01
3.401904106140136719e-01
3.651285171508789062e-01
2.095658779144287109e-01
