1.860122680664062500e-01
1.847405433654785156e-01
2.981429100036621094e-01
2.976219654083251953e-01
2.917222976684570312e-01
3.044204711914062500e-01
2.917761802673339844e-01
2.877545356750488281e-01
2.939155101776123047e-01
2.997152805328369141e-01
1.865026950836181641e-01
1.836118698120117188e-01
1.825275421142578125e-01
3.019599914550781250e-01
1.806480884552001953e-01
3.058176040649414062e-01
1.846504211425781250e-01
3.101017475128173828e-01
2.793643474578857422e-01
1.898415088653564453e-01
1.947107315063476562e-01
1.899864673614501953e-01
1.876394748687744141e-01
1.870312690734863281e-01
1.773104667663574219e-01
1.832611560821533203e-01
1.882045269012451172e-01
1.903979778289794922e-01
1.851367950439453125e-01
2.937519550323486328e-01
3.030254840850830078e-01
3.004841804504394531e-01
2.526984214782714844e-01
3.102550506591796875e-01
1.879665851593017578e-01
1.871025562286376953e-01
1.850948333740234375e-01
3.020613193511962891e-01
2.980308532714843750e-01
1.894533634185791016e-01
1.881394386291503906e-01
2.967770099639892578e-01
1.981594562530517578e-01
3.179206848144531250e-01
1.911883354187011719e-01
4.139304161071777344e-01
1.898200511932373047e-01
1.965305805206298828e-01
3.501465320587158203e-01
2.947623729705810547e-01
1.941776275634765625e-01
2.053227424621582031e-01
1.961307525634765625e-01
2.026832103729248047e-01
1.942980289459228516e-01
1.949126720428466797e-01
3.052103519439697266e-01
3.145925998687744141e-01
3.064541816711425781e-01
1.988272666931152344e-01
1.990230083465576172e-01
1.929273605346679688e-01
1.981706619262695312e-01
1.961677074432373047e-01
1.958894729614257812e-01
1.950645446777343750e-01
1.998863220214843750e-01
1.958951950073242188e-01
3.075878620147705078e-01
1.944015026092529297e-01
3.135216236114501953e-01
2.845282554626464844e-01
1.942369937896728516e-01
1.959085464477539062e-01
1.916980743408203125e-01
2.025787830352783203e-01
2.989382743835449219e-01
1.852564811706542969e-01
2.018697261810302734e-01
2.998952865600585938e-01
2.026627063751220703e-01
4.750537872314453125e-02
1.999118328094482422e-01
3.204727172851562500e-01
2.023265361785888672e-01
3.633158206939697266e-01
2.061529159545898438e-01
2.045276165008544922e-01
3.287696838378906250e-01
1.973521709442138672e-01
1.984784603118896484e-01
3.261666297912597656e-01
3.171360492706298828e-01
3.217604160308837891e-01
1.975519657135009766e-01
1.923775672912597656e-01
3.129842281341552734e-01
1.950705051422119141e-01
3.280048370361328125e-01
1.936457157135009766e-01
3.136825561523437500e-01
1.992528438568115234e-01
1.987929344177246094e-01
2.314376831054687500e-01
3.127653598785400391e-01
1.971938610076904297e-01
2.083430290222167969e-01
2.072608470916748047e-01
2.114138603210449219e-01
1.991422176361083984e-01
1.980278491973876953e-01
3.122885227203369141e-01
3.081166744232177734e-01
2.984297275543212891e-01
3.177461624145507812e-01
2.013473510742187500e-01
3.119974136352539062e-01
2.010881900787353516e-01
3.116080760955810547e-01
2.008543014526367188e-01
3.125634193420410156e-01
3.226914405822753906e-01
3.110313415527343750e-01
3.282811641693115234e-01
3.182694911956787109e-01
2.206287384033203125e-01
3.159165382385253906e-01
2.516839504241943359e-01
2.050690650939941406e-01
2.060925960540771484e-01
2.088589668273925781e-01
1.951427459716796875e-01
1.962306499481201172e-01
3.009021282196044922e-01
2.179853916168212891e-01
2.056789398193359375e-01
2.064464092254638672e-01
2.140905857086181641e-01
1.994061470031738281e-01
2.078592777252197266e-01
2.196564674377441406e-01
2.046899795532226562e-01
2.745795249938964844e-01
2.335884571075439453e-01
2.144758701324462891e-01
3.134603500366210938e-01
2.004210948944091797e-01
1.936452388763427734e-01
1.961617469787597656e-01
1.991016864776611328e-01
1.989910602569580078e-01
1.967728137969970703e-01
3.202121257781982422e-01
3.463034629821777344e-01
2.368757724761962891e-01
3.091039657592773438e-01
1.969628334045410156e-01
1.950283050537109375e-01
3.060519695281982422e-01
3.453974723815917969e-01
2.951998710632324219e-01
2.400283813476562500e-01
2.635171413421630859e-01
4.925155639648437500e-02
2.125315666198730469e-01
2.314326763153076172e-01
3.657841682434082031e-01
2.163121700286865234e-01
2.313578128814697266e-01
2.011475563049316406e-01
2.060842514038085938e-01
3.286159038543701172e-01
2.043833732604980469e-01
3.193647861480712891e-01
2.414646148681640625e-01
3.258850574493408203e-01
2.209665775299072266e-01
2.086131572723388672e-01
2.986428737640380859e-01
2.359778881072998047e-01
2.166180610656738281e-01
2.241015434265136719e-01
2.430253028869628906e-01
2.096366882324218750e-01
2.095441818237304688e-01
2.962408065795898438e-01
3.732068538665771484e-01
3.406236171722412109e-01
2.204661369323730469e-01
2.185411453247070312e-01
3.615505695343017578e-01
2.186369895935058594e-01
2.054018974304199219e-01
2.062547206878662109e-01
2.089025974273681641e-01
2.127578258514404297e-01
2.097024917602539062e-01
2.093315124511718750e-01
2.133319377899169922e-01
3.349094390869140625e-01
3.268728256225585938e-01
3.191838264465332031e-01
3.186197280883789062e-01
3.527798652648925781e-01
3.319988250732421875e-01
3.310155868530273438e-01
3.335802555084228516e-01
3.086764812469482422e-01
3.276917934417724609e-01
3.145551681518554688e-01
3.806490898132324219e-01
3.354361057281494141e-01
2.097384929656982422e-01
2.097446918487548828e-01
3.210766315460205078e-01
2.593970298767089844e-01
2.219767570495605469e-01
2.173373699188232422e-01
2.057304382324218750e-01
2.098422050476074219e-01
2.215893268585205078e-01
2.380053997039794922e-01
2.222700119018554688e-01
2.938106060028076172e-01
3.201823234558105469e-01
3.243277072906494141e-01
3.305325508117675781e-01
3.213841915130615234e-01
3.235538005828857422e-01
3.416590690612792969e-01
3.147604465484619141e-01
1.976909637451171875e-01
2.031230926513671875e-01
3.497829437255859375e-01
2.198901176452636719e-01
3.269948959350585938e-01
3.672208786010742188e-01
3.248376846313476562e-01
1.981954574584960938e-01
2.304856777191162109e-01
2.436060905456542969e-01
2.048525810241699219e-01
3.100585937500000000e-01
3.131172657012939453e-01
3.093333244323730469e-01
9.374022483825683594e-02
3.620336055755615234e-01
2.209074497222900391e-01
3.206629753112792969e-01
2.405660152435302734e-01
3.223311901092529297e-01
3.238697052001953125e-01
3.330609798431396484e-01
2.107257843017578125e-01
2.098896503448486328e-01
3.364422321319580078e-01
3.015222549438476562e-01
2.009017467498779297e-01
2.009091377258300781e-01
2.091636657714843750e-01
2.011914253234863281e-01
2.129669189453125000e-01
2.022721767425537109e-01
1.967408657073974609e-01
2.941555976867675781e-01
2.030162811279296875e-01
2.065510749816894531e-01
2.063708305358886719e-01
2.087116241455078125e-01
2.085156440734863281e-01
2.040145397186279297e-01
3.194665908813476562e-01
2.099037170410156250e-01
2.007677555084228516e-01
3.220150470733642578e-01
2.073981761932373047e-01
2.063622474670410156e-01
2.049682140350341797e-01
2.109382152557373047e-01
3.537356853485107422e-01
2.235467433929443359e-01
2.978377342224121094e-01
2.023763656616210938e-01
3.193533420562744141e-01
3.358018398284912109e-01
2.887425422668457031e-01
2.233824729919433594e-01
2.130279541015625000e-01
2.067801952362060547e-01
3.208906650543212891e-01
3.280670642852783203e-01
3.281090259552001953e-01
2.124056816101074219e-01
2.062244415283203125e-01
2.218291759490966797e-01
3.262832164764404297e-01
2.265713214874267578e-01
2.134718894958496094e-01
2.981214523315429688e-01
3.306260108947753906e-01
2.207775115966796875e-01
3.508098125457763672e-01
4.426660537719726562e-01
2.470898628234863281e-01
2.055466175079345703e-01
3.389573097229003906e-01
2.116699218750000000e-01
2.103126049041748047e-01
3.120155334472656250e-01
2.064311504364013672e-01
2.082877159118652344e-01
2.012856006622314453e-01
3.208794593811035156e-01
1.995618343353271484e-01
3.414635658264160156e-01
3.336095809936523438e-01
1.948976516723632812e-01
1.993122100830078125e-01
1.967039108276367188e-01
2.059028148651123047e-01
3.163917064666748047e-01
2.020788192749023438e-01
2.007999420166015625e-01
1.991002559661865234e-01
1.982426643371582031e-01
2.907469272613525391e-01
2.016193866729736328e-01
8.802533149719238281e-02
2.959332466125488281e-01
2.070453166961669922e-01
2.152795791625976562e-01
2.072911262512207031e-01
2.067551612854003906e-01
2.392492294311523438e-01
3.312096595764160156e-01
3.324160575866699219e-01
3.191912174224853516e-01
2.096934318542480469e-01
2.049887180328369141e-01
2.110512256622314453e-01
2.141785621643066406e-01
2.124857902526855469e-01
2.105691432952880859e-01
2.163176536560058594e-01
2.074856758117675781e-01
2.086219787597656250e-01
2.115592956542968750e-01
2.049343585968017578e-01
2.088561058044433594e-01
2.090761661529541016e-01
2.069365978240966797e-01
2.077383995056152344e-01
2.079219818115234375e-01
2.039976119995117188e-01
2.032327651977539062e-01
3.125791549682617188e-01
3.105788230895996094e-01
1.995747089385986328e-01
2.066984176635742188e-01
2.038624286651611328e-01
3.345451354980468750e-01
2.220671176910400391e-01
2.173380851745605469e-01
3.129806518554687500e-01
3.164885044097900391e-01
2.088720798492431641e-01
2.205655574798583984e-01
1.944966316223144531e-01
3.191347122192382812e-01
2.082352638244628906e-01
2.486076354980468750e-01
1.937277317047119141e-01
3.336572647094726562e-01
3.386702537536621094e-01
2.234027385711669922e-01
2.276663780212402344e-01
2.022867202758789062e-01
2.161304950714111328e-01
2.252800464630126953e-01
2.089767456054687500e-01
2.085947990417480469e-01
3.336253166198730469e-01
1.977133750915527344e-01
2.128767967224121094e-01
3.203916549682617188e-01
3.366327285766601562e-01
3.628094196319580078e-01
2.259073257446289062e-01
2.417006492614746094e-01
3.569066524505615234e-01
3.340718746185302734e-01
3.291459083557128906e-01
3.255417346954345703e-01
3.218469619750976562e-01
3.250486850738525391e-01
2.485883235931396484e-01
2.008066177368164062e-01
1.936640739440917969e-01
2.058320045471191406e-01
3.222503662109375000e-01
3.547735214233398438e-01
3.182070255279541016e-01
2.085165977478027344e-01
2.205958366394042969e-01
2.086091041564941406e-01
2.125785350799560547e-01
2.132680416107177734e-01
1.985175609588623047e-01
3.248286247253417969e-01
9.108614921569824219e-02
2.683336734771728516e-01
3.381779193878173828e-01
3.152379989624023438e-01
3.255844116210937500e-01
2.132735252380371094e-01
3.304531574249267578e-01
3.392364978790283203e-01
2.006053924560546875e-01
3.256723880767822266e-01
1.958556175231933594e-01
3.469731807708740234e-01
2.015042304992675781e-01
2.051246166229248047e-01
1.999161243438720703e-01
3.363342285156250000e-01
1.969051361083984375e-01
2.927105426788330078e-01
2.000072002410888672e-01
2.124111652374267578e-01
3.520019054412841797e-01
3.200078010559082031e-01
2.008190155029296875e-01
2.123179435729980469e-01
3.229279518127441406e-01
2.184801101684570312e-01
2.231616973876953125e-01
3.175389766693115234e-01
2.006187438964843750e-01
1.930937767028808594e-01
2.346668243408203125e-01
2.503092288970947266e-01
2.361826896667480469e-01
2.984075546264648438e-01
2.185609340667724609e-01
2.006649971008300781e-01
2.092795372009277344e-01
2.031509876251220703e-01
3.353655338287353516e-01
2.159898281097412109e-01
2.049396038055419922e-01
3.451237678527832031e-01
2.487871646881103516e-01
3.293066024780273438e-01
3.584442138671875000e-01
3.235414028167724609e-01
2.058417797088623047e-01
2.023108005523681641e-01
3.365921974182128906e-01
2.071561813354492188e-01
1.986103057861328125e-01
3.092250823974609375e-01
2.982645034790039062e-01
1.971628665924072266e-01
1.994905471801757812e-01
3.200268745422363281e-01
2.014560699462890625e-01
3.165092468261718750e-01
3.130254745483398438e-01
2.092378139495849609e-01
3.123357295989990234e-01
2.122828960418701172e-01
2.470259666442871094e-01
1.961152553558349609e-01
2.014150619506835938e-01
2.010741233825683594e-01
2.042517662048339844e-01
2.043788433074951172e-01
3.098495006561279297e-01
1.992886066436767578e-01
3.176770210266113281e-01
3.126454353332519531e-01
2.088506221771240234e-01
3.199303150177001953e-01
3.170707225799560547e-01
2.117598056793212891e-01
2.854199409484863281e-01
1.950142383575439453e-01
3.180000782012939453e-01
1.981244087219238281e-01
3.055150508880615234e-01
2.012009620666503906e-01
8.859562873840332031e-02
3.334481716156005859e-01
3.867142200469970703e-01
3.559007644653320312e-01
3.300454616546630859e-01
2.020931243896484375e-01
2.060952186584472656e-01
2.078561782836914062e-01
2.091464996337890625e-01
2.052090167999267578e-01
3.730797767639160156e-01
3.653035163879394531e-01
3.369371891021728516e-01
2.070572376251220703e-01
1.975283622741699219e-01
2.021398544311523438e-01
3.448758125305175781e-01
3.506007194519042969e-01
3.307213783264160156e-01
1.997780799865722656e-01
1.980874538421630859e-01
1.850233078002929688e-01
1.934669017791748047e-01
3.197391033172607422e-01
2.008199691772460938e-01
1.926674842834472656e-01
1.921157836914062500e-01
1.968464851379394531e-01
1.907513141632080078e-01
1.952280998229980469e-01
3.509707450866699219e-01
1.938157081604003906e-01
1.994857788085937500e-01
2.026250362396240234e-01
3.428108692169189453e-01
1.900911331176757812e-01
3.631401062011718750e-01
3.627638816833496094e-01
3.110036849975585938e-01
1.937198638916015625e-01
1.993632316589355469e-01
2.026448249816894531e-01
2.025890350341796875e-01
2.088458538055419922e-01
2.009465694427490234e-01
3.437871932983398438e-01
3.469717502593994141e-01
3.159437179565429688e-01
1.992549896240234375e-01
2.009789943695068359e-01
2.066724300384521484e-01
1.966600418090820312e-01
2.019860744476318359e-01
1.995127201080322266e-01
2.066349983215332031e-01
1.993160247802734375e-01
1.982953548431396484e-01
2.001824378967285156e-01
2.003030776977539062e-01
3.246865272521972656e-01
2.027933597564697266e-01
1.938669681549072266e-01
2.024099826812744141e-01
2.123622894287109375e-01
2.067682743072509766e-01
2.019448280334472656e-01
2.045421600341796875e-01
2.141828536987304688e-01
2.094171047210693359e-01
3.733642101287841797e-01
3.252120018005371094e-01
3.262341022491455078e-01
2.004096508026123047e-01
2.082834243774414062e-01
3.257100582122802734e-01
2.138783931732177734e-01
3.182880878448486328e-01
3.240194320678710938e-01
3.469278812408447266e-01
3.201434612274169922e-01
2.123916149139404297e-01
3.182783126831054688e-01
5.006980895996093750e-02
2.043552398681640625e-01
2.116117477416992188e-01
2.039456367492675781e-01
2.031202316284179688e-01
2.084195613861083984e-01
2.016005516052246094e-01
1.979606151580810547e-01
3.426945209503173828e-01
3.190119266510009766e-01
3.505952358245849609e-01
3.356184959411621094e-01
3.170654773712158203e-01
4.421882629394531250e-01
2.305953502655029297e-01
2.053728103637695312e-01
1.990444660186767578e-01
1.954038143157958984e-01
2.053120136260986328e-01
2.202517986297607422e-01
3.660688400268554688e-01
3.443071842193603516e-01
3.057997226715087891e-01
3.399786949157714844e-01
3.430538177490234375e-01
3.372080326080322266e-01
3.022990226745605469e-01
2.016499042510986328e-01
1.939275264739990234e-01
1.952781677246093750e-01
3.167014122009277344e-01
2.087268829345703125e-01
1.927793025970458984e-01
2.035372257232666016e-01
3.550651073455810547e-01
3.146259784698486328e-01
3.154520988464355469e-01
3.194317817687988281e-01
1.986441612243652344e-01
3.202278614044189453e-01
1.934466361999511719e-01
3.082213401794433594e-01
3.186044692993164062e-01
2.007999420166015625e-01
1.972937583923339844e-01
2.955667972564697266e-01
1.967709064483642578e-01
3.441696166992187500e-01
1.922042369842529297e-01
3.420045375823974609e-01
3.497464656829833984e-01
1.995894908905029297e-01
3.252866268157958984e-01
2.144308090209960938e-01
2.055659294128417969e-01
2.089569568634033203e-01
2.162525653839111328e-01
3.115665912628173828e-01
2.442049980163574219e-01
2.688865661621093750e-01
2.233250141143798828e-01
2.142488956451416016e-01
3.526024818420410156e-01
3.501014709472656250e-01
3.422412872314453125e-01
1.946229934692382812e-01
1.983790397644042969e-01
3.531839847564697266e-01
3.090529441833496094e-01
1.935250759124755859e-01
3.108735084533691406e-01
2.000191211700439453e-01
3.343024253845214844e-01
3.078358173370361328e-01
3.068561553955078125e-01
3.334772586822509766e-01
1.941287517547607422e-01
3.096950054168701172e-01
3.310217857360839844e-01
1.923005580902099609e-01
3.033387660980224609e-01
1.981110572814941406e-01
4.807710647583007812e-02
2.077603340148925781e-01
2.091856002807617188e-01
3.450777530670166016e-01
1.992866992950439453e-01
3.698647022247314453e-01
3.478343486785888672e-01
2.121889591217041016e-01
3.237278461456298828e-01
1.955301761627197266e-01
3.686704635620117188e-01
3.614335060119628906e-01
3.558733463287353516e-01
1.977818012237548828e-01
3.523018360137939453e-01
1.991338729858398438e-01
2.084865570068359375e-01
3.502933979034423828e-01
2.035772800445556641e-01
3.597939014434814453e-01
2.047631740570068359e-01
3.210804462432861328e-01
2.087953090667724609e-01
1.973693370819091797e-01
2.042434215545654297e-01
3.345196247100830078e-01
2.006120681762695312e-01
3.303530216217041016e-01
1.943008899688720703e-01
1.911656856536865234e-01
3.380892276763916016e-01
2.010514736175537109e-01
3.270142078399658203e-01
1.919059753417968750e-01
3.103945255279541016e-01
2.077341079711914062e-01
3.335201740264892578e-01
1.931967735290527344e-01
2.022531032562255859e-01
3.208985328674316406e-01
2.006359100341796875e-01
2.237153053283691406e-01
3.598773479461669922e-01
3.224406242370605469e-01
3.504703044891357422e-01
2.216346263885498047e-01
3.281645774841308594e-01
3.430550098419189453e-01
3.321914672851562500e-01
1.950814723968505859e-01
2.100408077239990234e-01
2.227306365966796875e-01
2.356443405151367188e-01
2.069256305694580078e-01
2.060852050781250000e-01
1.996245384216308594e-01
1.922056674957275391e-01
1.959338188171386719e-01
1.924929618835449219e-01
2.300965785980224609e-01
2.115561962127685547e-01
2.010509967803955078e-01
3.895068168640136719e-01
3.194200992584228516e-01
3.716704845428466797e-01
2.373168468475341797e-01
2.139110565185546875e-01
2.032365798950195312e-01
1.967899799346923828e-01
1.942045688629150391e-01
1.976764202117919922e-01
3.220179080963134766e-01
3.118121623992919922e-01
3.605535030364990234e-01
2.045543193817138672e-01
2.163925170898437500e-01
2.113375663757324219e-01
3.062887191772460938e-01
1.951682567596435547e-01
1.968162059783935547e-01
1.928682327270507812e-01
2.149367332458496094e-01
5.251312255859375000e-02
2.154815196990966797e-01
2.257344722747802734e-01
2.126116752624511719e-01
2.038054466247558594e-01
3.473563194274902344e-01
2.025985717773437500e-01
3.186225891113281250e-01
2.133080959320068359e-01
2.031443119049072266e-01
2.055718898773193359e-01
2.052907943725585938e-01
2.070696353912353516e-01
