2.863111495971679688e-01
3.162033557891845703e-01
2.926495075225830078e-01
1.849186420440673828e-01
2.877266407012939453e-01
1.825218200683593750e-01
2.904174327850341797e-01
2.886421680450439453e-01
1.840076446533203125e-01
1.803660392761230469e-01
2.945637702941894531e-01
2.092912197113037109e-01
1.899111270904541016e-01
1.786825656890869141e-01
1.836047172546386719e-01
1.857268810272216797e-01
1.852924823760986328e-01
1.922731399536132812e-01
1.932280063629150391e-01
2.188282012939453125e-01
2.851805686950683594e-01
2.996275424957275391e-01
1.881992816925048828e-01
3.271067142486572266e-01
1.892075538635253906e-01
1.890962123870849609e-01
2.893767356872558594e-01
2.884466648101806641e-01
3.201560974121093750e-01
1.911222934722900391e-01
1.869604587554931641e-01
2.977981567382812500e-01
2.590494155883789062e-01
3.069539070129394531e-01
1.836264133453369141e-01
1.920697689056396484e-01
3.002271652221679688e-01
2.202868461608886719e-01
2.045829296112060547e-01
2.989196777343750000e-01
1.947166919708251953e-01
3.072671890258789062e-01
1.970491409301757812e-01
1.918284893035888672e-01
1.944539546966552734e-01
3.119955062866210938e-01
1.936521530151367188e-01
1.943202018737792969e-01
2.107710838317871094e-01
1.913561820983886719e-01
3.118975162506103516e-01
1.971549987792968750e-01
1.960496902465820312e-01
2.134513854980468750e-01
1.992094516754150391e-01
3.125565052032470703e-01
2.025120258331298828e-01
2.008688449859619141e-01
1.985607147216796875e-01
1.980106830596923828e-01
1.953945159912109375e-01
1.925745010375976562e-01
1.964781284332275391e-01
1.986522674560546875e-01
1.980671882629394531e-01
1.986069679260253906e-01
2.987744808197021484e-01
3.105349540710449219e-01
3.004176616668701172e-01
2.000694274902343750e-01
1.982007026672363281e-01
2.171256542205810547e-01
1.964411735534667969e-01
3.452053070068359375e-01
3.087556362152099609e-01
3.068227767944335938e-01
3.043384552001953125e-01
1.987009048461914062e-01
2.038743495941162109e-01
1.983489990234375000e-01
2.028353214263916016e-01
4.953646659851074219e-02
2.023038864135742188e-01
2.006614208221435547e-01
2.021384239196777344e-01
2.033832073211669922e-01
2.024130821228027344e-01
2.059473991394042969e-01
2.147066593170166016e-01
2.040648460388183594e-01
1.968376636505126953e-01
2.292668819427490234e-01
2.016739845275878906e-01
1.994187831878662109e-01
3.182179927825927734e-01
1.949374675750732422e-01
2.270157337188720703e-01
1.981129646301269531e-01
3.333244323730468750e-01
1.969549655914306641e-01
3.069901466369628906e-01
1.904618740081787109e-01
1.880531311035156250e-01
1.938576698303222656e-01
3.064754009246826172e-01
3.120234012603759766e-01
3.210680484771728516e-01
3.244504928588867188e-01
3.335766792297363281e-01
3.269567489624023438e-01
1.905539035797119141e-01
1.954085826873779297e-01
1.921782493591308594e-01
1.993699073791503906e-01
2.004611492156982422e-01
2.002706527709960938e-01
1.982710361480712891e-01
1.993784904479980469e-01
2.031629085540771484e-01
2.020945549011230469e-01
2.017626762390136719e-01
2.089607715606689453e-01
2.194290161132812500e-01
3.353977203369140625e-01
2.045462131500244141e-01
2.132296562194824219e-01
2.132062911987304688e-01
2.217345237731933594e-01
2.038862705230712891e-01
2.246727943420410156e-01
2.130215167999267578e-01
2.097244262695312500e-01
3.031558990478515625e-01
2.034053802490234375e-01
2.153732776641845703e-01
3.040816783905029297e-01
2.031764984130859375e-01
1.992800235748291016e-01
1.963267326354980469e-01
1.969254016876220703e-01
2.159657478332519531e-01
3.156440258026123047e-01
2.507550716400146484e-01
2.248539924621582031e-01
2.130637168884277344e-01
2.428157329559326172e-01
2.124028205871582031e-01
2.017674446105957031e-01
2.091898918151855469e-01
2.188346385955810547e-01
1.999826431274414062e-01
2.025883197784423828e-01
2.006533145904541016e-01
2.153704166412353516e-01
2.181813716888427734e-01
2.325358390808105469e-01
2.028665542602539062e-01
2.041251659393310547e-01
2.040526866912841797e-01
2.111446857452392578e-01
2.026696205139160156e-01
2.504298686981201172e-01
2.077596187591552734e-01
9.256625175476074219e-02
2.145342826843261719e-01
2.355997562408447266e-01
2.309126853942871094e-01
2.312788963317871094e-01
3.098862171173095703e-01
2.178611755371093750e-01
2.038166522979736328e-01
2.089705467224121094e-01
2.116889953613281250e-01
2.172639369964599609e-01
3.492681980133056641e-01
2.809927463531494141e-01
2.229254245758056641e-01
2.168292999267578125e-01
3.300995826721191406e-01
2.144458293914794922e-01
3.353018760681152344e-01
2.156567573547363281e-01
2.317769527435302734e-01
2.062935829162597656e-01
2.120909690856933594e-01
2.205481529235839844e-01
2.114896774291992188e-01
2.070844173431396484e-01
2.214488983154296875e-01
2.128684520721435547e-01
2.736251354217529297e-01
3.717184066772460938e-01
3.209514617919921875e-01
2.010309696197509766e-01
2.088582515716552734e-01
2.063312530517578125e-01
2.032597064971923828e-01
1.982970237731933594e-01
1.986916065216064453e-01
2.000846862792968750e-01
2.141225337982177734e-01
2.015891075134277344e-01
1.985247135162353516e-01
2.213323116302490234e-01
2.049531936645507812e-01
2.130448818206787109e-01
2.106163501739501953e-01
1.992592811584472656e-01
2.039194107055664062e-01
2.075710296630859375e-01
3.448305130004882812e-01
2.268731594085693359e-01
2.019836902618408203e-01
3.515405654907226562e-01
2.070651054382324219e-01
2.350299358367919922e-01
3.221642971038818359e-01
2.070486545562744141e-01
1.952974796295166016e-01
3.337771892547607422e-01
2.100009918212890625e-01
2.323062419891357422e-01
2.148842811584472656e-01
1.912531852722167969e-01
1.999237537384033203e-01
1.975290775299072266e-01
2.138912677764892578e-01
1.952629089355468750e-01
2.009639739990234375e-01
2.229001522064208984e-01
2.062962055206298828e-01
1.941192150115966797e-01
1.953802108764648438e-01
1.941313743591308594e-01
2.144885063171386719e-01
1.980476379394531250e-01
3.489553928375244141e-01
1.949584484100341797e-01
2.840797901153564453e-01
1.858713626861572266e-01
1.969497203826904297e-01
1.855576038360595703e-01
2.911753654479980469e-01
1.922714710235595703e-01
2.903459072113037109e-01
4.925847053527832031e-02
3.754043579101562500e-01
2.360477447509765625e-01
2.101023197174072266e-01
3.241002559661865234e-01
2.079164981842041016e-01
2.400386333465576172e-01
2.243785858154296875e-01
2.087204456329345703e-01
2.133691310882568359e-01
2.137799263000488281e-01
1.879117488861083984e-01
3.407220840454101562e-01
2.071139812469482422e-01
2.062339782714843750e-01
2.025721073150634766e-01
2.080502510070800781e-01
2.089619636535644531e-01
3.363060951232910156e-01
2.921061515808105469e-01
1.985590457916259766e-01
2.091536521911621094e-01
2.078917026519775391e-01
2.124929428100585938e-01
3.106808662414550781e-01
2.049417495727539062e-01
2.039835453033447266e-01
2.027413845062255859e-01
2.052114009857177734e-01
2.048888206481933594e-01
2.022256851196289062e-01
2.017571926116943359e-01
3.063123226165771484e-01
2.032425403594970703e-01
3.656661510467529297e-01
3.489356040954589844e-01
1.955523490905761719e-01
3.069629669189453125e-01
1.965231895446777344e-01
3.264091014862060547e-01
2.083101272583007812e-01
2.552576065063476562e-01
1.938598155975341797e-01
1.939334869384765625e-01
1.916456222534179688e-01
2.034456729888916016e-01
2.025597095489501953e-01
3.206269741058349609e-01
3.062317371368408203e-01
1.922698020935058594e-01
3.191843032836914062e-01
3.188483715057373047e-01
3.157117366790771484e-01
2.672340869903564453e-01
3.520267009735107422e-01
3.214650154113769531e-01
2.229228019714355469e-01
3.411750793457031250e-01
3.373284339904785156e-01
2.718324661254882812e-01
2.952098846435546875e-01
3.238022327423095703e-01
1.894590854644775391e-01
1.890132427215576172e-01
3.226830959320068359e-01
1.904244422912597656e-01
3.128759860992431641e-01
1.987471580505371094e-01
1.953854560852050781e-01
2.033443450927734375e-01
1.901209354400634766e-01
1.859316825866699219e-01
1.910872459411621094e-01
1.924445629119873047e-01
1.982402801513671875e-01
1.935641765594482422e-01
1.931440830230712891e-01
1.916000843048095703e-01
1.955420970916748047e-01
1.962745189666748047e-01
1.942501068115234375e-01
1.948492527008056641e-01
4.679012298583984375e-02
2.033703327178955078e-01
2.084949016571044922e-01
2.102687358856201172e-01
2.098009586334228516e-01
2.177586555480957031e-01
3.346865177154541016e-01
2.027831077575683594e-01
2.131557464599609375e-01
2.085602283477783203e-01
2.099330425262451172e-01
3.237490653991699219e-01
2.013211250305175781e-01
1.995704174041748047e-01
2.047424316406250000e-01
1.975634098052978516e-01
2.064819335937500000e-01
1.997859477996826172e-01
2.018985748291015625e-01
1.990573406219482422e-01
1.977198123931884766e-01
2.017381191253662109e-01
2.013444900512695312e-01
2.034294605255126953e-01
1.953132152557373047e-01
2.043890953063964844e-01
2.122740745544433594e-01
2.109735012054443359e-01
2.038059234619140625e-01
2.073166370391845703e-01
2.008190155029296875e-01
1.984131336212158203e-01
1.985018253326416016e-01
2.075426578521728516e-01
3.276314735412597656e-01
2.232625484466552734e-01
2.106227874755859375e-01
3.230416774749755859e-01
3.168721199035644531e-01
2.336139678955078125e-01
1.998617649078369141e-01
3.223981857299804688e-01
2.105593681335449219e-01
3.251981735229492188e-01
2.035541534423828125e-01
3.311967849731445312e-01
2.267975807189941406e-01
3.584470748901367188e-01
3.384325504302978516e-01
2.122130393981933594e-01
3.199653625488281250e-01
2.166790962219238281e-01
2.215731143951416016e-01
2.130179405212402344e-01
2.073905467987060547e-01
2.008588314056396484e-01
3.143754005432128906e-01
2.112681865692138672e-01
2.608413696289062500e-01
2.492325305938720703e-01
3.215403556823730469e-01
2.263035774230957031e-01
2.366132736206054688e-01
2.482912540435791016e-01
3.236517906188964844e-01
2.034680843353271484e-01
2.109541893005371094e-01
3.232383728027343750e-01
3.173775672912597656e-01
3.140113353729248047e-01
3.131265640258789062e-01
2.117598056793212891e-01
3.038043975830078125e-01
3.255951404571533203e-01
2.845146656036376953e-01
2.026131153106689453e-01
2.206053733825683594e-01
2.103626728057861328e-01
2.519459724426269531e-01
2.014687061309814453e-01
2.761850357055664062e-01
2.588596343994140625e-01
5.050945281982421875e-02
2.306046485900878906e-01
2.201745510101318359e-01
3.105304241180419922e-01
2.167925834655761719e-01
2.121081352233886719e-01
2.078957557678222656e-01
2.094440460205078125e-01
2.090487480163574219e-01
3.458585739135742188e-01
2.040431499481201172e-01
2.089862823486328125e-01
3.293299674987792969e-01
2.110381126403808594e-01
2.017087936401367188e-01
3.549242019653320312e-01
2.012181282043457031e-01
2.203567028045654297e-01
2.257885932922363281e-01
3.262071609497070312e-01
2.224049568176269531e-01
2.156286239624023438e-01
3.075695037841796875e-01
2.138774394989013672e-01
2.080211639404296875e-01
2.149143218994140625e-01
2.130115032196044922e-01
2.215225696563720703e-01
3.284924030303955078e-01
2.031412124633789062e-01
2.933213710784912109e-01
2.557101249694824219e-01
2.312214374542236328e-01
3.232188224792480469e-01
2.210252285003662109e-01
2.158834934234619141e-01
2.215490341186523438e-01
2.139523029327392578e-01
3.339214324951171875e-01
3.339095115661621094e-01
2.142579555511474609e-01
2.090713977813720703e-01
2.568039894104003906e-01
2.231867313385009766e-01
2.262015342712402344e-01
2.233664989471435547e-01
2.097289562225341797e-01
3.285279273986816406e-01
3.386909961700439453e-01
2.058677673339843750e-01
2.018399238586425781e-01
2.023303508758544922e-01
3.478960990905761719e-01
3.096177577972412109e-01
3.047900199890136719e-01
1.964123249053955078e-01
3.065567016601562500e-01
1.977210044860839844e-01
2.007222175598144531e-01
1.918506622314453125e-01
2.073600292205810547e-01
3.288991451263427734e-01
1.944799423217773438e-01
1.958670616149902344e-01
1.965475082397460938e-01
1.994102001190185547e-01
2.020163536071777344e-01
3.053395748138427734e-01
3.146941661834716797e-01
1.955342292785644531e-01
2.104883193969726562e-01
2.004954814910888672e-01
3.443071842193603516e-01
2.914681434631347656e-01
2.110097408294677734e-01
2.175457477569580078e-01
1.926970481872558594e-01
3.076131343841552734e-01
3.217737674713134766e-01
3.248243331909179688e-01
2.001843452453613281e-01
3.274707794189453125e-01
5.164289474487304688e-02
2.153341770172119141e-01
3.456768989562988281e-01
3.365981578826904297e-01
2.161238193511962891e-01
3.354799747467041016e-01
2.047722339630126953e-01
3.715929985046386719e-01
3.280470371246337891e-01
2.056181430816650391e-01
3.681206703186035156e-01
3.592498302459716797e-01
3.628273010253906250e-01
3.291184902191162109e-01
2.681086063385009766e-01
2.039365768432617188e-01
3.541443347930908203e-01
3.527128696441650391e-01
2.795863151550292969e-01
1.979103088378906250e-01
3.626558780670166016e-01
2.986845970153808594e-01
3.125700950622558594e-01
1.916570663452148438e-01
1.976344585418701172e-01
1.941161155700683594e-01
3.082249164581298828e-01
3.327515125274658203e-01
1.928412914276123047e-01
1.970479488372802734e-01
2.029182910919189453e-01
1.986222267150878906e-01
2.817978858947753906e-01
2.050337791442871094e-01
1.980447769165039062e-01
1.975657939910888672e-01
2.017211914062500000e-01
2.043058872222900391e-01
2.002718448638916016e-01
1.916663646697998047e-01
3.280279636383056641e-01
3.258156776428222656e-01
3.454463481903076172e-01
3.306181430816650391e-01
3.100609779357910156e-01
2.038137912750244141e-01
1.990084648132324219e-01
1.954164505004882812e-01
3.270821571350097656e-01
3.210539817810058594e-01
3.318657875061035156e-01
1.980772018432617188e-01
1.980705261230468750e-01
1.989655494689941406e-01
2.484800815582275391e-01
1.978018283843994141e-01
2.005717754364013672e-01
2.014002799987792969e-01
1.963646411895751953e-01
3.303310871124267578e-01
1.965262889862060547e-01
3.239061832427978516e-01
2.054674625396728516e-01
3.222560882568359375e-01
2.017953395843505859e-01
2.028932571411132812e-01
2.051417827606201172e-01
2.067801952362060547e-01
2.049553394317626953e-01
2.125921249389648438e-01
2.047452926635742188e-01
1.997416019439697266e-01
1.975634098052978516e-01
2.242789268493652344e-01
2.174818515777587891e-01
2.281835079193115234e-01
2.242593765258789062e-01
2.154047489166259766e-01
2.197036743164062500e-01
2.106482982635498047e-01
2.182209491729736328e-01
2.201261520385742188e-01
4.957962036132812500e-02
2.036433219909667969e-01
3.308429718017578125e-01
3.540172576904296875e-01
2.040975093841552734e-01
2.108609676361083984e-01
1.954739093780517578e-01
1.963541507720947266e-01
1.908049583435058594e-01
3.397474288940429688e-01
2.110996246337890625e-01
3.393080234527587891e-01
1.986851692199707031e-01
1.971044540405273438e-01
2.025742530822753906e-01
4.705758094787597656e-01
3.384845256805419922e-01
1.887600421905517578e-01
3.157823085784912109e-01
2.013647556304931641e-01
2.209539413452148438e-01
2.115287780761718750e-01
2.208931446075439453e-01
1.939656734466552734e-01
3.394744396209716797e-01
3.349914550781250000e-01
2.978882789611816406e-01
1.929070949554443359e-01
2.997639179229736328e-01
1.947484016418457031e-01
3.139822483062744141e-01
1.962475776672363281e-01
3.146486282348632812e-01
3.094942569732666016e-01
1.941585540771484375e-01
1.932315826416015625e-01
1.930017471313476562e-01
1.996622085571289062e-01
1.915609836578369141e-01
2.533237934112548828e-01
3.346033096313476562e-01
3.154442310333251953e-01
1.983237266540527344e-01
2.927122116088867188e-01
3.254342079162597656e-01
1.854882240295410156e-01
3.301103115081787109e-01
3.488461971282958984e-01
3.210473060607910156e-01
1.960403919219970703e-01
1.926739215850830078e-01
1.890568733215332031e-01
2.923150062561035156e-01
2.104427814483642578e-01
3.105547428131103516e-01
1.991710662841796875e-01
3.229551315307617188e-01
2.071995735168457031e-01
2.018821239471435547e-01
2.124321460723876953e-01
3.119096755981445312e-01
2.234623432159423828e-01
2.023935317993164062e-01
2.113389968872070312e-01
2.166817188262939453e-01
1.960508823394775391e-01
3.159785270690917969e-01
2.053396701812744141e-01
2.037253379821777344e-01
3.080103397369384766e-01
2.004609107971191406e-01
1.931643486022949219e-01
1.909346580505371094e-01
1.995635032653808594e-01
3.365085124969482422e-01
3.161072731018066406e-01
1.943426132202148438e-01
1.886463165283203125e-01
1.896417140960693359e-01
3.099083900451660156e-01
1.955466270446777344e-01
3.136377334594726562e-01
4.715204238891601562e-02
2.059135437011718750e-01
3.615789413452148438e-01
3.410804271697998047e-01
3.696298599243164062e-01
3.640697002410888672e-01
1.981627941131591797e-01
2.056076526641845703e-01
2.003231048583984375e-01
1.995482444763183594e-01
1.985385417938232422e-01
2.036838531494140625e-01
1.954753398895263672e-01
2.030873298645019531e-01
1.969280242919921875e-01
1.922044754028320312e-01
1.962583065032958984e-01
1.945998668670654297e-01
2.072513103485107422e-01
2.012991905212402344e-01
3.217699527740478516e-01
3.090817928314208984e-01
3.269877433776855469e-01
3.396863937377929688e-01
1.960926055908203125e-01
1.983194351196289062e-01
1.954379081726074219e-01
1.910462379455566406e-01
1.927161216735839844e-01
3.085379600524902344e-01
1.985356807708740234e-01
2.012863159179687500e-01
3.283114433288574219e-01
1.935131549835205078e-01
1.944415569305419922e-01
2.004272937774658203e-01
1.979594230651855469e-01
3.096847534179687500e-01
1.961255073547363281e-01
2.107026576995849609e-01
2.048721313476562500e-01
3.190011978149414062e-01
1.979513168334960938e-01
2.477576732635498047e-01
3.688979148864746094e-01
3.194892406463623047e-01
2.172300815582275391e-01
2.237813472747802734e-01
2.498474121093750000e-01
2.322676181793212891e-01
3.443152904510498047e-01
2.160100936889648438e-01
2.092156410217285156e-01
3.224856853485107422e-01
3.184375762939453125e-01
3.158252239227294922e-01
1.916542053222656250e-01
3.217122554779052734e-01
1.871309280395507812e-01
3.024814128875732422e-01
2.024343013763427734e-01
3.334286212921142578e-01
2.747163772583007812e-01
2.166981697082519531e-01
3.358480930328369141e-01
2.161130905151367188e-01
2.557568550109863281e-01
3.124918937683105469e-01
1.967720985412597656e-01
1.902039051055908203e-01
3.139667510986328125e-01
2.014446258544921875e-01
1.935706138610839844e-01
3.614273071289062500e-01
2.022466659545898438e-01
2.006793022155761719e-01
2.134120464324951172e-01
3.026759624481201172e-01
1.992409229278564453e-01
1.891927719116210938e-01
1.923739910125732422e-01
3.148674964904785156e-01
5.489492416381835938e-02
2.228713035583496094e-01
3.503055572509765625e-01
2.102012634277343750e-01
2.058486938476562500e-01
2.105634212493896484e-01
2.083632946014404297e-01
2.035472393035888672e-01
2.106897830963134766e-01
2.097716331481933594e-01
2.037305831909179688e-01
2.007262706756591797e-01
1.959218978881835938e-01
