2.848889827728271484e-01
3.228290081024169922e-01
1.776320934295654297e-01
1.804304122924804688e-01
1.804945468902587891e-01
2.989358901977539062e-01
1.789829730987548828e-01
1.784753799438476562e-01
2.761867046356201172e-01
2.938818931579589844e-01
2.972221374511718750e-01
2.976925373077392578e-01
1.805772781372070312e-01
2.982854843139648438e-01
2.987494468688964844e-01
3.061487674713134766e-01
3.071463108062744141e-01
3.096573352813720703e-01
2.037608623504638672e-01
3.005709648132324219e-01
2.929332256317138672e-01
1.919939517974853516e-01
3.066337108612060547e-01
1.807093620300292969e-01
2.928667068481445312e-01
1.876630783081054688e-01
1.841104030609130859e-01
1.820471286773681641e-01
1.863186359405517578e-01
1.799538135528564453e-01
1.865303516387939453e-01
2.978768348693847656e-01
3.001732826232910156e-01
3.064782619476318359e-01
3.003907203674316406e-01
2.929711341857910156e-01
2.090160846710205078e-01
2.961792945861816406e-01
1.917598247528076172e-01
1.848130226135253906e-01
2.194461822509765625e-01
1.865885257720947266e-01
1.903030872344970703e-01
3.007388114929199219e-01
3.003168106079101562e-01
2.944254875183105469e-01
3.972785472869873047e-01
3.134036064147949219e-01
2.978982925415039062e-01
2.630596160888671875e-01
2.994644641876220703e-01
2.960402965545654297e-01
2.893044948577880859e-01
3.118481636047363281e-01
3.000245094299316406e-01
1.895451545715332031e-01
3.040466308593750000e-01
1.827778816223144531e-01
2.906405925750732422e-01
2.926316261291503906e-01
2.860741615295410156e-01
1.742589473724365234e-01
2.896428108215332031e-01
1.831498146057128906e-01
2.913470268249511719e-01
1.808559894561767578e-01
1.878457069396972656e-01
1.838421821594238281e-01
1.805303096771240234e-01
1.776390075683593750e-01
1.790747642517089844e-01
2.010238170623779297e-01
3.044369220733642578e-01
3.006057739257812500e-01
2.846641540527343750e-01
3.003566265106201172e-01
2.863802909851074219e-01
3.084897994995117188e-01
1.946103572845458984e-01
1.724996566772460938e-01
1.878585815429687500e-01
8.169651031494140625e-02
3.125317096710205078e-01
3.524017333984375000e-01
3.146407604217529297e-01
3.626086711883544922e-01
2.952573299407958984e-01
3.195753097534179688e-01
3.224353790283203125e-01
1.999270915985107422e-01
1.965286731719970703e-01
3.169245719909667969e-01
1.930875778198242188e-01
3.175251483917236328e-01
1.983401775360107422e-01
3.215179443359375000e-01
2.266385555267333984e-01
2.007389068603515625e-01
1.945564746856689453e-01
3.225181102752685547e-01
3.140959739685058594e-01
3.010597229003906250e-01
3.171050548553466797e-01
3.207113742828369141e-01
3.140196800231933594e-01
1.946873664855957031e-01
1.979057788848876953e-01
3.149535655975341797e-01
2.515060901641845703e-01
2.462785243988037109e-01
1.953878402709960938e-01
1.957461833953857422e-01
1.913337707519531250e-01
1.986029148101806641e-01
2.015619277954101562e-01
2.999572753906250000e-01
1.933963298797607422e-01
3.101336956024169922e-01
1.974995136260986328e-01
3.251860141754150391e-01
2.000839710235595703e-01
3.016061782836914062e-01
3.094716072082519531e-01
2.256469726562500000e-01
2.193460464477539062e-01
3.632106781005859375e-01
2.087745666503906250e-01
2.474441528320312500e-01
3.264105319976806641e-01
3.347978591918945312e-01
3.325743675231933594e-01
3.063704967498779297e-01
2.924318313598632812e-01
2.881841659545898438e-01
2.983412742614746094e-01
2.924480438232421875e-01
3.221378326416015625e-01
1.903231143951416016e-01
2.908654212951660156e-01
2.980093955993652344e-01
3.110337257385253906e-01
1.980984210968017578e-01
3.428173065185546875e-01
3.186180591583251953e-01
3.485496044158935547e-01
2.251493930816650391e-01
2.976145744323730469e-01
3.021926879882812500e-01
3.089435100555419922e-01
3.108532428741455078e-01
2.943310737609863281e-01
2.891814708709716797e-01
2.215168476104736328e-01
2.125914096832275391e-01
2.088813781738281250e-01
2.115650177001953125e-01
1.957144737243652344e-01
1.847155094146728516e-01
1.847767829895019531e-01
3.119735717773437500e-01
3.047101497650146484e-01
3.378756046295166016e-01
3.379697799682617188e-01
8.652162551879882812e-02
3.317551612854003906e-01
3.792641162872314453e-01
3.634004592895507812e-01
3.319182395935058594e-01
3.722937107086181641e-01
3.213896751403808594e-01
3.130638599395751953e-01
2.048051357269287109e-01
3.261022567749023438e-01
3.375129699707031250e-01
3.258140087127685547e-01
3.324356079101562500e-01
3.241577148437500000e-01
3.333830833435058594e-01
3.247911930084228516e-01
3.336133956909179688e-01
3.267154693603515625e-01
3.270936012268066406e-01
2.083556652069091797e-01
1.989605426788330078e-01
2.052578926086425781e-01
3.252377510070800781e-01
3.616960048675537109e-01
3.386809825897216797e-01
3.299152851104736328e-01
3.099811077117919922e-01
3.540468215942382812e-01
2.164015769958496094e-01
2.060203552246093750e-01
3.267855644226074219e-01
2.991311550140380859e-01
3.192381858825683594e-01
1.970591545104980469e-01
1.976561546325683594e-01
2.000298500061035156e-01
1.961629390716552734e-01
3.194098472595214844e-01
1.973905563354492188e-01
3.125410079956054688e-01
3.300523757934570312e-01
2.053909301757812500e-01
2.103040218353271484e-01
2.149927616119384766e-01
2.998006343841552734e-01
3.106935024261474609e-01
3.103127479553222656e-01
2.262384891510009766e-01
2.083091735839843750e-01
3.132979869842529297e-01
2.922468185424804688e-01
2.097141742706298828e-01
2.330894470214843750e-01
2.075788974761962891e-01
2.456581592559814453e-01
1.971881389617919922e-01
3.150899410247802734e-01
2.076561450958251953e-01
3.331892490386962891e-01
2.049367427825927734e-01
1.995723247528076172e-01
2.074201107025146484e-01
2.153189182281494141e-01
2.095100879669189453e-01
3.077552318572998047e-01
3.051161766052246094e-01
2.528562545776367188e-01
3.163375854492187500e-01
2.852427959442138672e-01
3.320229053497314453e-01
2.044095993041992188e-01
2.260167598724365234e-01
3.128654956817626953e-01
3.760244846343994141e-01
3.096013069152832031e-01
3.049435615539550781e-01
2.066187858581542969e-01
3.124241828918457031e-01
2.077262401580810547e-01
2.220203876495361328e-01
2.098774909973144531e-01
2.100715637207031250e-01
9.901881217956542969e-02
3.602151870727539062e-01
2.612330913543701172e-01
2.189412117004394531e-01
3.370378017425537109e-01
3.273694515228271484e-01
2.676703929901123047e-01
3.322274684906005859e-01
3.375761508941650391e-01
3.214206695556640625e-01
3.306148052215576172e-01
1.899487972259521484e-01
3.276486396789550781e-01
3.219239711761474609e-01
2.990505695343017578e-01
3.358588218688964844e-01
3.194608688354492188e-01
3.155999183654785156e-01
3.344442844390869141e-01
1.998987197875976562e-01
3.181288242340087891e-01
3.119106292724609375e-01
3.098430633544921875e-01
3.180658817291259766e-01
3.062968254089355469e-01
3.196446895599365234e-01
1.938307285308837891e-01
1.933493614196777344e-01
1.970839500427246094e-01
1.952931880950927734e-01
3.167109489440917969e-01
3.056175708770751953e-01
3.157334327697753906e-01
3.503043651580810547e-01
3.727009296417236328e-01
3.615624904632568359e-01
1.964046955108642578e-01
2.071912288665771484e-01
3.596277236938476562e-01
3.690614700317382812e-01
2.021594047546386719e-01
3.248958587646484375e-01
3.053071498870849609e-01
1.928384304046630859e-01
1.906592845916748047e-01
3.133609294891357422e-01
2.035000324249267578e-01
2.013022899627685547e-01
3.064398765563964844e-01
1.931433677673339844e-01
3.378059864044189453e-01
3.119740486145019531e-01
2.000124454498291016e-01
2.788290977478027344e-01
3.527512550354003906e-01
3.092296123504638672e-01
2.822160720825195312e-01
3.195121288299560547e-01
1.963963508605957031e-01
3.273472785949707031e-01
1.874837875366210938e-01
3.124127388000488281e-01
2.930927276611328125e-01
3.038923740386962891e-01
3.063585758209228516e-01
1.939888000488281250e-01
2.055718898773193359e-01
2.501230239868164062e-01
4.042503833770751953e-01
3.362815380096435547e-01
3.187618255615234375e-01
3.026435375213623047e-01
3.016817569732666016e-01
3.130044937133789062e-01
1.888575553894042969e-01
1.897432804107666016e-01
1.854581832885742188e-01
1.932401657104492188e-01
3.116173744201660156e-01
3.036012649536132812e-01
2.951660156250000000e-01
3.176305294036865234e-01
8.326697349548339844e-02
3.077363967895507812e-01
3.420355319976806641e-01
3.362145423889160156e-01
3.267261981964111328e-01
3.359391689300537109e-01
3.398096561431884766e-01
2.129809856414794922e-01
2.082376480102539062e-01
2.125384807586669922e-01
3.177797794342041016e-01
2.106132507324218750e-01
1.976315975189208984e-01
3.245687484741210938e-01
3.337404727935791016e-01
3.267548084259033203e-01
3.236773014068603516e-01
3.146262168884277344e-01
3.119435310363769531e-01
3.137850761413574219e-01
3.269307613372802734e-01
3.160250186920166016e-01
3.169078826904296875e-01
3.305127620697021484e-01
2.123756408691406250e-01
2.120170593261718750e-01
2.062904834747314453e-01
2.234847545623779297e-01
2.135608196258544922e-01
2.016868591308593750e-01
2.041082382202148438e-01
2.095935344696044922e-01
2.010822296142578125e-01
1.988723278045654297e-01
3.304994106292724609e-01
3.159699440002441406e-01
3.215162754058837891e-01
3.210036754608154297e-01
3.150887489318847656e-01
3.247706890106201172e-01
3.096039295196533203e-01
3.114030361175537109e-01
2.084455490112304688e-01
3.279409408569335938e-01
3.314092159271240234e-01
3.303899765014648438e-01
2.248957157135009766e-01
3.614304065704345703e-01
3.373897075653076172e-01
3.215196132659912109e-01
3.116629123687744141e-01
3.475084304809570312e-01
3.229370117187500000e-01
2.154510021209716797e-01
3.216946125030517578e-01
3.115472793579101562e-01
3.240323066711425781e-01
3.143382072448730469e-01
2.462472915649414062e-01
2.343101501464843750e-01
3.198919296264648438e-01
3.639733791351318359e-01
3.363332748413085938e-01
3.236160278320312500e-01
2.347590923309326172e-01
3.150432109832763672e-01
3.144159317016601562e-01
3.266491889953613281e-01
3.056676387786865234e-01
3.077797889709472656e-01
3.014230728149414062e-01
2.087757587432861328e-01
3.105781078338623047e-01
2.072935104370117188e-01
2.727737426757812500e-01
3.019955158233642578e-01
3.143117427825927734e-01
3.176634311676025391e-01
3.292646408081054688e-01
3.098378181457519531e-01
1.898756027221679688e-01
3.148100376129150391e-01
9.556055068969726562e-02
2.254204750061035156e-01
3.604109287261962891e-01
2.083554267883300781e-01
2.121632099151611328e-01
3.236093521118164062e-01
2.169938087463378906e-01
3.400096893310546875e-01
3.285636901855468750e-01
3.485736846923828125e-01
3.398907184600830078e-01
3.485183715820312500e-01
3.305127620697021484e-01
2.100427150726318359e-01
2.022900581359863281e-01
2.059311866760253906e-01
2.026801109313964844e-01
2.123725414276123047e-01
3.073465824127197266e-01
2.153038978576660156e-01
2.071802616119384766e-01
3.400433063507080078e-01
2.285389900207519531e-01
2.460856437683105469e-01
3.237082958221435547e-01
3.480150699615478516e-01
3.255300521850585938e-01
3.266360759735107422e-01
3.222849369049072266e-01
3.601286411285400391e-01
3.813447952270507812e-01
3.970904350280761719e-01
2.367079257965087891e-01
2.699463367462158203e-01
3.680424690246582031e-01
3.234322071075439453e-01
3.257374763488769531e-01
2.059309482574462891e-01
3.407077789306640625e-01
2.117540836334228516e-01
2.321844100952148438e-01
3.474543094635009766e-01
3.527121543884277344e-01
3.358325958251953125e-01
3.595213890075683594e-01
3.387150764465332031e-01
3.277220726013183594e-01
3.291475772857666016e-01
3.204236030578613281e-01
3.335864543914794922e-01
2.905359268188476562e-01
2.747266292572021484e-01
2.123985290527343750e-01
2.052617073059082031e-01
3.187348842620849609e-01
3.290700912475585938e-01
3.177468776702880859e-01
3.238539695739746094e-01
3.112087249755859375e-01
3.237395286560058594e-01
3.181800842285156250e-01
3.396971225738525391e-01
3.294491767883300781e-01
3.029775619506835938e-01
3.189632892608642578e-01
3.230459690093994141e-01
3.105263710021972656e-01
2.166864871978759766e-01
2.286043167114257812e-01
2.102916240692138672e-01
2.187254428863525391e-01
2.067580223083496094e-01
3.166067600250244141e-01
3.164591789245605469e-01
3.702919483184814453e-01
3.208446502685546875e-01
3.491590023040771484e-01
3.437135219573974609e-01
2.011709213256835938e-01
2.029006481170654297e-01
2.932660579681396484e-01
3.092532157897949219e-01
8.864402770996093750e-02
3.358759880065917969e-01
3.459436893463134766e-01
2.144813537597656250e-01
2.225339412689208984e-01
2.028779983520507812e-01
3.307251930236816406e-01
3.705482482910156250e-01
2.939584255218505859e-01
3.207106590270996094e-01
3.722372055053710938e-01
3.577892780303955078e-01
3.234705924987792969e-01
2.907290458679199219e-01
3.310499191284179688e-01
1.976516246795654297e-01
1.882488727569580078e-01
1.891226768493652344e-01
1.975014209747314453e-01
1.944391727447509766e-01
1.885206699371337891e-01
1.815145015716552734e-01
1.871395111083984375e-01
3.121876716613769531e-01
3.168683052062988281e-01
3.202233314514160156e-01
3.370318412780761719e-01
1.920659542083740234e-01
3.028998374938964844e-01
3.083760738372802734e-01
1.882004737854003906e-01
3.228926658630371094e-01
1.924865245819091797e-01
3.521416187286376953e-01
1.901860237121582031e-01
3.128719329833984375e-01
1.888105869293212891e-01
1.892979145050048828e-01
1.884670257568359375e-01
1.811745166778564453e-01
1.877226829528808594e-01
1.911795139312744141e-01
1.883661746978759766e-01
3.045961856842041016e-01
1.819159984588623047e-01
1.902742385864257812e-01
1.896235942840576172e-01
1.828060150146484375e-01
3.185536861419677734e-01
1.896696090698242188e-01
3.190169334411621094e-01
2.685964107513427734e-01
3.052778244018554688e-01
3.486504554748535156e-01
3.018510341644287109e-01
3.031752109527587891e-01
1.858479976654052734e-01
1.857841014862060547e-01
1.889240741729736328e-01
3.194882869720458984e-01
3.098721504211425781e-01
1.844391822814941406e-01
3.106460571289062500e-01
1.879839897155761719e-01
3.051455020904541016e-01
3.054664134979248047e-01
3.292343616485595703e-01
3.554911613464355469e-01
1.896698474884033203e-01
3.509302139282226562e-01
3.028492927551269531e-01
3.163862228393554688e-01
2.736926078796386719e-01
3.083295822143554688e-01
3.227488994598388672e-01
3.056616783142089844e-01
3.140838146209716797e-01
2.058227062225341797e-01
3.283653259277343750e-01
1.943368911743164062e-01
1.967790126800537109e-01
3.113243579864501953e-01
8.674979209899902344e-02
3.563416004180908203e-01
3.219316005706787109e-01
2.038121223449707031e-01
3.209240436553955078e-01
3.646755218505859375e-01
3.529725074768066406e-01
2.031636238098144531e-01
1.953337192535400391e-01
3.283026218414306641e-01
3.340966701507568359e-01
1.972928047180175781e-01
1.990818977355957031e-01
2.020351886749267578e-01
2.093157768249511719e-01
3.622503280639648438e-01
3.711097240447998047e-01
3.605961799621582031e-01
3.407990932464599609e-01
2.950160503387451172e-01
2.700536251068115234e-01
2.114763259887695312e-01
3.186223506927490234e-01
3.458595275878906250e-01
3.040730953216552734e-01
3.030519485473632812e-01
2.968459129333496094e-01
3.223626613616943359e-01
1.955971717834472656e-01
3.084266185760498047e-01
3.134679794311523438e-01
3.411169052124023438e-01
3.322806358337402344e-01
3.216004371643066406e-01
3.206253051757812500e-01
4.334402084350585938e-01
3.258211612701416016e-01
3.038184642791748047e-01
3.303735256195068359e-01
3.163599967956542969e-01
3.513386249542236328e-01
3.304517269134521484e-01
3.202955722808837891e-01
2.980213165283203125e-01
3.350424766540527344e-01
1.905138492584228516e-01
3.334634304046630859e-01
3.492634296417236328e-01
3.202857971191406250e-01
3.511989116668701172e-01
3.453724384307861328e-01
3.168511390686035156e-01
3.310265541076660156e-01
3.381900787353515625e-01
3.181738853454589844e-01
3.159813880920410156e-01
2.142622470855712891e-01
3.338069915771484375e-01
3.371207714080810547e-01
2.512431144714355469e-01
2.178902626037597656e-01
3.237335681915283203e-01
3.500037193298339844e-01
3.458371162414550781e-01
3.316838741302490234e-01
3.399963378906250000e-01
3.177061080932617188e-01
3.229665756225585938e-01
1.908311843872070312e-01
2.984478473663330078e-01
1.881923675537109375e-01
3.160972595214843750e-01
1.967718601226806641e-01
1.972861289978027344e-01
1.910367012023925781e-01
1.950626373291015625e-01
2.833521366119384766e-01
3.119421005249023438e-01
1.996676921844482422e-01
1.939790248870849609e-01
3.159861564636230469e-01
1.940677165985107422e-01
4.867196083068847656e-02
2.113752365112304688e-01
2.064013481140136719e-01
3.318610191345214844e-01
2.039611339569091797e-01
2.091364860534667969e-01
2.136569023132324219e-01
2.135932445526123047e-01
2.700681686401367188e-01
3.243482112884521484e-01
3.637876510620117188e-01
3.660593032836914062e-01
3.583142757415771484e-01
3.412249088287353516e-01
3.306977748870849609e-01
2.877717018127441406e-01
3.831181526184082031e-01
3.260195255279541016e-01
3.221557140350341797e-01
3.239219188690185547e-01
2.065958976745605469e-01
3.156855106353759766e-01
2.041432857513427734e-01
3.416314125061035156e-01
3.423469066619873047e-01
2.096846103668212891e-01
3.237826824188232422e-01
1.998825073242187500e-01
3.158893585205078125e-01
3.177340030670166016e-01
3.184456825256347656e-01
3.243925571441650391e-01
3.264217376708984375e-01
3.331637382507324219e-01
3.215363025665283203e-01
3.365552425384521484e-01
3.391830921173095703e-01
3.165020942687988281e-01
3.214385509490966797e-01
3.303174972534179688e-01
3.353056907653808594e-01
2.081539630889892578e-01
3.271949291229248047e-01
2.123074531555175781e-01
2.556486129760742188e-01
2.364022731781005859e-01
3.294169902801513672e-01
2.263951301574707031e-01
2.364394664764404297e-01
2.020671367645263672e-01
2.387731075286865234e-01
3.445534706115722656e-01
3.316266536712646484e-01
3.232991695404052734e-01
2.045538425445556641e-01
2.425091266632080078e-01
2.918746471405029297e-01
3.283615112304687500e-01
3.132021427154541016e-01
3.237655162811279297e-01
2.084460258483886719e-01
2.092111110687255859e-01
3.686800003051757812e-01
2.844686508178710938e-01
3.289036750793457031e-01
3.380742073059082031e-01
3.412163257598876953e-01
2.076177597045898438e-01
1.983759403228759766e-01
3.065652847290039062e-01
1.995391845703125000e-01
3.218507766723632812e-01
2.217915058135986328e-01
1.999909877777099609e-01
3.098018169403076172e-01
3.101387023925781250e-01
3.500244617462158203e-01
2.004451751708984375e-01
2.027072906494140625e-01
1.969707012176513672e-01
3.114092350006103516e-01
3.503711223602294922e-01
9.440755844116210938e-02
3.574020862579345703e-01
3.672943115234375000e-01
3.562605381011962891e-01
2.095963954925537109e-01
2.148706912994384766e-01
2.122113704681396484e-01
3.234808444976806641e-01
3.269977569580078125e-01
2.102141380310058594e-01
2.088799476623535156e-01
2.124693393707275391e-01
2.116501331329345703e-01
