1.761653423309326172e-01
1.737759113311767578e-01
1.720664501190185547e-01
1.793246269226074219e-01
1.801090240478515625e-01
1.828777790069580078e-01
1.836490631103515625e-01
1.791279315948486328e-01
1.882414817810058594e-01
1.803920269012451172e-01
1.826114654541015625e-01
1.815211772918701172e-01
1.799600124359130859e-01
1.796712875366210938e-01
1.851241588592529297e-01
1.845314502716064453e-01
1.832988262176513672e-01
2.998371124267578125e-01
1.823830604553222656e-01
2.921049594879150391e-01
1.904575824737548828e-01
1.848800182342529297e-01
1.810185909271240234e-01
1.802971363067626953e-01
1.780633926391601562e-01
2.931196689605712891e-01
2.793107032775878906e-01
2.861673831939697266e-01
1.846935749053955078e-01
1.854145526885986328e-01
2.822067737579345703e-01
1.911375522613525391e-01
3.028149604797363281e-01
1.886165142059326172e-01
2.961819171905517578e-01
1.889398097991943359e-01
3.005547523498535156e-01
1.877202987670898438e-01
1.930272579193115234e-01
1.930747032165527344e-01
2.916285991668701172e-01
1.812043190002441406e-01
1.896615028381347656e-01
1.893565654754638672e-01
3.006596565246582031e-01
1.862382888793945312e-01
1.838786602020263672e-01
2.976918220520019531e-01
1.983280181884765625e-01
1.851999759674072266e-01
2.926604747772216797e-01
3.049061298370361328e-01
2.953774929046630859e-01
3.004946708679199219e-01
2.829642295837402344e-01
2.803461551666259766e-01
1.877827644348144531e-01
1.916711330413818359e-01
1.929330825805664062e-01
1.924240589141845703e-01
1.828064918518066406e-01
1.798777580261230469e-01
1.892392635345458984e-01
2.920458316802978516e-01
2.981410026550292969e-01
1.703822612762451172e-01
3.045823574066162109e-01
1.835796833038330078e-01
1.817145347595214844e-01
1.866779327392578125e-01
3.289821147918701172e-01
1.967120170593261719e-01
1.849782466888427734e-01
1.820278167724609375e-01
1.796677112579345703e-01
3.011517524719238281e-01
1.827909946441650391e-01
1.824436187744140625e-01
2.867133617401123047e-01
1.799211502075195312e-01
2.905852794647216797e-01
4.544734954833984375e-02
2.075624465942382812e-01
3.451993465423583984e-01
2.069616317749023438e-01
2.012271881103515625e-01
2.077825069427490234e-01
2.059364318847656250e-01
2.039639949798583984e-01
1.965761184692382812e-01
1.929504871368408203e-01
3.308982849121093750e-01
2.071590423583984375e-01
2.049930095672607422e-01
2.056441307067871094e-01
2.325830459594726562e-01
3.105905055999755859e-01
2.010736465454101562e-01
3.194057941436767578e-01
1.973369121551513672e-01
1.987073421478271484e-01
2.332167625427246094e-01
3.077814579010009766e-01
1.979477405548095703e-01
2.037541866302490234e-01
3.170480728149414062e-01
2.008285522460937500e-01
2.027943134307861328e-01
2.056419849395751953e-01
2.016043663024902344e-01
3.148162364959716797e-01
3.295140266418457031e-01
1.978762149810791016e-01
1.952490806579589844e-01
3.162839412689208984e-01
1.961166858673095703e-01
2.066822052001953125e-01
2.069768905639648438e-01
2.041852474212646484e-01
2.059810161590576172e-01
2.023885250091552734e-01
2.080361843109130859e-01
3.129398822784423828e-01
2.386522293090820312e-01
3.682422637939453125e-01
3.696107864379882812e-01
3.279185295104980469e-01
2.211372852325439453e-01
3.551654815673828125e-01
3.117365837097167969e-01
2.237122058868408203e-01
2.699947357177734375e-01
3.061642646789550781e-01
3.116259574890136719e-01
3.097269535064697266e-01
3.153228759765625000e-01
3.174278736114501953e-01
2.094118595123291016e-01
3.311343193054199219e-01
2.086887359619140625e-01
2.233445644378662109e-01
2.103109359741210938e-01
3.541696071624755859e-01
3.157751560211181641e-01
2.099237442016601562e-01
3.181161880493164062e-01
2.088477611541748047e-01
2.060508728027343750e-01
1.986865997314453125e-01
1.993920803070068359e-01
3.056697845458984375e-01
3.022823333740234375e-01
2.011601924896240234e-01
3.422732353210449219e-01
2.139117717742919922e-01
2.910792827606201172e-01
2.040073871612548828e-01
3.030803203582763672e-01
2.062182426452636719e-01
2.219994068145751953e-01
2.046127319335937500e-01
3.423128128051757812e-01
2.128012180328369141e-01
5.197858810424804688e-02
2.160487174987792969e-01
3.641195297241210938e-01
2.296531200408935547e-01
2.285356521606445312e-01
3.870441913604736328e-01
3.213932514190673828e-01
2.155361175537109375e-01
2.146701812744140625e-01
3.212928771972656250e-01
3.191986083984375000e-01
3.282876014709472656e-01
3.309316635131835938e-01
2.090306282043457031e-01
3.171031475067138672e-01
2.266640663146972656e-01
3.448538780212402344e-01
2.106087207794189453e-01
2.171585559844970703e-01
3.534996509552001953e-01
2.091021537780761719e-01
3.230712413787841797e-01
2.290992736816406250e-01
3.768873214721679688e-01
3.234636783599853516e-01
2.263059616088867188e-01
2.138388156890869141e-01
2.669491767883300781e-01
3.676371574401855469e-01
2.080252170562744141e-01
3.344905376434326172e-01
2.021152973175048828e-01
2.051558494567871094e-01
3.547279834747314453e-01
3.291189670562744141e-01
1.955654621124267578e-01
2.056894302368164062e-01
2.061116695404052734e-01
1.988167762756347656e-01
3.033685684204101562e-01
2.026872634887695312e-01
1.959898471832275391e-01
2.029633522033691406e-01
1.993112564086914062e-01
1.913428306579589844e-01
3.202219009399414062e-01
1.889166831970214844e-01
2.820510864257812500e-01
2.258284091949462891e-01
3.067045211791992188e-01
1.973638534545898438e-01
2.474179267883300781e-01
3.298401832580566406e-01
3.125698566436767578e-01
3.194985389709472656e-01
3.108870983123779297e-01
3.292083740234375000e-01
3.145575523376464844e-01
2.265553474426269531e-01
3.401360511779785156e-01
1.900227069854736328e-01
1.953561305999755859e-01
3.115160465240478516e-01
3.191378116607666016e-01
2.004437446594238281e-01
2.036345005035400391e-01
2.606017589569091797e-01
2.139008045196533203e-01
2.642185688018798828e-01
2.321193218231201172e-01
2.780826091766357422e-01
3.227913379669189453e-01
2.046575546264648438e-01
3.596544265747070312e-01
2.022941112518310547e-01
2.880942821502685547e-01
3.048524856567382812e-01
3.446280956268310547e-01
3.023760318756103516e-01
3.021125793457031250e-01
3.055303096771240234e-01
2.972075939178466797e-01
5.097532272338867188e-02
2.505064010620117188e-01
2.640542984008789062e-01
2.135915756225585938e-01
3.395578861236572266e-01
2.160840034484863281e-01
3.177993297576904297e-01
2.381036281585693359e-01
2.164740562438964844e-01
3.269143104553222656e-01
2.115476131439208984e-01
1.800568103790283203e-01
1.958425045013427734e-01
1.906526088714599609e-01
1.848120689392089844e-01
1.888897418975830078e-01
1.912274360656738281e-01
1.981248855590820312e-01
1.921324729919433594e-01
1.914227008819580078e-01
3.018231391906738281e-01
3.164064884185791016e-01
3.498938083648681641e-01
3.234179019927978516e-01
3.044013977050781250e-01
3.061854839324951172e-01
1.905128955841064453e-01
2.005345821380615234e-01
1.911516189575195312e-01
1.967055797576904297e-01
1.942241191864013672e-01
3.144497871398925781e-01
1.950662136077880859e-01
2.040748596191406250e-01
2.776899337768554688e-01
3.502039909362792969e-01
2.919261455535888672e-01
3.145189285278320312e-01
3.577468395233154297e-01
3.691506385803222656e-01
2.022881507873535156e-01
3.270909786224365234e-01
3.169951438903808594e-01
3.125152587890625000e-01
1.918263435363769531e-01
2.150988578796386719e-01
1.990635395050048828e-01
3.160328865051269531e-01
1.948511600494384766e-01
1.991610527038574219e-01
2.952740192413330078e-01
3.164224624633789062e-01
2.012879848480224609e-01
3.613495826721191406e-01
3.598325252532958984e-01
3.637938499450683594e-01
3.490548133850097656e-01
2.210741043090820312e-01
2.021377086639404297e-01
3.261339664459228516e-01
1.951663494110107422e-01
1.984152793884277344e-01
1.913678646087646484e-01
1.990659236907958984e-01
2.031602859497070312e-01
3.354208469390869141e-01
3.137834072113037109e-01
3.493936061859130859e-01
1.886699199676513672e-01
1.951563358306884766e-01
3.127696514129638672e-01
3.040330410003662109e-01
1.904451847076416016e-01
3.101961612701416016e-01
1.934976577758789062e-01
3.123795986175537109e-01
3.443613052368164062e-01
2.003681659698486328e-01
1.917717456817626953e-01
1.953835487365722656e-01
3.007700443267822266e-01
1.886272430419921875e-01
5.221486091613769531e-02
2.072820663452148438e-01
2.033152580261230469e-01
2.056140899658203125e-01
2.033157348632812500e-01
2.061140537261962891e-01
3.342041969299316406e-01
3.168878555297851562e-01
3.279466629028320312e-01
3.235058784484863281e-01
3.250708580017089844e-01
2.024474143981933594e-01
3.193659782409667969e-01
3.149178028106689453e-01
3.271689414978027344e-01
2.016344070434570312e-01
3.280389308929443359e-01
1.992750167846679688e-01
3.128390312194824219e-01
2.014994621276855469e-01
2.031772136688232422e-01
3.109226226806640625e-01
2.046315670013427734e-01
2.050092220306396484e-01
2.052664756774902344e-01
3.078711032867431641e-01
1.973447799682617188e-01
3.412210941314697266e-01
1.988530158996582031e-01
3.090648651123046875e-01
1.956064701080322266e-01
3.125941753387451172e-01
1.961376667022705078e-01
3.161480426788330078e-01
2.239830493927001953e-01
3.253831863403320312e-01
1.983952522277832031e-01
2.111473083496093750e-01
2.143018245697021484e-01
2.260274887084960938e-01
3.142123222351074219e-01
2.249321937561035156e-01
2.974874973297119141e-01
2.972307205200195312e-01
2.317092418670654297e-01
2.159156799316406250e-01
3.241450786590576172e-01
2.114441394805908203e-01
2.287054061889648438e-01
2.115442752838134766e-01
3.530678749084472656e-01
2.850584983825683594e-01
2.437727451324462891e-01
2.065951824188232422e-01
2.096476554870605469e-01
2.009928226470947266e-01
2.075304985046386719e-01
2.195506095886230469e-01
3.513300418853759766e-01
3.764371871948242188e-01
3.691406250000000000e-01
3.598871231079101562e-01
3.587954044342041016e-01
3.377058506011962891e-01
2.244606018066406250e-01
2.104887962341308594e-01
2.097408771514892578e-01
2.092876434326171875e-01
2.040076255798339844e-01
2.041728496551513672e-01
1.894772052764892578e-01
3.123989105224609375e-01
2.123320102691650391e-01
3.156855106353759766e-01
2.071502208709716797e-01
2.001845836639404297e-01
2.108521461486816406e-01
2.797904014587402344e-01
2.115211486816406250e-01
3.063821792602539062e-01
3.158135414123535156e-01
2.552502155303955078e-01
8.953595161437988281e-02
2.947540283203125000e-01
3.560576438903808594e-01
3.327879905700683594e-01
3.288254737854003906e-01
3.331618309020996094e-01
3.338823318481445312e-01
2.112720012664794922e-01
3.198051452636718750e-01
2.160587310791015625e-01
2.042493820190429688e-01
2.060437202453613281e-01
2.104058265686035156e-01
3.266146183013916016e-01
3.338341712951660156e-01
3.384423255920410156e-01
3.228228092193603516e-01
2.131516933441162109e-01
2.105646133422851562e-01
3.340733051300048828e-01
3.641633987426757812e-01
3.266820907592773438e-01
3.013923168182373047e-01
3.334181308746337891e-01
2.185430526733398438e-01
2.102460861206054688e-01
2.136931419372558594e-01
2.156269550323486328e-01
2.153728008270263672e-01
2.053050994873046875e-01
3.808910846710205078e-01
3.899009227752685547e-01
2.452113628387451172e-01
2.399959564208984375e-01
2.352232933044433594e-01
2.108707427978515625e-01
2.076077461242675781e-01
3.403670787811279297e-01
2.081675529479980469e-01
3.032858371734619141e-01
3.239433765411376953e-01
2.247972488403320312e-01
3.470342159271240234e-01
2.219183444976806641e-01
3.785371780395507812e-01
3.492965698242187500e-01
2.117254734039306641e-01
3.320059776306152344e-01
2.074167728424072266e-01
2.107737064361572266e-01
2.168128490447998047e-01
2.179019451141357422e-01
2.009057998657226562e-01
2.071256637573242188e-01
2.066695690155029297e-01
2.158601284027099609e-01
2.160301208496093750e-01
2.161753177642822266e-01
2.155685424804687500e-01
2.216930389404296875e-01
2.151379585266113281e-01
3.326678276062011719e-01
3.485538959503173828e-01
2.077779769897460938e-01
2.120277881622314453e-01
2.071912288665771484e-01
2.081756591796875000e-01
2.087152004241943359e-01
3.434729576110839844e-01
2.046658992767333984e-01
2.153949737548828125e-01
2.493433952331542969e-01
3.291733264923095703e-01
1.996366977691650391e-01
3.177084922790527344e-01
2.056975364685058594e-01
3.554158210754394531e-01
3.175547122955322266e-01
2.181220054626464844e-01
2.072055339813232422e-01
2.058312892913818359e-01
2.084965705871582031e-01
5.139374732971191406e-02
2.134697437286376953e-01
2.298548221588134766e-01
3.393735885620117188e-01
2.332947254180908203e-01
2.032356262207031250e-01
2.023937702178955078e-01
2.119472026824951172e-01
2.043058872222900391e-01
3.285014629364013672e-01
3.705167770385742188e-01
3.635282516479492188e-01
3.635773658752441406e-01
3.365397453308105469e-01
3.493518829345703125e-01
3.131351470947265625e-01
2.031862735748291016e-01
1.997013092041015625e-01
2.023723125457763672e-01
2.044715881347656250e-01
2.012255191802978516e-01
1.973648071289062500e-01
1.914381980895996094e-01
1.969110965728759766e-01
1.968882083892822266e-01
3.434250354766845703e-01
3.132343292236328125e-01
3.269712924957275391e-01
3.488025665283203125e-01
3.286211490631103516e-01
3.590605258941650391e-01
3.370282649993896484e-01
2.843832969665527344e-01
3.619985580444335938e-01
3.058731555938720703e-01
1.944799423217773438e-01
3.646974563598632812e-01
3.349575996398925781e-01
1.972758769989013672e-01
1.950473785400390625e-01
2.007648944854736328e-01
3.281705379486083984e-01
2.027547359466552734e-01
3.326327800750732422e-01
1.961305141448974609e-01
3.464443683624267578e-01
1.985020637512207031e-01
1.914439201354980469e-01
1.931889057159423828e-01
1.906328201293945312e-01
2.019858360290527344e-01
1.992034912109375000e-01
3.283216953277587891e-01
3.554081916809082031e-01
2.427527904510498047e-01
1.938071250915527344e-01
3.464961051940917969e-01
3.367283344268798828e-01
2.029879093170166016e-01
2.054989337921142578e-01
1.987369060516357422e-01
1.994543075561523438e-01
1.973574161529541016e-01
1.988422870635986328e-01
2.052435874938964844e-01
2.059841156005859375e-01
2.017779350280761719e-01
2.085802555084228516e-01
2.030022144317626953e-01
2.048163414001464844e-01
1.980376243591308594e-01
1.952848434448242188e-01
3.082988262176513672e-01
3.319382667541503906e-01
2.114317417144775391e-01
2.145648002624511719e-01
3.220789432525634766e-01
3.149497509002685547e-01
3.321905136108398438e-01
2.052214145660400391e-01
2.112851142883300781e-01
2.091629505157470703e-01
4.967427253723144531e-02
2.049193382263183594e-01
2.138330936431884766e-01
2.074031829833984375e-01
2.971265316009521484e-01
2.077155113220214844e-01
2.021577358245849609e-01
2.035140991210937500e-01
1.957054138183593750e-01
2.122495174407958984e-01
2.263717651367187500e-01
1.978101730346679688e-01
1.934659481048583984e-01
3.242106437683105469e-01
2.049183845520019531e-01
2.028977870941162109e-01
1.921463012695312500e-01
1.876900196075439453e-01
1.956295967102050781e-01
1.932599544525146484e-01
2.500145435333251953e-01
1.972033977508544922e-01
3.019950389862060547e-01
1.782813072204589844e-01
1.816346645355224609e-01
1.848175525665283203e-01
1.899464130401611328e-01
3.082375526428222656e-01
3.023052215576171875e-01
3.147280216217041016e-01
1.869497299194335938e-01
2.008554935455322266e-01
2.014875411987304688e-01
1.954360008239746094e-01
1.938753128051757812e-01
1.843595504760742188e-01
1.819541454315185547e-01
3.082010746002197266e-01
2.972557544708251953e-01
1.786384582519531250e-01
3.440237045288085938e-01
1.846449375152587891e-01
1.896231174468994141e-01
2.986242771148681641e-01
1.855826377868652344e-01
1.745626926422119141e-01
1.921038627624511719e-01
1.869578361511230469e-01
3.423380851745605469e-01
3.151500225067138672e-01
3.345532417297363281e-01
2.953574657440185547e-01
1.805095672607421875e-01
2.160365581512451172e-01
1.914827823638916016e-01
1.907634735107421875e-01
2.054646015167236328e-01
2.198562622070312500e-01
2.140798568725585938e-01
3.290505409240722656e-01
1.972370147705078125e-01
2.151637077331542969e-01
3.004493713378906250e-01
1.876997947692871094e-01
1.953132152557373047e-01
3.237445354461669922e-01
1.794292926788330078e-01
3.178608417510986328e-01
1.878709793090820312e-01
1.891665458679199219e-01
2.996222972869873047e-01
3.135888576507568359e-01
1.815319061279296875e-01
1.815934181213378906e-01
1.789362430572509766e-01
1.792387962341308594e-01
1.871709823608398438e-01
1.852736473083496094e-01
3.257346153259277344e-01
2.978136539459228516e-01
1.893694400787353516e-01
1.945652961730957031e-01
9.110832214355468750e-02
3.542377948760986328e-01
3.462884426116943359e-01
1.970431804656982422e-01
3.314907550811767578e-01
2.025470733642578125e-01
3.672058582305908203e-01
3.061771392822265625e-01
1.988492012023925781e-01
3.375854492187500000e-01
3.630416393280029297e-01
2.294914722442626953e-01
3.604393005371093750e-01
3.299868106842041016e-01
3.305313587188720703e-01
2.949204444885253906e-01
3.196456432342529297e-01
1.980986595153808594e-01
3.131186962127685547e-01
1.994919776916503906e-01
3.281459808349609375e-01
1.950612068176269531e-01
3.214626312255859375e-01
1.902620792388916016e-01
3.312010765075683594e-01
3.385338783264160156e-01
3.027358055114746094e-01
3.306894302368164062e-01
3.133404254913330078e-01
1.916511058807373047e-01
2.011868953704833984e-01
2.008635997772216797e-01
1.934309005737304688e-01
3.186423778533935547e-01
2.004292011260986328e-01
3.241062164306640625e-01
2.032351493835449219e-01
1.933450698852539062e-01
3.106603622436523438e-01
2.048404216766357422e-01
2.024080753326416016e-01
3.280544281005859375e-01
3.180043697357177734e-01
3.341224193572998047e-01
3.709974288940429688e-01
3.221890926361083984e-01
3.620262145996093750e-01
3.502881526947021484e-01
2.241332530975341797e-01
2.072300910949707031e-01
2.147455215454101562e-01
2.197833061218261719e-01
2.236492633819580078e-01
1.977741718292236328e-01
2.024641036987304688e-01
3.102483749389648438e-01
3.091633319854736328e-01
1.917674541473388672e-01
1.894052028656005859e-01
2.164394855499267578e-01
2.056887149810791016e-01
2.062144279479980469e-01
2.703387737274169922e-01
1.984031200408935547e-01
3.435547351837158203e-01
3.470346927642822266e-01
2.106256484985351562e-01
3.153443336486816406e-01
1.951444149017333984e-01
1.888449192047119141e-01
1.933219432830810547e-01
2.091863155364990234e-01
3.108267784118652344e-01
1.978352069854736328e-01
3.055651187896728516e-01
3.162381649017333984e-01
2.659032344818115234e-01
2.047059535980224609e-01
3.480648994445800781e-01
3.104598522186279297e-01
3.149800300598144531e-01
3.064026832580566406e-01
5.248403549194335938e-02
3.386166095733642578e-01
2.132332324981689453e-01
3.676946163177490234e-01
3.329133987426757812e-01
3.428111076354980469e-01
2.090501785278320312e-01
3.201553821563720703e-01
3.239104747772216797e-01
3.851668834686279297e-01
3.376369476318359375e-01
2.128620147705078125e-01
2.060761451721191406e-01
