1.773300170898437500e-01
3.240108489990234375e-01
1.743314266204833984e-01
2.921545505523681641e-01
1.823894977569580078e-01
1.789050102233886719e-01
1.870346069335937500e-01
2.916305065155029297e-01
1.793801784515380859e-01
2.835361957550048828e-01
1.826229095458984375e-01
2.028398513793945312e-01
3.001821041107177734e-01
1.885411739349365234e-01
3.008158206939697266e-01
1.909651756286621094e-01
2.948353290557861328e-01
1.870460510253906250e-01
3.004069328308105469e-01
2.208342552185058594e-01
2.936539649963378906e-01
2.924780845642089844e-01
2.907762527465820312e-01
3.184397220611572266e-01
2.881829738616943359e-01
3.081851005554199219e-01
1.817240715026855469e-01
1.904442310333251953e-01
3.132092952728271484e-01
3.000724315643310547e-01
1.909453868865966797e-01
1.946372985839843750e-01
2.994754314422607422e-01
2.090172767639160156e-01
2.992269992828369141e-01
3.144640922546386719e-01
1.829369068145751953e-01
1.853401660919189453e-01
3.063828945159912109e-01
1.928565502166748047e-01
1.956651210784912109e-01
1.885576248168945312e-01
3.038568496704101562e-01
1.985511779785156250e-01
1.916799545288085938e-01
3.155617713928222656e-01
1.877889633178710938e-01
1.921799182891845703e-01
2.057950496673583984e-01
1.998617649078369141e-01
1.930406093597412109e-01
2.035150527954101562e-01
1.934561729431152344e-01
1.974372863769531250e-01
1.922094821929931641e-01
3.147635459899902344e-01
1.996386051177978516e-01
2.007331848144531250e-01
2.155551910400390625e-01
1.941168308258056641e-01
2.933254241943359375e-01
2.952401638031005859e-01
1.914677619934082031e-01
1.906549930572509766e-01
3.118097782135009766e-01
3.005790710449218750e-01
3.165869712829589844e-01
1.911325454711914062e-01
2.947192192077636719e-01
2.869634628295898438e-01
1.907339096069335938e-01
2.028388977050781250e-01
2.746930122375488281e-01
1.831018924713134766e-01
1.851158142089843750e-01
1.954214572906494141e-01
2.940478324890136719e-01
3.082940578460693359e-01
3.423991203308105469e-01
2.851071357727050781e-01
2.968714237213134766e-01
8.803462982177734375e-02
3.143169879913330078e-01
2.048563957214355469e-01
3.191142082214355469e-01
3.504025936126708984e-01
3.210477828979492188e-01
2.022185325622558594e-01
2.052676677703857422e-01
2.986102104187011719e-01
3.080480098724365234e-01
1.976439952850341797e-01
2.013251781463623047e-01
1.992728710174560547e-01
2.008719444274902344e-01
1.954395771026611328e-01
1.995143890380859375e-01
3.375856876373291016e-01
1.957311630249023438e-01
2.443423271179199219e-01
1.909461021423339844e-01
2.990121841430664062e-01
3.208441734313964844e-01
2.190124988555908203e-01
1.919882297515869141e-01
3.086056709289550781e-01
1.988177299499511719e-01
1.970124244689941406e-01
3.221294879913330078e-01
3.182098865509033203e-01
3.162193298339843750e-01
1.936726570129394531e-01
1.921758651733398438e-01
2.954404354095458984e-01
1.950428485870361328e-01
3.111443519592285156e-01
1.983828544616699219e-01
3.143680095672607422e-01
1.884729862213134766e-01
2.000796794891357422e-01
3.097774982452392578e-01
3.235714435577392578e-01
2.145841121673583984e-01
3.283078670501708984e-01
3.190965652465820312e-01
2.073988914489746094e-01
2.144789695739746094e-01
3.572175502777099609e-01
3.398606777191162109e-01
3.298239707946777344e-01
3.247430324554443359e-01
2.058527469635009766e-01
2.070279121398925781e-01
3.099088668823242188e-01
3.228964805603027344e-01
2.529902458190917969e-01
2.020733356475830078e-01
3.111531734466552734e-01
3.328950405120849609e-01
2.984321117401123047e-01
3.244724273681640625e-01
1.974506378173828125e-01
3.210220336914062500e-01
2.196092605590820312e-01
3.579437732696533203e-01
2.021057605743408203e-01
1.937413215637207031e-01
3.097970485687255859e-01
3.116173744201660156e-01
3.200440406799316406e-01
3.201844692230224609e-01
2.999556064605712891e-01
1.982746124267578125e-01
3.282148838043212891e-01
3.109619617462158203e-01
2.359654903411865234e-01
3.129870891571044922e-01
3.079891204833984375e-01
3.076455593109130859e-01
3.212254047393798828e-01
1.979517936706542969e-01
3.089382648468017578e-01
3.199265003204345703e-01
4.874205589294433594e-02
2.096872329711914062e-01
2.414007186889648438e-01
3.557863235473632812e-01
2.145791053771972656e-01
2.453682422637939453e-01
2.046287059783935547e-01
2.078790664672851562e-01
3.304274082183837891e-01
2.094309329986572266e-01
3.418190479278564453e-01
2.330608367919921875e-01
3.772120475769042969e-01
3.120348453521728516e-01
2.039375305175781250e-01
3.216762542724609375e-01
2.066013813018798828e-01
1.981256008148193359e-01
2.014076709747314453e-01
3.134839534759521484e-01
3.120782375335693359e-01
1.893501281738281250e-01
3.141667842864990234e-01
3.458518981933593750e-01
2.711002826690673828e-01
2.164063453674316406e-01
3.198626041412353516e-01
3.574466705322265625e-01
3.511276245117187500e-01
3.082818984985351562e-01
1.841297149658203125e-01
1.946115493774414062e-01
3.065555095672607422e-01
3.038473129272460938e-01
3.028748035430908203e-01
1.846971511840820312e-01
3.182752132415771484e-01
1.940703392028808594e-01
3.020355701446533203e-01
1.847529411315917969e-01
3.345181941986083984e-01
1.863679885864257812e-01
3.126413822174072266e-01
3.187379837036132812e-01
1.849851608276367188e-01
1.873562335968017578e-01
1.948323249816894531e-01
3.270237445831298828e-01
2.101612091064453125e-01
2.992126941680908203e-01
3.133029937744140625e-01
3.355264663696289062e-01
3.192269802093505859e-01
2.012476921081542969e-01
2.278110980987548828e-01
1.886501312255859375e-01
1.952102184295654297e-01
3.099038600921630859e-01
3.131875991821289062e-01
3.392360210418701172e-01
3.032062053680419922e-01
2.989172935485839844e-01
1.898400783538818359e-01
3.122816085815429688e-01
2.934820652008056641e-01
1.931293010711669922e-01
2.039096355438232422e-01
1.956477165222167969e-01
1.899716854095458984e-01
3.228123188018798828e-01
3.059980869293212891e-01
3.163869380950927734e-01
3.086943626403808594e-01
3.662848472595214844e-01
3.035881519317626953e-01
2.972040176391601562e-01
1.981940269470214844e-01
3.428847789764404297e-01
2.965409755706787109e-01
1.999919414520263672e-01
3.056342601776123047e-01
2.073411941528320312e-01
5.223011970520019531e-02
2.387015819549560547e-01
3.385190963745117188e-01
3.315594196319580078e-01
3.374357223510742188e-01
3.626465797424316406e-01
2.170822620391845703e-01
2.121717929840087891e-01
2.205312252044677734e-01
2.147471904754638672e-01
3.528978824615478516e-01
3.054530620574951172e-01
1.990208625793457031e-01
2.078628540039062500e-01
3.143403530120849609e-01
3.611757755279541016e-01
3.340046405792236328e-01
3.026242256164550781e-01
2.456381320953369141e-01
1.998116970062255859e-01
3.115887641906738281e-01
2.025811672210693359e-01
3.105411529541015625e-01
2.146818637847900391e-01
2.000522613525390625e-01
3.125104904174804688e-01
1.912884712219238281e-01
2.030198574066162109e-01
3.144629001617431641e-01
1.996204853057861328e-01
3.082339763641357422e-01
1.968040466308593750e-01
1.976573467254638672e-01
2.055764198303222656e-01
3.383347988128662109e-01
2.237868309020996094e-01
2.003445625305175781e-01
3.157000541687011719e-01
3.108174800872802734e-01
1.997804641723632812e-01
3.398234844207763672e-01
2.597169876098632812e-01
3.162653446197509766e-01
3.145177364349365234e-01
3.215689659118652344e-01
2.096517086029052734e-01
3.270742893218994141e-01
2.036635875701904297e-01
1.980338096618652344e-01
3.217222690582275391e-01
2.236249446868896484e-01
3.140904903411865234e-01
3.377442359924316406e-01
2.755198478698730469e-01
3.143384456634521484e-01
3.126266002655029297e-01
3.386237621307373047e-01
2.133259773254394531e-01
3.348102569580078125e-01
2.999339103698730469e-01
1.966872215270996094e-01
3.234367370605468750e-01
1.930153369903564453e-01
1.926777362823486328e-01
3.107638359069824219e-01
1.958014965057373047e-01
1.958775520324707031e-01
3.494100570678710938e-01
3.103139400482177734e-01
1.926472187042236328e-01
2.005190849304199219e-01
1.927113533020019531e-01
3.438780307769775391e-01
3.094885349273681641e-01
3.230404853820800781e-01
3.155446052551269531e-01
3.140621185302734375e-01
3.145961761474609375e-01
1.940391063690185547e-01
1.910467147827148438e-01
1.876854896545410156e-01
1.895554065704345703e-01
4.721832275390625000e-02
2.107958793640136719e-01
2.067584991455078125e-01
2.098221778869628906e-01
2.072036266326904297e-01
2.111129760742187500e-01
1.978614330291748047e-01
2.033634185791015625e-01
3.222782611846923828e-01
2.078578472137451172e-01
3.153891563415527344e-01
3.193182945251464844e-01
3.412141799926757812e-01
3.088765144348144531e-01
3.190784454345703125e-01
3.320980072021484375e-01
3.266513347625732422e-01
3.095231056213378906e-01
2.000277042388916016e-01
1.922683715820312500e-01
1.949388980865478516e-01
2.085430622100830078e-01
1.989879608154296875e-01
2.027390003204345703e-01
3.084478378295898438e-01
3.166465759277343750e-01
3.265738487243652344e-01
3.407123088836669922e-01
3.028161525726318359e-01
1.949613094329833984e-01
2.012798786163330078e-01
3.122260570526123047e-01
3.234360218048095703e-01
3.203408718109130859e-01
3.192281723022460938e-01
3.175795078277587891e-01
3.375728130340576172e-01
3.190414905548095703e-01
3.152303695678710938e-01
3.199183940887451172e-01
2.032706737518310547e-01
2.242825031280517578e-01
3.010735511779785156e-01
2.979450225830078125e-01
3.100824356079101562e-01
2.235732078552246094e-01
3.342199325561523438e-01
2.177526950836181641e-01
3.275005817413330078e-01
3.314335346221923828e-01
3.556482791900634766e-01
2.966403961181640625e-01
3.614685535430908203e-01
2.091147899627685547e-01
1.964395046234130859e-01
1.988453865051269531e-01
2.073149681091308594e-01
2.162322998046875000e-01
3.477056026458740234e-01
3.187947273254394531e-01
2.206919193267822266e-01
2.295262813568115234e-01
2.206773757934570312e-01
2.338433265686035156e-01
2.215273380279541016e-01
2.149002552032470703e-01
2.173759937286376953e-01
2.061102390289306641e-01
2.122545242309570312e-01
3.153514862060546875e-01
3.118965625762939453e-01
3.149240016937255859e-01
2.036657333374023438e-01
2.083842754364013672e-01
1.968498229980468750e-01
3.196089267730712891e-01
2.131831645965576172e-01
3.095388412475585938e-01
3.102180957794189453e-01
2.474694252014160156e-01
3.521831035614013672e-01
2.007040977478027344e-01
5.280947685241699219e-02
3.337471485137939453e-01
2.316710948944091797e-01
2.111470699310302734e-01
3.318111896514892578e-01
2.232894897460937500e-01
1.988699436187744141e-01
2.415130138397216797e-01
2.077169418334960938e-01
2.244682312011718750e-01
2.002935409545898438e-01
3.481335639953613281e-01
2.099194526672363281e-01
2.227222919464111328e-01
3.294064998626708984e-01
2.077345848083496094e-01
2.094697952270507812e-01
2.187178134918212891e-01
3.231101036071777344e-01
3.271417617797851562e-01
3.205246925354003906e-01
2.122700214385986328e-01
2.033629417419433594e-01
3.310067653656005859e-01
1.982107162475585938e-01
3.390243053436279297e-01
3.170409202575683594e-01
2.060616016387939453e-01
2.050192356109619141e-01
3.240606784820556641e-01
3.348267078399658203e-01
2.270958423614501953e-01
3.352143764495849609e-01
2.924716472625732422e-01
3.527109622955322266e-01
2.045593261718750000e-01
3.288185596466064453e-01
3.384110927581787109e-01
3.152401447296142578e-01
2.030587196350097656e-01
2.146191596984863281e-01
3.351342678070068359e-01
3.400707244873046875e-01
3.366131782531738281e-01
2.206883430480957031e-01
2.213971614837646484e-01
2.104351520538330078e-01
3.257238864898681641e-01
2.006351947784423828e-01
2.257430553436279297e-01
3.307723999023437500e-01
2.122113704681396484e-01
3.186857700347900391e-01
3.399076461791992188e-01
2.060537338256835938e-01
2.087168693542480469e-01
2.128181457519531250e-01
3.317921161651611328e-01
2.112979888916015625e-01
3.225514888763427734e-01
2.172203063964843750e-01
3.284864425659179688e-01
2.000565528869628906e-01
2.192420959472656250e-01
2.084732055664062500e-01
1.985106468200683594e-01
2.045960426330566406e-01
2.013711929321289062e-01
2.129952907562255859e-01
2.043662071228027344e-01
2.217915058135986328e-01
3.081164360046386719e-01
2.007839679718017578e-01
2.799255847930908203e-01
3.551657199859619141e-01
3.383166790008544922e-01
3.123989105224609375e-01
1.910111904144287109e-01
2.002744674682617188e-01
1.948182582855224609e-01
1.969125270843505859e-01
2.098491191864013672e-01
4.572510719299316406e-02
2.211577892303466797e-01
2.193942070007324219e-01
2.243626117706298828e-01
3.366351127624511719e-01
3.345422744750976562e-01
3.628647327423095703e-01
3.763144016265869141e-01
2.984020709991455078e-01
1.979880332946777344e-01
2.069525718688964844e-01
1.996552944183349609e-01
2.192683219909667969e-01
2.152571678161621094e-01
3.425877094268798828e-01
3.584892749786376953e-01
2.044053077697753906e-01
2.009525299072265625e-01
2.071938514709472656e-01
3.288543224334716797e-01
3.622174263000488281e-01
1.940479278564453125e-01
1.851203441619873047e-01
1.937279701232910156e-01
2.007277011871337891e-01
1.919620037078857422e-01
1.931459903717041016e-01
1.911692619323730469e-01
1.911182403564453125e-01
1.903469562530517578e-01
1.924257278442382812e-01
1.895778179168701172e-01
1.906642913818359375e-01
3.422906398773193359e-01
1.844224929809570312e-01
1.892678737640380859e-01
1.952252388000488281e-01
1.947286128997802734e-01
2.005817890167236328e-01
1.897518634796142578e-01
1.835069656372070312e-01
3.149693012237548828e-01
1.977293491363525391e-01
1.923160552978515625e-01
1.875159740447998047e-01
1.906967163085937500e-01
1.878781318664550781e-01
1.823918819427490234e-01
1.928834915161132812e-01
1.889600753784179688e-01
1.925511360168457031e-01
1.863532066345214844e-01
1.917111873626708984e-01
3.475239276885986328e-01
3.067696094512939453e-01
1.870262622833251953e-01
1.939864158630371094e-01
1.883339881896972656e-01
3.166215419769287109e-01
1.923675537109375000e-01
1.887223720550537109e-01
1.938123703002929688e-01
3.231658935546875000e-01
1.982011795043945312e-01
3.246412277221679688e-01
1.990783214569091797e-01
3.586919307708740234e-01
3.587818145751953125e-01
3.580417633056640625e-01
1.932003498077392578e-01
1.925816535949707031e-01
3.438067436218261719e-01
2.777497768402099609e-01
3.120787143707275391e-01
3.225035667419433594e-01
3.038744926452636719e-01
3.110628128051757812e-01
2.039206027984619141e-01
3.113467693328857422e-01
2.045831680297851562e-01
2.045495510101318359e-01
2.128973007202148438e-01
4.874134063720703125e-02
2.064926624298095703e-01
2.141106128692626953e-01
2.091145515441894531e-01
2.049899101257324219e-01
4.340775012969970703e-01
3.578608036041259766e-01
3.601362705230712891e-01
1.927392482757568359e-01
3.213703632354736328e-01
2.017271518707275391e-01
2.004821300506591797e-01
1.968848705291748047e-01
1.866054534912109375e-01
3.317213058471679688e-01
3.304133415222167969e-01
3.719799518585205078e-01
1.975648403167724609e-01
3.529839515686035156e-01
3.432552814483642578e-01
3.773262500762939453e-01
3.259396553039550781e-01
1.977584362030029297e-01
1.965918540954589844e-01
1.899292469024658203e-01
1.963644027709960938e-01
1.877868175506591797e-01
1.918985843658447266e-01
3.246421813964843750e-01
1.886920928955078125e-01
1.887667179107666016e-01
2.441809177398681641e-01
2.172448635101318359e-01
1.951982975006103516e-01
1.924350261688232422e-01
2.738652229309082031e-01
3.257000446319580078e-01
1.970777511596679688e-01
1.912751197814941406e-01
2.603561878204345703e-01
1.944613456726074219e-01
1.922433376312255859e-01
2.073237895965576172e-01
1.938347816467285156e-01
3.182492256164550781e-01
2.937209606170654297e-01
2.011964321136474609e-01
1.846492290496826172e-01
1.892573833465576172e-01
2.030429840087890625e-01
1.929290294647216797e-01
2.010338306427001953e-01
1.951849460601806641e-01
2.200758457183837891e-01
2.056736946105957031e-01
3.137867450714111328e-01
3.250224590301513672e-01
3.414342403411865234e-01
3.188130855560302734e-01
3.438866138458251953e-01
3.276796340942382812e-01
3.715093135833740234e-01
1.950650215148925781e-01
2.953057289123535156e-01
1.889481544494628906e-01
1.893804073333740234e-01
3.053898811340332031e-01
1.964271068572998047e-01
1.933276653289794922e-01
1.919188499450683594e-01
2.009923458099365234e-01
2.052526473999023438e-01
3.518338203430175781e-01
3.361430168151855469e-01
3.394207954406738281e-01
3.270635604858398438e-01
2.727940082550048828e-01
1.885876655578613281e-01
3.375897407531738281e-01
1.897523403167724609e-01
1.981697082519531250e-01
3.064479827880859375e-01
5.205273628234863281e-02
2.074503898620605469e-01
2.028853893280029297e-01
2.057747840881347656e-01
2.025568485260009766e-01
2.055606842041015625e-01
3.513631820678710938e-01
3.247809410095214844e-01
3.049778938293457031e-01
3.284158706665039062e-01
3.598048686981201172e-01
2.373485565185546875e-01
2.011098861694335938e-01
1.949710845947265625e-01
2.073316574096679688e-01
2.030954360961914062e-01
3.804016113281250000e-01
3.279578685760498047e-01
2.166576385498046875e-01
2.098820209503173828e-01
3.270165920257568359e-01
2.060458660125732422e-01
1.994364261627197266e-01
2.043018341064453125e-01
3.393046855926513672e-01
2.017986774444580078e-01
1.991579532623291016e-01
1.997456550598144531e-01
2.034304141998291016e-01
1.996779441833496094e-01
2.021410465240478516e-01
2.016024589538574219e-01
1.991436481475830078e-01
2.009122371673583984e-01
1.996269226074218750e-01
1.960241794586181641e-01
1.976151466369628906e-01
1.965270042419433594e-01
3.243052959442138672e-01
3.292164802551269531e-01
3.356215953826904297e-01
1.985135078430175781e-01
2.118451595306396484e-01
2.209539413452148438e-01
3.446965217590332031e-01
3.618104457855224609e-01
2.119648456573486328e-01
2.312831878662109375e-01
3.665165901184082031e-01
3.424799442291259766e-01
2.183330059051513672e-01
2.282199859619140625e-01
3.341917991638183594e-01
1.953065395355224609e-01
1.993372440338134766e-01
1.965913772583007812e-01
3.172664642333984375e-01
2.610847949981689453e-01
2.271704673767089844e-01
2.030503749847412109e-01
3.074314594268798828e-01
2.006206512451171875e-01
2.746713161468505859e-01
3.127903938293457031e-01
2.121710777282714844e-01
2.998120784759521484e-01
3.434584140777587891e-01
3.144454956054687500e-01
3.041176795959472656e-01
3.491163253784179688e-01
3.164508342742919922e-01
2.576928138732910156e-01
2.574450969696044922e-01
2.047364711761474609e-01
2.116558551788330078e-01
3.111624717712402344e-01
2.803182601928710938e-01
1.985478401184082031e-01
2.007195949554443359e-01
3.283658027648925781e-01
2.073600292205810547e-01
3.102786540985107422e-01
8.824515342712402344e-02
3.594524860382080078e-01
3.478059768676757812e-01
2.096662521362304688e-01
2.031652927398681641e-01
2.078609466552734375e-01
3.153643608093261719e-01
2.094669342041015625e-01
2.068803310394287109e-01
2.038085460662841797e-01
2.088403701782226562e-01
3.655719757080078125e-01
3.146419525146484375e-01
