2.943031787872314453e-01
1.729507446289062500e-01
1.787269115447998047e-01
1.820712089538574219e-01
2.834820747375488281e-01
1.782987117767333984e-01
2.863030433654785156e-01
1.801190376281738281e-01
2.869167327880859375e-01
1.850557327270507812e-01
1.775815486907958984e-01
2.929680347442626953e-01
1.857969760894775391e-01
2.974884510040283203e-01
1.787741184234619141e-01
2.988357543945312500e-01
2.950725555419921875e-01
1.770353317260742188e-01
2.705178260803222656e-01
1.818737983703613281e-01
1.841959953308105469e-01
2.880442142486572266e-01
1.724154949188232422e-01
1.809279918670654297e-01
1.775381565093994141e-01
1.753087043762207031e-01
1.803207397460937500e-01
1.811096668243408203e-01
1.739587783813476562e-01
1.828281879425048828e-01
1.745071411132812500e-01
1.876018047332763672e-01
1.885979175567626953e-01
1.896643638610839844e-01
1.828410625457763672e-01
1.826484203338623047e-01
1.910459995269775391e-01
1.819870471954345703e-01
1.972186565399169922e-01
1.874136924743652344e-01
1.819050312042236328e-01
1.861059665679931641e-01
1.896619796752929688e-01
1.862580776214599609e-01
1.918497085571289062e-01
1.830129623413085938e-01
3.216536045074462891e-01
1.877291202545166016e-01
2.019002437591552734e-01
1.839990615844726562e-01
1.994581222534179688e-01
1.906490325927734375e-01
1.893291473388671875e-01
1.904594898223876953e-01
1.876902580261230469e-01
1.900212764739990234e-01
1.909089088439941406e-01
1.887114048004150391e-01
1.983623504638671875e-01
1.952595710754394531e-01
1.836266517639160156e-01
1.757652759552001953e-01
1.922287940979003906e-01
1.943178176879882812e-01
1.831765174865722656e-01
1.882996559143066406e-01
1.965265274047851562e-01
1.882143020629882812e-01
1.878573894500732422e-01
1.894779205322265625e-01
1.873526573181152344e-01
2.001445293426513672e-01
1.895449161529541016e-01
1.828846931457519531e-01
1.837229728698730469e-01
1.897342205047607422e-01
1.843616962432861328e-01
1.901907920837402344e-01
1.985695362091064453e-01
1.915273666381835938e-01
1.948482990264892578e-01
4.470419883728027344e-02
1.994187831878662109e-01
2.074229717254638672e-01
1.942381858825683594e-01
2.016410827636718750e-01
1.989328861236572266e-01
2.060620784759521484e-01
2.088127136230468750e-01
1.891393661499023438e-01
1.945190429687500000e-01
1.963460445404052734e-01
3.256075382232666016e-01
1.947491168975830078e-01
3.245141506195068359e-01
2.147331237792968750e-01
1.968624591827392578e-01
3.211944103240966797e-01
1.931538581848144531e-01
3.149590492248535156e-01
2.083652019500732422e-01
1.928055286407470703e-01
1.976346969604492188e-01
1.995911598205566406e-01
2.069807052612304688e-01
1.989464759826660156e-01
3.223958015441894531e-01
1.962351799011230469e-01
3.308608531951904297e-01
2.061300277709960938e-01
1.907474994659423828e-01
1.980361938476562500e-01
2.034111022949218750e-01
1.968107223510742188e-01
1.957650184631347656e-01
1.980736255645751953e-01
3.226990699768066406e-01
2.043440341949462891e-01
1.986110210418701172e-01
3.374729156494140625e-01
2.051327228546142578e-01
2.134759426116943359e-01
3.136682510375976562e-01
3.389384746551513672e-01
2.117204666137695312e-01
2.096288204193115234e-01
2.083199024200439453e-01
2.317583560943603516e-01
2.208464145660400391e-01
1.931574344635009766e-01
3.269445896148681641e-01
3.004453182220458984e-01
1.996400356292724609e-01
1.845886707305908203e-01
2.069830894470214844e-01
2.074854373931884766e-01
2.061939239501953125e-01
1.912074089050292969e-01
1.965260505676269531e-01
1.898207664489746094e-01
3.136446475982666016e-01
3.353374004364013672e-01
2.382149696350097656e-01
3.058915138244628906e-01
3.479833602905273438e-01
3.222901821136474609e-01
3.009111881256103516e-01
3.098051548004150391e-01
3.063209056854248047e-01
3.082582950592041016e-01
1.990375518798828125e-01
1.977889537811279297e-01
3.191599845886230469e-01
2.013175487518310547e-01
2.072343826293945312e-01
1.965215206146240234e-01
1.966502666473388672e-01
1.940937042236328125e-01
1.957571506500244141e-01
2.023062705993652344e-01
3.067531585693359375e-01
2.295837402343750000e-01
3.421385288238525391e-01
4.632616043090820312e-02
2.109811305999755859e-01
2.417955398559570312e-01
2.501788139343261719e-01
3.282124996185302734e-01
2.469887733459472656e-01
2.087070941925048828e-01
2.179222106933593750e-01
3.333463668823242188e-01
2.080838680267333984e-01
2.100093364715576172e-01
2.414624691009521484e-01
3.267614841461181641e-01
2.073290348052978516e-01
2.149927616119384766e-01
3.278908729553222656e-01
2.197985649108886719e-01
2.076778411865234375e-01
2.187235355377197266e-01
2.194738388061523438e-01
2.006375789642333984e-01
2.107899188995361328e-01
2.318391799926757812e-01
2.510349750518798828e-01
2.048923969268798828e-01
2.194833755493164062e-01
2.125391960144042969e-01
2.823097705841064453e-01
2.151854038238525391e-01
2.022812366485595703e-01
2.098491191864013672e-01
2.032787799835205078e-01
2.066061496734619141e-01
2.007708549499511719e-01
2.051799297332763672e-01
2.083449363708496094e-01
2.165708541870117188e-01
2.097065448760986328e-01
2.140285968780517578e-01
2.087709903717041016e-01
2.215998172760009766e-01
3.082242012023925781e-01
2.208290100097656250e-01
2.197988033294677734e-01
2.167525291442871094e-01
2.103991508483886719e-01
3.075938224792480469e-01
3.597834110260009766e-01
3.159172534942626953e-01
3.187198638916015625e-01
2.089722156524658203e-01
3.537311553955078125e-01
2.359170913696289062e-01
3.361265659332275391e-01
2.119624614715576172e-01
3.159151077270507812e-01
2.024059295654296875e-01
2.167091369628906250e-01
2.393670082092285156e-01
2.182292938232421875e-01
2.024061679840087891e-01
1.975591182708740234e-01
2.089452743530273438e-01
2.221083641052246094e-01
2.031753063201904297e-01
2.028701305389404297e-01
2.216815948486328125e-01
3.110167980194091797e-01
3.050124645233154297e-01
3.321316242218017578e-01
3.336544036865234375e-01
3.514685630798339844e-01
2.355041503906250000e-01
2.182757854461669922e-01
2.079293727874755859e-01
3.002710342407226562e-01
2.192478179931640625e-01
1.964430809020996094e-01
1.981239318847656250e-01
2.081286907196044922e-01
1.948637962341308594e-01
1.945147514343261719e-01
8.958268165588378906e-02
3.593158721923828125e-01
3.397023677825927734e-01
2.141380310058593750e-01
2.317194938659667969e-01
2.174758911132812500e-01
2.298018932342529297e-01
2.300496101379394531e-01
1.995565891265869141e-01
2.105083465576171875e-01
3.490443229675292969e-01
3.028888702392578125e-01
3.223950862884521484e-01
1.858673095703125000e-01
1.972048282623291016e-01
3.414814472198486328e-01
3.177945613861083984e-01
1.857712268829345703e-01
2.114548683166503906e-01
1.841509342193603516e-01
1.801967620849609375e-01
3.064215183258056641e-01
1.914408206939697266e-01
3.187294006347656250e-01
1.859073638916015625e-01
1.900558471679687500e-01
2.997603416442871094e-01
3.050293922424316406e-01
2.985935211181640625e-01
3.006651401519775391e-01
1.898117065429687500e-01
1.910552978515625000e-01
1.859295368194580078e-01
1.872978210449218750e-01
3.611061573028564453e-01
3.497624397277832031e-01
1.832392215728759766e-01
1.883847713470458984e-01
2.098953723907470703e-01
3.194339275360107422e-01
3.178899288177490234e-01
3.326315879821777344e-01
2.149651050567626953e-01
3.188107013702392578e-01
3.201167583465576172e-01
3.259971141815185547e-01
2.057480812072753906e-01
2.046859264373779297e-01
2.021095752716064453e-01
3.481984138488769531e-01
2.110366821289062500e-01
2.349598407745361328e-01
2.152307033538818359e-01
3.503549098968505859e-01
2.109351158142089844e-01
3.693706989288330078e-01
3.530955314636230469e-01
2.176220417022705078e-01
2.442278861999511719e-01
3.975403308868408203e-01
2.023138999938964844e-01
2.039666175842285156e-01
3.114876747131347656e-01
1.971781253814697266e-01
2.035336494445800781e-01
2.081480026245117188e-01
2.037839889526367188e-01
1.965892314910888672e-01
3.146288394927978516e-01
3.483493328094482422e-01
2.062778472900390625e-01
2.048101425170898438e-01
2.078289985656738281e-01
2.036290168762207031e-01
2.073261737823486328e-01
2.076435089111328125e-01
2.104694843292236328e-01
2.046542167663574219e-01
2.121524810791015625e-01
2.073352336883544922e-01
2.068724632263183594e-01
2.025427818298339844e-01
5.281782150268554688e-02
2.035174369812011719e-01
2.152092456817626953e-01
2.124547958374023438e-01
3.241353034973144531e-01
3.332710266113281250e-01
2.064671516418457031e-01
2.027354240417480469e-01
2.115054130554199219e-01
2.053463459014892578e-01
2.003707885742187500e-01
3.235208988189697266e-01
3.228673934936523438e-01
1.964385509490966797e-01
2.064695358276367188e-01
1.948444843292236328e-01
2.053864002227783203e-01
1.951944828033447266e-01
1.984963417053222656e-01
1.966302394866943359e-01
3.253061771392822266e-01
2.015926837921142578e-01
3.245897293090820312e-01
2.127811908721923828e-01
2.149569988250732422e-01
2.090735435485839844e-01
2.111916542053222656e-01
2.632799148559570312e-01
2.054357528686523438e-01
2.038643360137939453e-01
2.021422386169433594e-01
2.092654705047607422e-01
2.029166221618652344e-01
2.000215053558349609e-01
2.208223342895507812e-01
2.186639308929443359e-01
2.078011035919189453e-01
2.150225639343261719e-01
3.191664218902587891e-01
2.126972675323486328e-01
1.980845928192138672e-01
3.208322525024414062e-01
3.439290523529052734e-01
3.156728744506835938e-01
1.972150802612304688e-01
2.232520580291748047e-01
2.199900150299072266e-01
2.206277847290039062e-01
2.225666046142578125e-01
2.110424041748046875e-01
2.057101726531982422e-01
3.651416301727294922e-01
3.741066455841064453e-01
3.245053291320800781e-01
2.072417736053466797e-01
2.046215534210205078e-01
2.112445831298828125e-01
2.219903469085693359e-01
2.519998550415039062e-01
2.498629093170166016e-01
3.790071010589599609e-01
3.684699535369873047e-01
2.471277713775634766e-01
2.448267936706542969e-01
2.238736152648925781e-01
3.261380195617675781e-01
2.096588611602783203e-01
3.266735076904296875e-01
2.097420692443847656e-01
3.117091655731201172e-01
2.001302242279052734e-01
2.090070247650146484e-01
3.162086009979248047e-01
2.190451622009277344e-01
3.284969329833984375e-01
3.531680107116699219e-01
2.127628326416015625e-01
3.262119293212890625e-01
2.492630481719970703e-01
2.496712207794189453e-01
3.637223243713378906e-01
3.097047805786132812e-01
9.386086463928222656e-02
2.258546352386474609e-01
2.279145717620849609e-01
3.246481418609619141e-01
2.211933135986328125e-01
2.116074562072753906e-01
2.087392807006835938e-01
2.054009437561035156e-01
3.302278518676757812e-01
2.132534980773925781e-01
3.319818973541259766e-01
1.976268291473388672e-01
2.066309452056884766e-01
3.289914131164550781e-01
1.965007781982421875e-01
2.054352760314941406e-01
3.410570621490478516e-01
2.085661888122558594e-01
2.148425579071044922e-01
2.176570892333984375e-01
2.088897228240966797e-01
2.165138721466064453e-01
2.120852470397949219e-01
2.159082889556884766e-01
2.206518650054931641e-01
2.113418579101562500e-01
2.151453495025634766e-01
2.165057659149169922e-01
2.134256362915039062e-01
1.931478977203369141e-01
3.783175945281982422e-01
3.749916553497314453e-01
2.422893047332763672e-01
3.170826435089111328e-01
3.579659461975097656e-01
2.166259288787841797e-01
3.347868919372558594e-01
1.970343589782714844e-01
1.959080696105957031e-01
2.005832195281982422e-01
2.006220817565917969e-01
2.046132087707519531e-01
2.112762928009033203e-01
2.067387104034423828e-01
2.282860279083251953e-01
2.117488384246826172e-01
3.155295848846435547e-01
2.086184024810791016e-01
1.923623085021972656e-01
1.982200145721435547e-01
1.996722221374511719e-01
2.098970413208007812e-01
2.015531063079833984e-01
1.931626796722412109e-01
2.000896930694580078e-01
3.140532970428466797e-01
2.013714313507080078e-01
1.974070072174072266e-01
2.055869102478027344e-01
2.069888114929199219e-01
3.064427375793457031e-01
1.986551284790039062e-01
1.938207149505615234e-01
2.964193820953369141e-01
2.898616790771484375e-01
2.105159759521484375e-01
2.933616638183593750e-01
2.865886688232421875e-01
2.104682922363281250e-01
2.956361770629882812e-01
2.066400051116943359e-01
1.965498924255371094e-01
1.977481842041015625e-01
1.951799392700195312e-01
3.549592494964599609e-01
3.457303047180175781e-01
3.175597190856933594e-01
1.913316249847412109e-01
1.976222991943359375e-01
3.073401451110839844e-01
1.943342685699462891e-01
1.983239650726318359e-01
8.462285995483398438e-02
3.290915489196777344e-01
3.220639228820800781e-01
3.698694705963134766e-01
2.967989444732666016e-01
2.093095779418945312e-01
1.991341114044189453e-01
2.027664184570312500e-01
2.081141471862792969e-01
2.001945972442626953e-01
2.097337245941162109e-01
2.031807899475097656e-01
2.054667472839355469e-01
1.972112655639648438e-01
1.869199275970458984e-01
3.489239215850830078e-01
3.420126438140869141e-01
3.523795604705810547e-01
3.246285915374755859e-01
3.154771327972412109e-01
1.951072216033935547e-01
3.316829204559326172e-01
3.006594181060791016e-01
1.930027008056640625e-01
3.132374286651611328e-01
3.287022113800048828e-01
2.237482070922851562e-01
1.959538459777832031e-01
3.007538318634033203e-01
1.982617378234863281e-01
3.260295391082763672e-01
1.894924640655517578e-01
1.966304779052734375e-01
2.007639408111572266e-01
1.949021816253662109e-01
3.213648796081542969e-01
1.912970542907714844e-01
1.949913501739501953e-01
3.457798957824707031e-01
2.939786911010742188e-01
3.090295791625976562e-01
1.904737949371337891e-01
3.432044982910156250e-01
2.008569240570068359e-01
3.067429065704345703e-01
1.932752132415771484e-01
3.349826335906982422e-01
3.073060512542724609e-01
1.836707592010498047e-01
3.131575584411621094e-01
1.849257946014404297e-01
3.338992595672607422e-01
1.849048137664794922e-01
1.901464462280273438e-01
3.522086143493652344e-01
3.223066329956054688e-01
1.860456466674804688e-01
1.815719604492187500e-01
1.909205913543701172e-01
1.867611408233642578e-01
1.875526905059814453e-01
1.855077743530273438e-01
1.951985359191894531e-01
1.869969367980957031e-01
1.950154304504394531e-01
2.995336055755615234e-01
1.967506408691406250e-01
3.512268066406250000e-01
1.911561489105224609e-01
1.906082630157470703e-01
1.893584728240966797e-01
1.838376522064208984e-01
1.852898597717285156e-01
2.013251781463623047e-01
1.980631351470947266e-01
1.995930671691894531e-01
1.961514949798583984e-01
1.980762481689453125e-01
1.977586746215820312e-01
1.937208175659179688e-01
3.533065319061279297e-01
2.024857997894287109e-01
8.912420272827148438e-02
3.478004932403564453e-01
2.180938720703125000e-01
2.119290828704833984e-01
2.084469795227050781e-01
2.065465450286865234e-01
2.042546272277832031e-01
2.078285217285156250e-01
3.205289840698242188e-01
2.162635326385498047e-01
3.573498725891113281e-01
2.016587257385253906e-01
2.000858783721923828e-01
4.464094638824462891e-01
2.083261013031005859e-01
3.312172889709472656e-01
2.002482414245605469e-01
1.936936378479003906e-01
2.033898830413818359e-01
3.447647094726562500e-01
2.279884815216064453e-01
2.235691547393798828e-01
2.054669857025146484e-01
1.992187500000000000e-01
1.903476715087890625e-01
1.957278251647949219e-01
1.979556083679199219e-01
2.037062644958496094e-01
1.930997371673583984e-01
1.974649429321289062e-01
1.949958801269531250e-01
2.110741138458251953e-01
3.275985717773437500e-01
3.189017772674560547e-01
1.985697746276855469e-01
1.981277465820312500e-01
1.994855403900146484e-01
1.960611343383789062e-01
1.978156566619873047e-01
1.895334720611572266e-01
1.978580951690673828e-01
1.905636787414550781e-01
2.641808986663818359e-01
1.952464580535888672e-01
1.941080093383789062e-01
1.899034976959228516e-01
1.932082176208496094e-01
1.930794715881347656e-01
1.899499893188476562e-01
2.017991542816162109e-01
1.950061321258544922e-01
1.961388587951660156e-01
1.984148025512695312e-01
2.209658622741699219e-01
3.173649311065673828e-01
2.037394046783447266e-01
3.296320438385009766e-01
2.075610160827636719e-01
3.201861381530761719e-01
2.030253410339355469e-01
2.103967666625976562e-01
3.181123733520507812e-01
1.972167491912841797e-01
1.983714103698730469e-01
2.024664878845214844e-01
1.904253959655761719e-01
1.974368095397949219e-01
1.960144042968750000e-01
2.972142696380615234e-01
1.929481029510498047e-01
1.911454200744628906e-01
1.966378688812255859e-01
1.925203800201416016e-01
1.946570873260498047e-01
1.909134387969970703e-01
1.860976219177246094e-01
1.948027610778808594e-01
1.915678977966308594e-01
1.915762424468994141e-01
1.896393299102783203e-01
1.916606426239013672e-01
1.946535110473632812e-01
4.838013648986816406e-02
2.077782154083251953e-01
2.155387401580810547e-01
2.107386589050292969e-01
2.022349834442138672e-01
2.074208259582519531e-01
2.062859535217285156e-01
2.150781154632568359e-01
2.432339191436767578e-01
3.400902748107910156e-01
2.050957679748535156e-01
1.996872425079345703e-01
2.047855854034423828e-01
2.032957077026367188e-01
2.049362659454345703e-01
2.039144039154052734e-01
2.129929065704345703e-01
2.052445411682128906e-01
3.267307281494140625e-01
3.642766475677490234e-01
2.112045288085937500e-01
2.027804851531982422e-01
2.058672904968261719e-01
2.048232555389404297e-01
2.093198299407958984e-01
2.154352664947509766e-01
2.011363506317138672e-01
2.005524635314941406e-01
2.042005062103271484e-01
3.503129482269287109e-01
3.380649089813232422e-01
3.517396450042724609e-01
3.365499973297119141e-01
2.048401832580566406e-01
2.057762145996093750e-01
2.102081775665283203e-01
3.180134296417236328e-01
2.014508247375488281e-01
2.089223861694335938e-01
2.150754928588867188e-01
2.056605815887451172e-01
2.224986553192138672e-01
2.113032341003417969e-01
2.090466022491455078e-01
3.601188659667968750e-01
2.243447303771972656e-01
2.033898830413818359e-01
2.374968528747558594e-01
2.436144351959228516e-01
2.052190303802490234e-01
2.196786403656005859e-01
2.184312343597412109e-01
2.352046966552734375e-01
2.079629898071289062e-01
2.085926532745361328e-01
3.204510211944580078e-01
1.986052989959716797e-01
3.189713954925537109e-01
1.968233585357666016e-01
3.119060993194580078e-01
3.220112323760986328e-01
3.435816764831542969e-01
3.943228721618652344e-01
3.671779632568359375e-01
3.620696067810058594e-01
3.061325550079345703e-01
2.159063816070556641e-01
2.113740444183349609e-01
2.030243873596191406e-01
2.036123275756835938e-01
2.049589157104492188e-01
2.091166973114013672e-01
3.253693580627441406e-01
3.699965476989746094e-01
2.138175964355468750e-01
2.282819747924804688e-01
2.248909473419189453e-01
2.093381881713867188e-01
2.088067531585693359e-01
1.965122222900390625e-01
2.064533233642578125e-01
2.191359996795654297e-01
5.077695846557617188e-02
2.288854122161865234e-01
2.296431064605712891e-01
2.132112979888916016e-01
2.084827423095703125e-01
2.063491344451904297e-01
2.113018035888671875e-01
1.992084980010986328e-01
2.051918506622314453e-01
3.665475845336914062e-01
3.322582244873046875e-01
3.394339084625244141e-01
2.031831741333007812e-01
