2.944395542144775391e-01
3.271141052246093750e-01
2.935602664947509766e-01
1.823303699493408203e-01
2.924401760101318359e-01
2.899110317230224609e-01
2.941641807556152344e-01
1.806187629699707031e-01
1.856639385223388672e-01
1.782903671264648438e-01
2.936468124389648438e-01
2.964348793029785156e-01
2.961332798004150391e-01
3.023624420166015625e-01
2.917566299438476562e-01
3.083667755126953125e-01
3.063993453979492188e-01
3.121821880340576172e-01
3.042008876800537109e-01
3.097932338714599609e-01
2.892086505889892578e-01
1.870810985565185547e-01
2.919466495513916016e-01
3.159260749816894531e-01
2.913963794708251953e-01
3.125298023223876953e-01
2.843253612518310547e-01
2.898468971252441406e-01
2.977924346923828125e-01
3.046536445617675781e-01
2.912416458129882812e-01
2.992281913757324219e-01
2.948851585388183594e-01
2.103779315948486328e-01
1.978378295898437500e-01
3.041470050811767578e-01
2.193508148193359375e-01
2.134380340576171875e-01
1.952731609344482422e-01
1.894319057464599609e-01
3.068077564239501953e-01
3.003733158111572266e-01
3.069605827331542969e-01
3.187468051910400391e-01
3.072185516357421875e-01
4.137563705444335938e-01
3.115656375885009766e-01
3.056888580322265625e-01
3.512449264526367188e-01
2.979309558868408203e-01
3.040759563446044922e-01
3.140261173248291016e-01
1.973567008972167969e-01
1.989307403564453125e-01
1.896433830261230469e-01
3.084924221038818359e-01
1.987981796264648438e-01
3.170692920684814453e-01
3.164405822753906250e-01
3.155677318572998047e-01
1.970858573913574219e-01
1.969451904296875000e-01
3.158500194549560547e-01
2.044248580932617188e-01
2.006344795227050781e-01
1.892209053039550781e-01
2.043373584747314453e-01
3.170566558837890625e-01
1.920807361602783203e-01
3.121428489685058594e-01
3.427221775054931641e-01
3.272013664245605469e-01
2.878744602203369141e-01
3.491880893707275391e-01
3.062977790832519531e-01
2.091715335845947266e-01
2.011835575103759766e-01
3.077485561370849609e-01
3.539240360260009766e-01
3.000335693359375000e-01
3.089792728424072266e-01
8.886170387268066406e-02
3.132002353668212891e-01
1.967635154724121094e-01
3.232238292694091797e-01
3.501787185668945312e-01
3.135282993316650391e-01
1.970114707946777344e-01
2.015137672424316406e-01
2.048819065093994141e-01
3.291850090026855469e-01
2.388458251953125000e-01
3.198096752166748047e-01
3.200967311859130859e-01
3.139510154724121094e-01
3.232424259185791016e-01
3.043169975280761719e-01
3.372826576232910156e-01
3.189773559570312500e-01
3.157222270965576172e-01
3.163943290710449219e-01
3.299715518951416016e-01
3.117175102233886719e-01
3.316268920898437500e-01
3.190703392028808594e-01
3.150849342346191406e-01
3.264551162719726562e-01
3.149027824401855469e-01
2.650201320648193359e-01
3.190169334411621094e-01
3.115432262420654297e-01
3.341395854949951172e-01
3.127803802490234375e-01
2.976136207580566406e-01
3.217608928680419922e-01
3.129770755767822266e-01
3.134286403656005859e-01
3.185145854949951172e-01
3.122804164886474609e-01
3.339798450469970703e-01
3.194415569305419922e-01
3.129329681396484375e-01
2.056016921997070312e-01
2.367272377014160156e-01
3.561246395111083984e-01
3.692121505737304688e-01
3.159141540527343750e-01
3.396327495574951172e-01
3.463106155395507812e-01
3.122839927673339844e-01
2.903542518615722656e-01
2.676789760589599609e-01
3.118071556091308594e-01
2.016978263854980469e-01
2.142152786254882812e-01
3.153374195098876953e-01
2.011518478393554688e-01
2.078590393066406250e-01
2.094688415527343750e-01
2.049388885498046875e-01
2.127118110656738281e-01
3.496096134185791016e-01
3.221397399902343750e-01
2.168049812316894531e-01
2.030034065246582031e-01
2.052633762359619141e-01
2.092030048370361328e-01
1.939857006072998047e-01
2.043011188507080078e-01
2.911643981933593750e-01
1.971704959869384766e-01
3.050823211669921875e-01
3.156726360321044922e-01
3.320624828338623047e-01
3.182184696197509766e-01
3.089058399200439453e-01
3.152689933776855469e-01
3.012793064117431641e-01
3.117640018463134766e-01
3.160724639892578125e-01
1.912548542022705078e-01
3.330876827239990234e-01
2.292392253875732422e-01
7.260990142822265625e-02
3.267996311187744141e-01
3.703675270080566406e-01
3.560981750488281250e-01
3.240079879760742188e-01
2.523388862609863281e-01
3.307163715362548828e-01
3.272364139556884766e-01
3.335664272308349609e-01
3.215854167938232422e-01
2.180221080780029297e-01
3.503472805023193359e-01
2.224173545837402344e-01
2.105002403259277344e-01
2.064394950866699219e-01
2.229135036468505859e-01
3.441405296325683594e-01
2.046828269958496094e-01
3.407819271087646484e-01
3.492052555084228516e-01
3.129510879516601562e-01
3.211114406585693359e-01
2.170109748840332031e-01
3.147177696228027344e-01
2.008547782897949219e-01
3.154737949371337891e-01
3.263103961944580078e-01
3.706722259521484375e-01
3.606274127960205078e-01
3.165092468261718750e-01
1.977612972259521484e-01
3.156232833862304688e-01
3.227570056915283203e-01
3.524038791656494141e-01
3.354046344757080078e-01
3.056805133819580078e-01
3.253462314605712891e-01
3.311502933502197266e-01
1.944799423217773438e-01
3.174667358398437500e-01
3.298165798187255859e-01
2.981200218200683594e-01
3.283400535583496094e-01
3.278551101684570312e-01
3.070538043975830078e-01
3.118183612823486328e-01
3.031616210937500000e-01
3.503055572509765625e-01
2.046933174133300781e-01
1.934990882873535156e-01
3.549435138702392578e-01
1.927781105041503906e-01
2.119140625000000000e-01
3.066208362579345703e-01
3.261654376983642578e-01
1.964471340179443359e-01
3.164336681365966797e-01
3.084933757781982422e-01
3.246412277221679688e-01
3.145279884338378906e-01
2.955572605133056641e-01
3.138115406036376953e-01
3.100297451019287109e-01
2.044856548309326172e-01
1.910259723663330078e-01
1.991622447967529297e-01
3.051924705505371094e-01
3.062975406646728516e-01
3.027555942535400391e-01
2.332918643951416016e-01
2.791421413421630859e-01
3.238067626953125000e-01
3.048522472381591797e-01
3.525295257568359375e-01
2.218198776245117188e-01
3.022346496582031250e-01
3.129987716674804688e-01
2.412879467010498047e-01
1.880843639373779297e-01
2.044198513031005859e-01
1.998374462127685547e-01
1.924395561218261719e-01
5.340433120727539062e-02
3.747353553771972656e-01
3.529977798461914062e-01
3.283932209014892578e-01
3.213312625885009766e-01
3.659031391143798828e-01
3.378982543945312500e-01
3.350272178649902344e-01
3.368713855743408203e-01
3.347895145416259766e-01
3.461306095123291016e-01
3.013100624084472656e-01
3.252122402191162109e-01
3.157954216003417969e-01
2.005388736724853516e-01
2.032337188720703125e-01
2.125477790832519531e-01
3.097431659698486328e-01
3.382854461669921875e-01
2.187514305114746094e-01
3.215551376342773438e-01
2.002763748168945312e-01
2.068138122558593750e-01
2.034432888031005859e-01
2.073302268981933594e-01
1.955277919769287109e-01
1.993262767791748047e-01
3.240838050842285156e-01
3.202641010284423828e-01
3.194103240966796875e-01
3.176338672637939453e-01
3.240778446197509766e-01
3.107824325561523438e-01
3.170778751373291016e-01
3.648109436035156250e-01
3.374316692352294922e-01
3.098146915435791016e-01
3.144559860229492188e-01
3.295419216156005859e-01
3.186676502227783203e-01
3.360757827758789062e-01
2.072200775146484375e-01
3.025953769683837891e-01
2.007174491882324219e-01
3.110425472259521484e-01
2.249867916107177734e-01
3.141348361968994141e-01
3.063826560974121094e-01
1.881575584411621094e-01
3.158009052276611328e-01
2.279446125030517578e-01
3.083362579345703125e-01
3.115968704223632812e-01
3.528518676757812500e-01
3.111975193023681641e-01
2.485327720642089844e-01
3.066728115081787109e-01
4.595065116882324219e-01
3.063139915466308594e-01
1.785621643066406250e-01
2.875547409057617188e-01
3.033046722412109375e-01
1.740124225616455078e-01
2.943613529205322266e-01
1.861836910247802734e-01
3.352596759796142578e-01
2.879312038421630859e-01
3.101570606231689453e-01
1.814851760864257812e-01
1.844336986541748047e-01
1.864016056060791016e-01
1.910228729248046875e-01
1.870498657226562500e-01
1.866438388824462891e-01
3.294763565063476562e-01
3.037724494934082031e-01
3.394124507904052734e-01
3.023793697357177734e-01
3.061530590057373047e-01
3.020029067993164062e-01
1.874253749847412109e-01
3.156585693359375000e-01
9.299135208129882812e-02
3.052880764007568359e-01
3.324730396270751953e-01
3.312094211578369141e-01
3.184182643890380859e-01
2.095332145690917969e-01
1.979641914367675781e-01
3.189773559570312500e-01
3.299639225006103516e-01
3.268213272094726562e-01
3.187410831451416016e-01
1.909561157226562500e-01
1.960761547088623047e-01
3.038289546966552734e-01
3.069822788238525391e-01
3.090388774871826172e-01
3.168227672576904297e-01
1.908328533172607422e-01
3.048114776611328125e-01
3.093397617340087891e-01
3.106381893157958984e-01
3.141758441925048828e-01
3.163015842437744141e-01
3.398187160491943359e-01
3.352429866790771484e-01
1.910560131072998047e-01
3.507564067840576172e-01
3.567187786102294922e-01
3.018603324890136719e-01
1.954874992370605469e-01
3.082907199859619141e-01
1.892058849334716797e-01
3.182327747344970703e-01
1.922335624694824219e-01
2.150135040283203125e-01
1.945910453796386719e-01
1.940691471099853516e-01
2.040400505065917969e-01
2.010822296142578125e-01
2.331397533416748047e-01
3.087215423583984375e-01
3.164055347442626953e-01
3.423550128936767578e-01
2.412939071655273438e-01
3.036742210388183594e-01
3.351805210113525391e-01
3.305387496948242188e-01
3.496737480163574219e-01
2.407293319702148438e-01
3.313851356506347656e-01
3.219058513641357422e-01
3.533425331115722656e-01
3.295700550079345703e-01
3.149917125701904297e-01
3.137669563293457031e-01
3.108718395233154297e-01
2.015876770019531250e-01
3.251874446868896484e-01
3.435997962951660156e-01
3.605682849884033203e-01
3.366763591766357422e-01
3.592231273651123047e-01
3.272144794464111328e-01
3.244726657867431641e-01
2.203564643859863281e-01
3.190879821777343750e-01
3.167958259582519531e-01
2.049975395202636719e-01
3.114509582519531250e-01
2.037279605865478516e-01
1.999020576477050781e-01
3.108470439910888672e-01
3.122162818908691406e-01
3.169488906860351562e-01
2.086956501007080078e-01
3.437170982360839844e-01
3.110778331756591797e-01
3.189885616302490234e-01
3.291144371032714844e-01
3.158180713653564453e-01
1.998095512390136719e-01
3.164553642272949219e-01
4.943704605102539062e-02
3.328621387481689453e-01
3.390972614288330078e-01
2.183365821838378906e-01
3.285377025604248047e-01
3.200862407684326172e-01
3.395688533782958984e-01
3.382785320281982422e-01
2.040350437164306641e-01
2.167594432830810547e-01
3.416495323181152344e-01
3.402829170227050781e-01
3.291010856628417969e-01
3.338685035705566406e-01
3.254044055938720703e-01
3.484117984771728516e-01
3.454308509826660156e-01
3.046417236328125000e-01
3.132514953613281250e-01
2.180490493774414062e-01
2.197067737579345703e-01
2.162449359893798828e-01
3.427364826202392578e-01
3.391699790954589844e-01
3.267881870269775391e-01
3.343124389648437500e-01
3.350734710693359375e-01
3.292033672332763672e-01
3.401334285736083984e-01
3.327834606170654297e-01
3.808453083038330078e-01
3.888409137725830078e-01
3.358101844787597656e-01
2.605757713317871094e-01
3.645443916320800781e-01
3.193235397338867188e-01
3.490974903106689453e-01
2.237696647644042969e-01
2.202937602996826172e-01
2.149763107299804688e-01
3.336515426635742188e-01
3.531072139739990234e-01
3.411505222320556641e-01
2.150485515594482422e-01
3.844738006591796875e-01
3.540384769439697266e-01
3.313937187194824219e-01
2.176430225372314453e-01
2.032320499420166016e-01
3.292245864868164062e-01
3.248414993286132812e-01
3.313915729522705078e-01
3.292284011840820312e-01
2.020864486694335938e-01
3.140032291412353516e-01
2.193384170532226562e-01
3.147776126861572266e-01
3.326697349548339844e-01
3.157634735107421875e-01
3.188111782073974609e-01
3.259875774383544922e-01
3.331155776977539062e-01
2.604539394378662109e-01
3.108725547790527344e-01
3.040261268615722656e-01
3.027675151824951172e-01
3.258213996887207031e-01
3.079237937927246094e-01
2.171092033386230469e-01
2.989938259124755859e-01
3.096475601196289062e-01
2.403047084808349609e-01
3.393919467926025391e-01
3.174307346343994141e-01
3.081941604614257812e-01
3.302345275878906250e-01
3.303220272064208984e-01
1.990466117858886719e-01
3.090140819549560547e-01
3.088686466217041016e-01
3.074715137481689453e-01
3.333499431610107422e-01
4.750752449035644531e-02
2.138741016387939453e-01
3.862519264221191406e-01
3.547112941741943359e-01
3.424613475799560547e-01
3.262760639190673828e-01
3.401763439178466797e-01
3.720703125000000000e-01
3.306970596313476562e-01
3.394765853881835938e-01
2.035498619079589844e-01
2.088911533355712891e-01
2.144196033477783203e-01
3.081951141357421875e-01
2.737014293670654297e-01
2.026593685150146484e-01
1.922869682312011719e-01
1.981818675994873047e-01
1.995103359222412109e-01
9.652726650238037109e-01
3.284561634063720703e-01
3.067300319671630859e-01
1.879796981811523438e-01
1.950948238372802734e-01
2.832307815551757812e-01
3.496983051300048828e-01
2.349300384521484375e-01
3.334939479827880859e-01
3.445141315460205078e-01
1.951174736022949219e-01
3.320395946502685547e-01
3.479444980621337891e-01
2.793371677398681641e-01
3.455133438110351562e-01
3.430716991424560547e-01
3.212091922760009766e-01
1.979222297668457031e-01
2.015066146850585938e-01
1.969718933105468750e-01
3.011658191680908203e-01
3.254213333129882812e-01
1.934058666229248047e-01
1.949293613433837891e-01
1.975843906402587891e-01
1.915283203125000000e-01
3.400299549102783203e-01
1.985352039337158203e-01
3.111829757690429688e-01
3.161921501159667969e-01
3.191330432891845703e-01
3.263063430786132812e-01
3.361845016479492188e-01
1.889245510101318359e-01
1.824030876159667969e-01
3.546881675720214844e-01
3.275148868560791016e-01
3.404541015625000000e-01
3.298075199127197266e-01
3.156511783599853516e-01
1.990976333618164062e-01
3.188607692718505859e-01
3.245477676391601562e-01
3.192729949951171875e-01
3.359642028808593750e-01
3.174872398376464844e-01
3.049545288085937500e-01
3.584091663360595703e-01
3.642723560333251953e-01
3.580508232116699219e-01
3.544251918792724609e-01
3.331599235534667969e-01
3.490779399871826172e-01
3.105072975158691406e-01
3.329117298126220703e-01
3.244752883911132812e-01
3.054108619689941406e-01
2.103874683380126953e-01
3.235287666320800781e-01
3.385703563690185547e-01
3.238511085510253906e-01
3.642687797546386719e-01
3.147377967834472656e-01
8.763742446899414062e-02
3.629512786865234375e-01
3.393173217773437500e-01
2.008919715881347656e-01
2.031095027923583984e-01
3.695585727691650391e-01
3.687117099761962891e-01
3.281466960906982422e-01
3.249883651733398438e-01
2.222366333007812500e-01
3.432066440582275391e-01
3.416583538055419922e-01
3.221235275268554688e-01
3.428690433502197266e-01
3.304419517517089844e-01
3.518714904785156250e-01
3.416538238525390625e-01
3.693408966064453125e-01
2.569754123687744141e-01
3.435595035552978516e-01
3.697533607482910156e-01
3.517851829528808594e-01
2.006402015686035156e-01
3.369441032409667969e-01
1.888687610626220703e-01
3.028590679168701172e-01
2.917087078094482422e-01
3.144643306732177734e-01
3.283307552337646484e-01
3.091337680816650391e-01
1.945939064025878906e-01
3.387680053710937500e-01
3.204653263092041016e-01
3.250844478607177734e-01
1.993932723999023438e-01
3.417520523071289062e-01
1.960542201995849609e-01
3.191683292388916016e-01
3.028264045715332031e-01
3.229913711547851562e-01
3.448805809020996094e-01
3.187477588653564453e-01
2.077305316925048828e-01
1.974446773529052734e-01
3.244681358337402344e-01
2.983942031860351562e-01
3.154714107513427734e-01
3.478603363037109375e-01
3.454768657684326172e-01
3.176503181457519531e-01
3.483223915100097656e-01
3.035359382629394531e-01
2.958662509918212891e-01
3.264706134796142578e-01
2.006137371063232422e-01
3.261582851409912109e-01
2.168216705322265625e-01
2.257668972015380859e-01
3.400118350982666016e-01
2.111761569976806641e-01
2.120175361633300781e-01
2.687387466430664062e-01
2.008018493652343750e-01
2.017922401428222656e-01
3.388459682464599609e-01
3.452386856079101562e-01
3.093714714050292969e-01
3.525738716125488281e-01
3.164741992950439453e-01
3.116962909698486328e-01
3.102838993072509766e-01
2.030513286590576172e-01
3.426101207733154297e-01
3.204941749572753906e-01
3.108158111572265625e-01
3.385698795318603516e-01
3.063316345214843750e-01
3.324790000915527344e-01
1.981849670410156250e-01
3.115429878234863281e-01
3.204252719879150391e-01
3.201899528503417969e-01
9.449267387390136719e-02
3.572459220886230469e-01
3.439903259277343750e-01
3.429417610168457031e-01
3.301179409027099609e-01
3.669750690460205078e-01
3.672862052917480469e-01
2.980041503906250000e-01
3.195426464080810547e-01
3.370335102081298828e-01
3.533310890197753906e-01
3.441345691680908203e-01
3.595612049102783203e-01
3.255736827850341797e-01
3.469507694244384766e-01
2.816162109375000000e-01
3.207681179046630859e-01
3.482415676116943359e-01
3.198091983795166016e-01
3.136870861053466797e-01
3.337340354919433594e-01
3.183767795562744141e-01
3.401031494140625000e-01
1.907896995544433594e-01
2.010545730590820312e-01
2.033350467681884766e-01
2.972164154052734375e-01
3.288438320159912109e-01
3.165099620819091797e-01
3.371453285217285156e-01
1.932435035705566406e-01
3.406219482421875000e-01
1.952085494995117188e-01
1.976907253265380859e-01
1.999933719635009766e-01
3.244347572326660156e-01
3.092360496520996094e-01
3.111677169799804688e-01
1.892316341400146484e-01
1.948099136352539062e-01
3.279018402099609375e-01
3.160939216613769531e-01
3.130776882171630859e-01
2.494516372680664062e-01
3.521020412445068359e-01
2.207653522491455078e-01
3.571708202362060547e-01
3.467552661895751953e-01
3.560335636138916016e-01
2.997467517852783203e-01
3.468954563140869141e-01
3.308858871459960938e-01
1.936268806457519531e-01
3.208382129669189453e-01
3.167262077331542969e-01
3.122768402099609375e-01
3.069808483123779297e-01
3.048975467681884766e-01
3.196222782135009766e-01
3.059573173522949219e-01
3.080711364746093750e-01
3.512389659881591797e-01
4.105374813079833984e-01
3.668849468231201172e-01
3.290767669677734375e-01
3.081033229827880859e-01
2.070789337158203125e-01
2.028634548187255859e-01
2.998034954071044922e-01
3.501422405242919922e-01
3.082549571990966797e-01
3.306832313537597656e-01
3.153502941131591797e-01
1.922659873962402344e-01
3.054132461547851562e-01
3.056838512420654297e-01
3.247954845428466797e-01
1.963086128234863281e-01
3.447334766387939453e-01
3.003909587860107422e-01
3.034734725952148438e-01
3.116452693939208984e-01
8.798480033874511719e-02
2.254626750946044922e-01
3.115613460540771484e-01
2.071633338928222656e-01
2.030012607574462891e-01
3.510534763336181641e-01
3.210961818695068359e-01
3.236947059631347656e-01
3.357226848602294922e-01
3.840556144714355469e-01
3.352749347686767578e-01
3.475954532623291016e-01
3.163943290710449219e-01
