9.259986877441406250e-02
8.783674240112304688e-02
1.492233276367187500e-01
1.564698219299316406e-01
1.706678867340087891e-01
1.585967540740966797e-01
8.508372306823730469e-02
8.414244651794433594e-02
9.408903121948242188e-02
1.634654998779296875e-01
1.624882221221923828e-01
1.658735275268554688e-01
1.655652523040771484e-01
8.511805534362792969e-02
8.371567726135253906e-02
9.387850761413574219e-02
1.314926147460937500e-01
1.594140529632568359e-01
8.374857902526855469e-02
8.710289001464843750e-02
8.816313743591308594e-02
8.845901489257812500e-02
9.191560745239257812e-02
8.685827255249023438e-02
8.851337432861328125e-02
8.573269844055175781e-02
1.041858196258544922e-01
8.846187591552734375e-02
1.587049961090087891e-01
9.035587310791015625e-02
1.633601188659667969e-01
1.462485790252685547e-01
9.481501579284667969e-02
9.521150588989257812e-02
8.835506439208984375e-02
9.007596969604492188e-02
8.788728713989257812e-02
1.593637466430664062e-01
1.596903800964355469e-01
1.611917018890380859e-01
1.555659770965576172e-01
1.577107906341552734e-01
1.578280925750732422e-01
1.617112159729003906e-01
1.302282810211181641e-01
8.490157127380371094e-02
9.101366996765136719e-02
8.363866806030273438e-02
8.564758300781250000e-02
8.258485794067382812e-02
8.639478683471679688e-02
1.625204086303710938e-01
1.619348526000976562e-01
1.654908657073974609e-01
1.623785495758056641e-01
1.507706642150878906e-01
1.599099636077880859e-01
1.299943923950195312e-01
8.698606491088867188e-02
1.684448719024658203e-01
1.640675067901611328e-01
1.669266223907470703e-01
1.601636409759521484e-01
1.592342853546142578e-01
1.618270874023437500e-01
1.247441768646240234e-01
1.665201187133789062e-01
1.685802936553955078e-01
1.618206501007080078e-01
1.599795818328857422e-01
1.632223129272460938e-01
1.604335308074951172e-01
1.643793582916259766e-01
1.606168746948242188e-01
1.651961803436279297e-01
1.584134101867675781e-01
1.390893459320068359e-01
1.377573013305664062e-01
1.640505790710449219e-01
1.481513977050781250e-01
9.089612960815429688e-02
9.243845939636230469e-02
9.071207046508789062e-02
8.934020996093750000e-02
8.706712722778320312e-02
8.747315406799316406e-02
9.507966041564941406e-02
9.192395210266113281e-02
1.408560276031494141e-01
9.312701225280761719e-02
8.920025825500488281e-02
9.095573425292968750e-02
9.248638153076171875e-02
8.828544616699218750e-02
1.594667434692382812e-01
2.577700614929199219e-01
1.568670272827148438e-01
1.629693508148193359e-01
1.594681739807128906e-01
1.637580394744873047e-01
1.672685146331787109e-01
1.682741641998291016e-01
1.676259040832519531e-01
1.620621681213378906e-01
1.660294532775878906e-01
1.714625358581542969e-01
8.986949920654296875e-02
8.786296844482421875e-02
8.847308158874511719e-02
9.302830696105957031e-02
9.311389923095703125e-02
9.602689743041992188e-02
9.077548980712890625e-02
9.957528114318847656e-02
9.231829643249511719e-02
9.101366996765136719e-02
8.616971969604492188e-02
8.826828002929687500e-02
9.101343154907226562e-02
8.923649787902832031e-02
9.436798095703125000e-02
8.971691131591796875e-02
8.761906623840332031e-02
8.777546882629394531e-02
8.941292762756347656e-02
8.958792686462402344e-02
9.137248992919921875e-02
9.175348281860351562e-02
9.044480323791503906e-02
9.125018119812011719e-02
9.177756309509277344e-02
9.246659278869628906e-02
9.030747413635253906e-02
9.510397911071777344e-02
9.390115737915039062e-02
9.160685539245605469e-02
9.202170372009277344e-02
1.627829074859619141e-01
1.730964183807373047e-01
1.715073585510253906e-01
1.743679046630859375e-01
1.711676120758056641e-01
1.699631214141845703e-01
1.713798046112060547e-01
1.763107776641845703e-01
1.728248596191406250e-01
1.703369617462158203e-01
1.369237899780273438e-01
9.077429771423339844e-02
9.020996093750000000e-02
8.802580833435058594e-02
9.155368804931640625e-02
9.211468696594238281e-02
9.447169303894042969e-02
1.004321575164794922e-01
9.375905990600585938e-02
8.870339393615722656e-02
9.009957313537597656e-02
9.586429595947265625e-02
1.704776287078857422e-01
1.680314540863037109e-01
1.686024665832519531e-01
9.023404121398925781e-02
1.812436580657958984e-01
1.788661479949951172e-01
1.742956638336181641e-01
1.796035766601562500e-01
1.758530139923095703e-01
1.720728874206542969e-01
1.748583316802978516e-01
1.146800518035888672e-01
9.617257118225097656e-02
9.969782829284667969e-02
9.710478782653808594e-02
1.008722782135009766e-01
9.949970245361328125e-02
9.550380706787109375e-02
1.013612747192382812e-01
9.721708297729492188e-02
9.205675125122070312e-02
9.514641761779785156e-02
9.638452529907226562e-02
9.532809257507324219e-02
9.382963180541992188e-02
9.865427017211914062e-02
9.541893005371093750e-02
9.455490112304687500e-02
9.881329536437988281e-02
9.637498855590820312e-02
9.031558036804199219e-02
9.399724006652832031e-02
9.468150138854980469e-02
9.505605697631835938e-02
9.138703346252441406e-02
9.685587882995605469e-02
9.675574302673339844e-02
9.464597702026367188e-02
9.632158279418945312e-02
9.641408920288085938e-02
9.337115287780761719e-02
1.739614009857177734e-01
1.673548221588134766e-01
9.600353240966796875e-02
9.479188919067382812e-02
9.712791442871093750e-02
1.049437522888183594e-01
9.767508506774902344e-02
9.421849250793457031e-02
9.180355072021484375e-02
9.513545036315917969e-02
9.694528579711914062e-02
1.715981960296630859e-01
1.316845417022705078e-01
1.098206043243408203e-01
1.006853580474853516e-01
1.002578735351562500e-01
1.792454719543457031e-01
1.136879920959472656e-01
9.940123558044433594e-02
1.659159660339355469e-01
1.728441715240478516e-01
1.806595325469970703e-01
1.434338092803955078e-01
1.718885898590087891e-01
1.338269710540771484e-01
9.540081024169921875e-02
9.311771392822265625e-02
9.532308578491210938e-02
9.554457664489746094e-02
1.733193397521972656e-01
1.566665172576904297e-01
9.269285202026367188e-02
8.985877037048339844e-02
9.123063087463378906e-02
9.775209426879882812e-02
1.602332592010498047e-01
9.903073310852050781e-02
1.598773002624511719e-01
9.414672851562500000e-02
1.641001701354980469e-01
1.659476757049560547e-01
1.010799407958984375e-01
9.286713600158691406e-02
9.386992454528808594e-02
9.461474418640136719e-02
9.500455856323242188e-02
9.693479537963867188e-02
1.671934127807617188e-01
1.085672378540039062e-01
1.635770797729492188e-01
1.004874706268310547e-01
9.990596771240234375e-02
1.752939224243164062e-01
1.067185401916503906e-01
9.222054481506347656e-02
1.767344474792480469e-01
1.621189117431640625e-01
1.552755832672119141e-01
9.244251251220703125e-02
1.543405055999755859e-01
1.605155467987060547e-01
1.602883338928222656e-01
9.239959716796875000e-02
9.621167182922363281e-02
1.571774482727050781e-01
1.023225784301757812e-01
1.859443187713623047e-01
1.876637935638427734e-01
1.764626502990722656e-01
1.046726703643798828e-01
1.811528205871582031e-01
1.706378459930419922e-01
9.335350990295410156e-02
1.664979457855224609e-01
9.486007690429687500e-02
1.736366748809814453e-01
1.752853393554687500e-01
1.663672924041748047e-01
8.988571166992187500e-02
1.518197059631347656e-01
1.539540290832519531e-01
9.334635734558105469e-02
9.524941444396972656e-02
9.672737121582031250e-02
9.729838371276855469e-02
1.677169799804687500e-01
9.572815895080566406e-02
9.498357772827148438e-02
9.377050399780273438e-02
1.800773143768310547e-01
1.790723800659179688e-01
1.336100101470947266e-01
9.541201591491699219e-02
9.925580024719238281e-02
1.015126705169677734e-01
9.744119644165039062e-02
9.568810462951660156e-02
9.393763542175292969e-02
9.582710266113281250e-02
9.542369842529296875e-02
1.660258769989013672e-01
1.761088371276855469e-01
9.901523590087890625e-02
9.733867645263671875e-02
1.106324195861816406e-01
9.793019294738769531e-02
1.529800891876220703e-01
1.009528636932373047e-01
1.755700111389160156e-01
1.330084800720214844e-01
1.652884483337402344e-01
1.502583026885986328e-01
9.799909591674804688e-02
1.707484722137451172e-01
1.655292510986328125e-01
1.014821529388427734e-01
9.259462356567382812e-02
9.803080558776855469e-02
9.776711463928222656e-02
1.627912521362304688e-01
1.744170188903808594e-01
1.782231330871582031e-01
1.509690284729003906e-01
9.754538536071777344e-02
9.707784652709960938e-02
9.017515182495117188e-02
1.830327510833740234e-01
1.779284477233886719e-01
1.792953014373779297e-01
1.746809482574462891e-01
1.705400943756103516e-01
1.829757690429687500e-01
1.626532077789306641e-01
1.726813316345214844e-01
1.668517589569091797e-01
9.880900382995605469e-02
1.730406284332275391e-01
1.794764995574951172e-01
1.764187812805175781e-01
1.789300441741943359e-01
1.751787662506103516e-01
1.058247089385986328e-01
1.024596691131591797e-01
9.810829162597656250e-02
9.620285034179687500e-02
9.258484840393066406e-02
9.588861465454101562e-02
9.634113311767578125e-02
9.762167930603027344e-02
1.136507987976074219e-01
9.796524047851562500e-02
9.809851646423339844e-02
9.696483612060546875e-02
1.037030220031738281e-01
9.454560279846191406e-02
1.822690963745117188e-01
1.735305786132812500e-01
1.690351963043212891e-01
1.666202545166015625e-01
1.577150821685791016e-01
1.092658042907714844e-01
1.975259780883789062e-01
1.874794960021972656e-01
1.828026771545410156e-01
1.786355972290039062e-01
1.043744087219238281e-01
1.139752864837646484e-01
9.681010246276855469e-02
9.782123565673828125e-02
1.031539440155029297e-01
9.796142578125000000e-02
1.042428016662597656e-01
1.042590141296386719e-01
1.096808910369873047e-01
1.071460247039794922e-01
1.143188476562500000e-01
1.039249897003173828e-01
1.844568252563476562e-01
1.759786605834960938e-01
1.756653785705566406e-01
1.519417762756347656e-01
1.596255302429199219e-01
1.031641960144042969e-01
1.016759872436523438e-01
1.019322872161865234e-01
1.617350578308105469e-01
9.897422790527343750e-02
1.751847267150878906e-01
1.796972751617431641e-01
1.000602245330810547e-01
1.042089462280273438e-01
1.004428863525390625e-01
1.579518318176269531e-01
1.711225509643554688e-01
1.504273414611816406e-01
1.684367656707763672e-01
9.234452247619628906e-02
1.860814094543457031e-01
1.518719196319580078e-01
1.016738414764404297e-01
1.833965778350830078e-01
1.569340229034423828e-01
9.848165512084960938e-02
9.976220130920410156e-02
9.478473663330078125e-02
9.802961349487304688e-02
1.719677448272705078e-01
9.157109260559082031e-02
9.230828285217285156e-02
9.706354141235351562e-02
9.246397018432617188e-02
9.171628952026367188e-02
9.428310394287109375e-02
1.698572635650634766e-01
1.772034168243408203e-01
1.658926010131835938e-01
1.759378910064697266e-01
1.733536720275878906e-01
1.761510372161865234e-01
1.707737445831298828e-01
9.597516059875488281e-02
9.683823585510253906e-02
9.590840339660644531e-02
9.446072578430175781e-02
9.483170509338378906e-02
9.302186965942382812e-02
9.287118911743164062e-02
9.780621528625488281e-02
1.682558059692382812e-01
1.637866497039794922e-01
9.420633316040039062e-02
9.653234481811523438e-02
9.593415260314941406e-02
9.666848182678222656e-02
9.362816810607910156e-02
9.806728363037109375e-02
9.639382362365722656e-02
9.319067001342773438e-02
1.011879444122314453e-01
9.615707397460937500e-02
9.525966644287109375e-02
9.588456153869628906e-02
1.004879474639892578e-01
9.648728370666503906e-02
9.638500213623046875e-02
9.965395927429199219e-02
1.050035953521728516e-01
9.105515480041503906e-02
9.030342102050781250e-02
9.197735786437988281e-02
8.863234519958496094e-02
9.411859512329101562e-02
9.282541275024414062e-02
9.393978118896484375e-02
9.790062904357910156e-02
9.628534317016601562e-02
9.443306922912597656e-02
1.629974842071533203e-01
1.726777553558349609e-01
1.716547012329101562e-01
9.979629516601562500e-02
8.874607086181640625e-02
9.290313720703125000e-02
9.504795074462890625e-02
9.227752685546875000e-02
1.635518074035644531e-01
1.531188488006591797e-01
1.660172939300537109e-01
9.219861030578613281e-02
9.668159484863281250e-02
9.642720222473144531e-02
9.498071670532226562e-02
9.539961814880371094e-02
9.877753257751464844e-02
9.380245208740234375e-02
9.456443786621093750e-02
9.744524955749511719e-02
9.458923339843750000e-02
9.748864173889160156e-02
9.349584579467773438e-02
9.687662124633789062e-02
9.885096549987792969e-02
9.623908996582031250e-02
9.573984146118164062e-02
9.614038467407226562e-02
1.671564579010009766e-01
9.799742698669433594e-02
9.369325637817382812e-02
5.194091796875000000e-02
1.065425872802734375e-01
1.075344085693359375e-01
1.707005500793457031e-01
1.009426116943359375e-01
1.012310981750488281e-01
1.002078056335449219e-01
9.572196006774902344e-02
1.729180812835693359e-01
1.813595294952392578e-01
1.727201938629150391e-01
1.748230457305908203e-01
1.687116622924804688e-01
9.764742851257324219e-02
9.826397895812988281e-02
1.024487018585205078e-01
1.763379573822021484e-01
1.867585182189941406e-01
1.818878650665283203e-01
1.803231239318847656e-01
1.803498268127441406e-01
1.749074459075927734e-01
9.661960601806640625e-02
1.763074398040771484e-01
1.669218540191650391e-01
1.505990028381347656e-01
9.513211250305175781e-02
9.600615501403808594e-02
1.680016517639160156e-01
8.943581581115722656e-02
1.739799976348876953e-01
1.043317317962646484e-01
9.047484397888183594e-02
9.364128112792968750e-02
9.365487098693847656e-02
8.836698532104492188e-02
9.156513214111328125e-02
9.437322616577148438e-02
9.536147117614746094e-02
9.390044212341308594e-02
9.691977500915527344e-02
9.636926651000976562e-02
9.133815765380859375e-02
1.748237609863281250e-01
1.755466461181640625e-01
1.466538906097412109e-01
1.730589866638183594e-01
1.753849983215332031e-01
1.760411262512207031e-01
1.757264137268066406e-01
1.752786636352539062e-01
1.696846485137939453e-01
1.714460849761962891e-01
1.434190273284912109e-01
1.759498119354248047e-01
1.798689365386962891e-01
1.659841537475585938e-01
9.359931945800781250e-02
9.292197227478027344e-02
9.448122978210449219e-02
9.731817245483398438e-02
9.274315834045410156e-02
1.015269756317138672e-01
1.359603404998779297e-01
9.607696533203125000e-02
9.667015075683593750e-02
1.031444072723388672e-01
1.027586460113525391e-01
9.664940834045410156e-02
9.775376319885253906e-02
9.940767288208007812e-02
9.831333160400390625e-02
9.479999542236328125e-02
9.362602233886718750e-02
9.169507026672363281e-02
9.826302528381347656e-02
9.585213661193847656e-02
9.649848937988281250e-02
9.860444068908691406e-02
9.491491317749023438e-02
9.535956382751464844e-02
9.620261192321777344e-02
9.592413902282714844e-02
9.385681152343750000e-02
9.169054031372070312e-02
9.546184539794921875e-02
9.341573715209960938e-02
9.328818321228027344e-02
9.461688995361328125e-02
9.657192230224609375e-02
9.430456161499023438e-02
9.367513656616210938e-02
9.507346153259277344e-02
9.251713752746582031e-02
9.338688850402832031e-02
9.329819679260253906e-02
9.613919258117675781e-02
9.478473663330078125e-02
1.658291816711425781e-01
1.644241809844970703e-01
1.669700145721435547e-01
1.368484497070312500e-01
1.623613834381103516e-01
9.266972541809082031e-02
9.219217300415039062e-02
1.678547859191894531e-01
1.675343513488769531e-01
1.708161830902099609e-01
1.640651226043701172e-01
1.082241535186767578e-01
1.717762947082519531e-01
9.336328506469726562e-02
9.368157386779785156e-02
1.464679241180419922e-01
1.594538688659667969e-01
8.862304687500000000e-02
1.722037792205810547e-01
1.068384647369384766e-01
1.725697517395019531e-01
1.638374328613281250e-01
9.378147125244140625e-02
9.232974052429199219e-02
9.158039093017578125e-02
2.097032070159912109e-01
8.830523490905761719e-02
9.117221832275390625e-02
9.146595001220703125e-02
8.974409103393554688e-02
9.332537651062011719e-02
9.428524971008300781e-02
9.131526947021484375e-02
9.096217155456542969e-02
9.183621406555175781e-02
9.268569946289062500e-02
8.757424354553222656e-02
9.205102920532226562e-02
9.260845184326171875e-02
9.505462646484375000e-02
9.904956817626953125e-02
9.267735481262207031e-02
9.345173835754394531e-02
9.599685668945312500e-02
9.571456909179687500e-02
9.539222717285156250e-02
9.161019325256347656e-02
9.160184860229492188e-02
9.360647201538085938e-02
9.430551528930664062e-02
8.905839920043945312e-02
1.010599136352539062e-01
1.651949882507324219e-01
1.630644798278808594e-01
1.737525463104248047e-01
1.700296401977539062e-01
1.707079410552978516e-01
1.704938411712646484e-01
1.693432331085205078e-01
1.695356369018554688e-01
1.546125411987304688e-01
9.890961647033691406e-02
9.855580329895019531e-02
9.280276298522949219e-02
9.389019012451171875e-02
4.956412315368652344e-02
1.032214164733886719e-01
1.033189296722412109e-01
1.062088012695312500e-01
1.970584392547607422e-01
1.945135593414306641e-01
1.902053356170654297e-01
1.888849735260009766e-01
1.843607425689697266e-01
1.850636005401611328e-01
1.906888484954833984e-01
9.939312934875488281e-02
1.043000221252441406e-01
1.026012897491455078e-01
1.043980121612548828e-01
1.011936664581298828e-01
1.076984405517578125e-01
1.039581298828125000e-01
1.043245792388916016e-01
1.018447875976562500e-01
1.014068126678466797e-01
1.016373634338378906e-01
9.967732429504394531e-02
1.014308929443359375e-01
9.945011138916015625e-02
9.852838516235351562e-02
1.036546230316162109e-01
9.972810745239257812e-02
1.005854606628417969e-01
9.995818138122558594e-02
9.815359115600585938e-02
1.030468940734863281e-01
9.957075119018554688e-02
9.908199310302734375e-02
9.700751304626464844e-02
9.739351272583007812e-02
1.004745960235595703e-01
1.014835834503173828e-01
1.032412052154541016e-01
1.019296646118164062e-01
1.063582897186279297e-01
1.013319492340087891e-01
9.960961341857910156e-02
1.018826961517333984e-01
1.033353805541992188e-01
1.909871101379394531e-01
1.814761161804199219e-01
1.800575256347656250e-01
1.480185985565185547e-01
1.051630973815917969e-01
1.793451309204101562e-01
1.797008514404296875e-01
1.776027679443359375e-01
1.833429336547851562e-01
1.511003971099853516e-01
9.856057167053222656e-02
1.020812988281250000e-01
1.794424057006835938e-01
1.745603084564208984e-01
1.778154373168945312e-01
1.606891155242919922e-01
9.785747528076171875e-02
9.738612174987792969e-02
9.838294982910156250e-02
9.938740730285644531e-02
9.546184539794921875e-02
9.976434707641601562e-02
9.752488136291503906e-02
1.010477542877197266e-01
9.799218177795410156e-02
1.034982204437255859e-01
1.003143787384033203e-01
1.803379058837890625e-01
1.761703491210937500e-01
1.750006675720214844e-01
1.640357971191406250e-01
1.777372360229492188e-01
1.624348163604736328e-01
1.780531406402587891e-01
1.756858825683593750e-01
9.834122657775878906e-02
9.998011589050292969e-02
9.954786300659179688e-02
9.531617164611816406e-02
9.635424613952636719e-02
1.777963638305664062e-01
1.742460727691650391e-01
1.721203327178955078e-01
1.792798042297363281e-01
1.405594348907470703e-01
9.951925277709960938e-02
1.010098457336425781e-01
1.028778553009033203e-01
9.950685501098632812e-02
9.677147865295410156e-02
1.037945747375488281e-01
9.576797485351562500e-02
1.006453037261962891e-01
1.023366451263427734e-01
9.900498390197753906e-02
1.023845672607421875e-01
1.043198108673095703e-01
1.056199073791503906e-01
9.786438941955566406e-02
9.901475906372070312e-02
9.963917732238769531e-02
1.726770401000976562e-01
9.481263160705566406e-02
9.345483779907226562e-02
9.470772743225097656e-02
9.519171714782714844e-02
9.633970260620117188e-02
1.753416061401367188e-01
1.651885509490966797e-01
1.755769252777099609e-01
1.763551235198974609e-01
1.779532432556152344e-01
1.603269577026367188e-01
1.582965850830078125e-01
8.962607383728027344e-02
9.403896331787109375e-02
9.507513046264648438e-02
9.364485740661621094e-02
9.241676330566406250e-02
9.249997138977050781e-02
9.333276748657226562e-02
9.169816970825195312e-02
9.355616569519042969e-02
9.457850456237792969e-02
1.660115718841552734e-01
1.671159267425537109e-01
1.787338256835937500e-01
1.126899719238281250e-01
1.632571220397949219e-01
1.691398620605468750e-01
1.767895221710205078e-01
1.735889911651611328e-01
1.749463081359863281e-01
1.734073162078857422e-01
1.739094257354736328e-01
1.710679531097412109e-01
1.709384918212890625e-01
1.689918041229248047e-01
1.604995727539062500e-01
1.656281948089599609e-01
1.720004081726074219e-01
1.653692722320556641e-01
1.670880317687988281e-01
1.709213256835937500e-01
1.483159065246582031e-01
9.956073760986328125e-02
9.113860130310058594e-02
9.644961357116699219e-02
9.339666366577148438e-02
9.735536575317382812e-02
1.011385917663574219e-01
9.628319740295410156e-02
9.756708145141601562e-02
9.583687782287597656e-02
9.742617607116699219e-02
9.527873992919921875e-02
9.263730049133300781e-02
1.736340522766113281e-01
9.341979026794433594e-02
1.835815906524658203e-01
1.861250400543212891e-01
1.793677806854248047e-01
1.533415317535400391e-01
1.722586154937744141e-01
1.851370334625244141e-01
1.824882030487060547e-01
9.817409515380859375e-02
9.926080703735351562e-02
9.643697738647460938e-02
1.016066074371337891e-01
9.400892257690429688e-02
9.339857101440429688e-02
9.468865394592285156e-02
9.564733505249023438e-02
1.804060935974121094e-01
1.727449893951416016e-01
1.019451618194580078e-01
9.952831268310546875e-02
1.003711223602294922e-01
1.003506183624267578e-01
9.666895866394042969e-02
9.374284744262695312e-02
9.569191932678222656e-02
9.646224975585937500e-02
9.628343582153320312e-02
9.724426269531250000e-02
1.004028320312500000e-01
9.565711021423339844e-02
1.001777648925781250e-01
9.767150878906250000e-02
9.559583663940429688e-02
9.181332588195800781e-02
9.721279144287109375e-02
1.063425540924072266e-01
9.212946891784667969e-02
9.623312950134277344e-02
9.188580513000488281e-02
9.493112564086914062e-02
9.821248054504394531e-02
9.160327911376953125e-02
1.726939678192138672e-01
1.611299514770507812e-01
9.675526618957519531e-02
8.885717391967773438e-02
9.530854225158691406e-02
9.347343444824218750e-02
9.096217155456542969e-02
9.643173217773437500e-02
9.058952331542968750e-02
9.290575981140136719e-02
9.068942070007324219e-02
9.572100639343261719e-02
9.375357627868652344e-02
9.622430801391601562e-02
9.344077110290527344e-02
8.721876144409179688e-02
8.915591239929199219e-02
9.145784378051757812e-02
8.987021446228027344e-02
8.953475952148437500e-02
8.914828300476074219e-02
9.185862541198730469e-02
8.922791481018066406e-02
9.154486656188964844e-02
9.119558334350585938e-02
9.164047241210937500e-02
9.296536445617675781e-02
9.147238731384277344e-02
8.670568466186523438e-02
9.152603149414062500e-02
9.117341041564941406e-02
9.557223320007324219e-02
9.430623054504394531e-02
9.425926208496093750e-02
9.268331527709960938e-02
9.393024444580078125e-02
9.305500984191894531e-02
1.720361709594726562e-01
1.650078296661376953e-01
1.610050201416015625e-01
9.149575233459472656e-02
9.849977493286132812e-02
9.580969810485839844e-02
9.856152534484863281e-02
9.225273132324218750e-02
9.391045570373535156e-02
9.247398376464843750e-02
9.348583221435546875e-02
1.655685901641845703e-01
9.425735473632812500e-02
9.403347969055175781e-02
9.414505958557128906e-02
1.627063751220703125e-01
1.689722537994384766e-01
1.658339500427246094e-01
1.669168472290039062e-01
1.468088626861572266e-01
9.808754920959472656e-02
9.708881378173828125e-02
9.083366394042968750e-02
9.343910217285156250e-02
9.627842903137207031e-02
9.560894966125488281e-02
8.686780929565429688e-02
8.974194526672363281e-02
9.370517730712890625e-02
9.371876716613769531e-02
9.159469604492187500e-02
9.387111663818359375e-02
8.821249008178710938e-02
8.722662925720214844e-02
9.054780006408691406e-02
1.652576923370361328e-01
1.611857414245605469e-01
9.504103660583496094e-02
8.935070037841796875e-02
1.718389987945556641e-01
1.757581233978271484e-01
1.761062145233154297e-01
9.444856643676757812e-02
9.749603271484375000e-02
9.554052352905273438e-02
9.196496009826660156e-02
9.035420417785644531e-02
1.696712970733642578e-01
1.628060340881347656e-01
1.605246067047119141e-01
1.699759960174560547e-01
1.560208797454833984e-01
9.418320655822753906e-02
1.711518764495849609e-01
1.225955486297607422e-01
9.233331680297851562e-02
9.005856513977050781e-02
8.808517456054687500e-02
9.319448471069335938e-02
8.846759796142578125e-02
1.534857749938964844e-01
9.129214286804199219e-02
9.076070785522460938e-02
8.942484855651855469e-02
9.268283843994140625e-02
1.572246551513671875e-01
9.053587913513183594e-02
1.644299030303955078e-01
1.724951267242431641e-01
1.446146965026855469e-01
9.336590766906738281e-02
9.114909172058105469e-02
1.656990051269531250e-01
1.675627231597900391e-01
1.747913360595703125e-01
1.694083213806152344e-01
1.687200069427490234e-01
1.541073322296142578e-01
8.816599845886230469e-02
9.163641929626464844e-02
8.588409423828125000e-02
9.236526489257812500e-02
9.272241592407226562e-02
9.402823448181152344e-02
4.718613624572753906e-02
1.046350002288818359e-01
1.087768077850341797e-01
1.030352115631103516e-01
1.014459133148193359e-01
1.016402244567871094e-01
1.008825302124023438e-01
9.845733642578125000e-02
1.027958393096923828e-01
1.008281707763671875e-01
9.664440155029296875e-02
1.751794815063476562e-01
1.016817092895507812e-01
9.512305259704589844e-02
1.724710464477539062e-01
1.760957241058349609e-01
1.670284271240234375e-01
9.618210792541503906e-02
9.772753715515136719e-02
9.852910041809082031e-02
9.519577026367187500e-02
9.597182273864746094e-02
9.724497795104980469e-02
9.609270095825195312e-02
9.861469268798828125e-02
9.587073326110839844e-02
9.399271011352539062e-02
9.641170501708984375e-02
9.179830551147460938e-02
9.361052513122558594e-02
9.350442886352539062e-02
9.555625915527343750e-02
9.726071357727050781e-02
9.311556816101074219e-02
1.626486778259277344e-01
1.667599678039550781e-01
1.009953022003173828e-01
9.040880203247070312e-02
9.018993377685546875e-02
9.384560585021972656e-02
9.311175346374511719e-02
9.249019622802734375e-02
9.580016136169433594e-02
9.186148643493652344e-02
9.938001632690429688e-02
9.570622444152832031e-02
9.276866912841796875e-02
8.549928665161132812e-02
8.893013000488281250e-02
9.036803245544433594e-02
8.961963653564453125e-02
9.250640869140625000e-02
9.135866165161132812e-02
1.686575412750244141e-01
1.607029438018798828e-01
1.683700084686279297e-01
1.677355766296386719e-01
1.547827720642089844e-01
1.751132011413574219e-01
1.420972347259521484e-01
1.706523895263671875e-01
1.693542003631591797e-01
1.669297218322753906e-01
1.455249786376953125e-01
1.678791046142578125e-01
1.670603752136230469e-01
1.707308292388916016e-01
1.256945133209228516e-01
9.286403656005859375e-02
8.799839019775390625e-02
8.959817886352539062e-02
9.646320343017578125e-02
1.602566242218017578e-01
1.566984653472900391e-01
1.629323959350585938e-01
1.717364788055419922e-01
1.708009243011474609e-01
1.494166851043701172e-01
9.761857986450195312e-02
9.842300415039062500e-02
1.676554679870605469e-01
1.683802604675292969e-01
1.662979125976562500e-01
1.632342338562011719e-01
1.660108566284179688e-01
1.702468395233154297e-01
1.735081672668457031e-01
1.732766628265380859e-01
1.725554466247558594e-01
1.694138050079345703e-01
1.291749477386474609e-01
1.290345191955566406e-01
9.202671051025390625e-02
1.662406921386718750e-01
1.654229164123535156e-01
1.354706287384033203e-01
9.272718429565429688e-02
9.181022644042968750e-02
9.497356414794921875e-02
1.019797325134277344e-01
9.586286544799804688e-02
9.283113479614257812e-02
9.205079078674316406e-02
9.251523017883300781e-02
9.174299240112304688e-02
9.237742424011230469e-02
9.024548530578613281e-02
9.029889106750488281e-02
9.298110008239746094e-02
9.289884567260742188e-02
1.434142589569091797e-01
1.702172756195068359e-01
1.568877696990966797e-01
1.374511718750000000e-01
9.076857566833496094e-02
9.241032600402832031e-02
9.074735641479492188e-02
9.359836578369140625e-02
9.204030036926269531e-02
9.485292434692382812e-02
1.772375106811523438e-01
1.683301925659179688e-01
1.581587791442871094e-01
1.537444591522216797e-01
9.283208847045898438e-02
1.737689971923828125e-01
1.708841323852539062e-01
9.756255149841308594e-02
9.845566749572753906e-02
9.429049491882324219e-02
1.008672714233398438e-01
9.410381317138671875e-02
9.010934829711914062e-02
1.683971881866455078e-01
1.673161983489990234e-01
9.376287460327148438e-02
1.649205684661865234e-01
1.660623550415039062e-01
1.607072353363037109e-01
9.264564514160156250e-02
8.881616592407226562e-02
8.866620063781738281e-02
9.282350540161132812e-02
8.983969688415527344e-02
9.382629394531250000e-02
9.109115600585937500e-02
9.086632728576660156e-02
9.586644172668457031e-02
1.763978004455566406e-01
1.521778106689453125e-01
9.143471717834472656e-02
9.188938140869140625e-02
9.970855712890625000e-02
9.221458435058593750e-02
1.640789508819580078e-01
1.463172435760498047e-01
9.466648101806640625e-02
9.545588493347167969e-02
9.161972999572753906e-02
9.379053115844726562e-02
9.512519836425781250e-02
9.346532821655273438e-02
9.291815757751464844e-02
4.808807373046875000e-02
1.050353050231933594e-01
1.034979820251464844e-01
1.668639183044433594e-01
9.608769416809082031e-02
6.767694950103759766e-01
1.762466430664062500e-01
1.795730590820312500e-01
1.007878780364990234e-01
1.020379066467285156e-01
9.951043128967285156e-02
9.644365310668945312e-02
1.764152050018310547e-01
9.818625450134277344e-02
1.719694137573242188e-01
9.729743003845214844e-02
1.012749671936035156e-01
9.752058982849121094e-02
1.021709442138671875e-01
9.730505943298339844e-02
9.723663330078125000e-02
1.012344360351562500e-01
9.739160537719726562e-02
9.233689308166503906e-02
9.230828285217285156e-02
9.779834747314453125e-02
9.326529502868652344e-02
1.709177494049072266e-01
1.712155342102050781e-01
1.730225086212158203e-01
1.631739139556884766e-01
9.129452705383300781e-02
1.007356643676757812e-01
1.031072139739990234e-01
1.019959449768066406e-01
9.786248207092285156e-02
9.599733352661132812e-02
9.362292289733886719e-02
1.799931526184082031e-01
1.743953227996826172e-01
1.675438880920410156e-01
1.708221435546875000e-01
1.655483245849609375e-01
1.638555526733398438e-01
1.787931919097900391e-01
1.730809211730957031e-01
2.833988666534423828e-01
8.896756172180175781e-02
1.652975082397460938e-01
8.932185173034667969e-02
9.456062316894531250e-02
1.781117916107177734e-01
9.162998199462890625e-02
9.252953529357910156e-02
9.628796577453613281e-02
9.584856033325195312e-02
1.058249473571777344e-01
9.767436981201171875e-02
9.692525863647460938e-02
1.714127063751220703e-01
1.561551094055175781e-01
9.703564643859863281e-02
9.556674957275390625e-02
9.818506240844726562e-02
9.832000732421875000e-02
1.764392852783203125e-01
1.735637187957763672e-01
1.718835830688476562e-01
1.637573242187500000e-01
1.638379096984863281e-01
1.651053428649902344e-01
1.675083637237548828e-01
1.684811115264892578e-01
1.671664714813232422e-01
1.670420169830322266e-01
1.711351871490478516e-01
1.649844646453857422e-01
1.689357757568359375e-01
1.686925888061523438e-01
1.681306362152099609e-01
1.646559238433837891e-01
1.630146503448486328e-01
1.673107147216796875e-01
1.714768409729003906e-01
1.717028617858886719e-01
1.748378276824951172e-01
1.676688194274902344e-01
1.686947345733642578e-01
1.669597625732421875e-01
1.658012866973876953e-01
1.659579277038574219e-01
1.728138923645019531e-01
1.648344993591308594e-01
1.527254581451416016e-01
9.495902061462402344e-02
9.438467025756835938e-02
9.734392166137695312e-02
9.571123123168945312e-02
9.798979759216308594e-02
9.270167350769042969e-02
1.754662990570068359e-01
1.507492065429687500e-01
1.721823215484619141e-01
1.623756885528564453e-01
1.608068943023681641e-01
1.617507934570312500e-01
1.719136238098144531e-01
1.712698936462402344e-01
1.651260852813720703e-01
1.644833087921142578e-01
1.687109470367431641e-01
9.684848785400390625e-02
9.615993499755859375e-02
1.008496284484863281e-01
1.014137268066406250e-01
9.791207313537597656e-02
9.987664222717285156e-02
9.954714775085449219e-02
9.599065780639648438e-02
9.677076339721679688e-02
9.627890586853027344e-02
1.005396842956542969e-01
9.625530242919921875e-02
9.419441223144531250e-02
9.604930877685546875e-02
9.910440444946289062e-02
9.499812126159667969e-02
9.737777709960937500e-02
1.002697944641113281e-01
9.345149993896484375e-02
9.232139587402343750e-02
9.609651565551757812e-02
9.281396865844726562e-02
1.449258327484130859e-01
9.336972236633300781e-02
9.291124343872070312e-02
9.224390983581542969e-02
9.656834602355957031e-02
9.619188308715820312e-02
9.669208526611328125e-02
8.282232284545898438e-02
8.970761299133300781e-02
8.687639236450195312e-02
8.952736854553222656e-02
9.067130088806152344e-02
8.617734909057617188e-02
1.043574810028076172e-01
9.063076972961425781e-02
9.064531326293945312e-02
9.069037437438964844e-02
8.879947662353515625e-02
8.923578262329101562e-02
9.258198738098144531e-02
9.381341934204101562e-02
9.225296974182128906e-02
9.502887725830078125e-02
9.353160858154296875e-02
1.632664203643798828e-01
8.708024024963378906e-02
9.021210670471191406e-02
1.630799770355224609e-01
1.642706394195556641e-01
8.993101119995117188e-02
4.259729385375976562e-02
9.990119934082031250e-02
1.043963432312011719e-01
1.027011871337890625e-01
1.475496292114257812e-01
1.793153285980224609e-01
9.545397758483886719e-02
9.860420227050781250e-02
9.550619125366210938e-02
1.021816730499267578e-01
9.542512893676757812e-02
9.765124320983886719e-02
1.822202205657958984e-01
1.773898601531982422e-01
9.272217750549316406e-02
9.802794456481933594e-02
9.834599494934082031e-02
9.203767776489257812e-02
9.575247764587402344e-02
9.371423721313476562e-02
9.587264060974121094e-02
9.910845756530761719e-02
9.420609474182128906e-02
1.786150932312011719e-01
1.774961948394775391e-01
1.781108379364013672e-01
1.805951595306396484e-01
1.206355094909667969e-01
9.794259071350097656e-02
1.560714244842529297e-01
1.615467071533203125e-01
1.388776302337646484e-01
1.767108440399169922e-01
1.737127304077148438e-01
1.686744689941406250e-01
1.724669933319091797e-01
1.778931617736816406e-01
1.642346382141113281e-01
9.960699081420898438e-02
1.622619628906250000e-01
1.702706813812255859e-01
1.585564613342285156e-01
1.374094486236572266e-01
1.749622821807861328e-01
1.434471607208251953e-01
9.798860549926757812e-02
9.665989875793457031e-02
1.786112785339355469e-01
1.837356090545654297e-01
1.436240673065185547e-01
1.042118072509765625e-01
1.002888679504394531e-01
1.029586791992187500e-01
9.883761405944824219e-02
1.735134124755859375e-01
1.759369373321533203e-01
1.449782848358154297e-01
1.569097042083740234e-01
1.623184680938720703e-01
9.544587135314941406e-02
9.701085090637207031e-02
1.755518913269042969e-01
1.790082454681396484e-01
1.678512096405029297e-01
1.651439666748046875e-01
1.704363822937011719e-01
1.738207340240478516e-01
1.427912712097167969e-01
1.683628559112548828e-01
9.168219566345214844e-02
9.262704849243164062e-02
9.289813041687011719e-02
9.872841835021972656e-02
9.536981582641601562e-02
9.174752235412597656e-02
8.886647224426269531e-02
9.280085563659667969e-02
1.702623367309570312e-01
1.276297569274902344e-01
9.431529045104980469e-02
9.866571426391601562e-02
9.974145889282226562e-02
9.904217720031738281e-02
9.729313850402832031e-02
9.488701820373535156e-02
8.987164497375488281e-02
8.937454223632812500e-02
9.417629241943359375e-02
9.198570251464843750e-02
1.011886596679687500e-01
9.539937973022460938e-02
1.044721603393554688e-01
1.013021469116210938e-01
1.015765666961669922e-01
9.560465812683105469e-02
9.680628776550292969e-02
9.777998924255371094e-02
1.020839214324951172e-01
9.391045570373535156e-02
9.720778465270996094e-02
9.803485870361328125e-02
9.704852104187011719e-02
9.881663322448730469e-02
9.809780120849609375e-02
1.009831428527832031e-01
9.546375274658203125e-02
1.743042469024658203e-01
1.679215431213378906e-01
9.521174430847167969e-02
9.430480003356933594e-02
9.448862075805664062e-02
9.698152542114257812e-02
1.008293628692626953e-01
1.714992523193359375e-01
1.652503013610839844e-01
1.395118236541748047e-01
9.899806976318359375e-02
9.517121315002441406e-02
9.799981117248535156e-02
1.532189846038818359e-01
1.759052276611328125e-01
1.741676330566406250e-01
1.689670085906982422e-01
1.679968833923339844e-01
1.393561363220214844e-01
9.227108955383300781e-02
9.162974357604980469e-02
1.492760181427001953e-01
1.730880737304687500e-01
1.687092781066894531e-01
1.332039833068847656e-01
1.750652790069580078e-01
1.697068214416503906e-01
1.743526458740234375e-01
1.781623363494873047e-01
1.687557697296142578e-01
1.657443046569824219e-01
1.713173389434814453e-01
1.403160095214843750e-01
1.757693290710449219e-01
1.752657890319824219e-01
1.712665557861328125e-01
1.735241413116455078e-01
1.680035591125488281e-01
1.765275001525878906e-01
1.485080718994140625e-01
1.687779426574707031e-01
1.529600620269775391e-01
1.787970066070556641e-01
1.178252696990966797e-01
9.778451919555664062e-02
9.929227828979492188e-02
1.673741340637207031e-01
9.710860252380371094e-02
9.905338287353515625e-02
1.735000610351562500e-01
1.800284385681152344e-01
1.736354827880859375e-01
1.757698059082031250e-01
1.783022880554199219e-01
1.407530307769775391e-01
1.403951644897460938e-01
1.756811141967773438e-01
9.432768821716308594e-02
1.884813308715820312e-01
1.890711784362792969e-01
1.501564979553222656e-01
1.004669666290283203e-01
1.026854515075683594e-01
1.016094684600830078e-01
1.791920661926269531e-01
1.664452552795410156e-01
1.877567768096923828e-01
1.860349178314208984e-01
1.036295890808105469e-01
1.848907470703125000e-01
1.804788112640380859e-01
1.764867305755615234e-01
1.755785942077636719e-01
1.739823818206787109e-01
1.796319484710693359e-01
1.713275909423828125e-01
9.660220146179199219e-02
1.006255149841308594e-01
9.691596031188964844e-02
1.586098670959472656e-01
9.466481208801269531e-02
9.638762474060058594e-02
9.443020820617675781e-02
9.644007682800292969e-02
9.939432144165039062e-02
9.571456909179687500e-02
9.800314903259277344e-02
9.799933433532714844e-02
9.928941726684570312e-02
9.387040138244628906e-02
1.014270782470703125e-01
9.845280647277832031e-02
1.023793220520019531e-01
9.277129173278808594e-02
9.442067146301269531e-02
9.658837318420410156e-02
1.061646938323974609e-01
9.704685211181640625e-02
9.212517738342285156e-02
9.517288208007812500e-02
9.878492355346679688e-02
1.689946651458740234e-01
1.711416244506835938e-01
1.756443977355957031e-01
1.085205078125000000e-01
9.526014328002929688e-02
9.757733345031738281e-02
1.780343055725097656e-01
1.722338199615478516e-01
1.525986194610595703e-01
1.727859973907470703e-01
9.915375709533691406e-02
9.576249122619628906e-02
1.019260883331298828e-01
9.983515739440917969e-02
9.581255912780761719e-02
9.528017044067382812e-02
9.364986419677734375e-02
9.478640556335449219e-02
9.540081024169921875e-02
9.510898590087890625e-02
9.479165077209472656e-02
9.764504432678222656e-02
9.493064880371093750e-02
9.191322326660156250e-02
9.363698959350585938e-02
9.753751754760742188e-02
1.601147651672363281e-01
1.627221107482910156e-01
9.311819076538085938e-02
9.267473220825195312e-02
9.176468849182128906e-02
9.425735473632812500e-02
9.237480163574218750e-02
9.570646286010742188e-02
9.403705596923828125e-02
9.275722503662109375e-02
9.074878692626953125e-02
9.480881690979003906e-02
9.799027442932128906e-02
9.526801109313964844e-02
1.694436073303222656e-01
1.704065799713134766e-01
1.702382564544677734e-01
1.736714839935302734e-01
1.665542125701904297e-01
1.372511386871337891e-01
1.411559581756591797e-01
1.744906902313232422e-01
1.538012027740478516e-01
1.678814888000488281e-01
1.681928634643554688e-01
1.791772842407226562e-01
1.534245014190673828e-01
1.414644718170166016e-01
1.706342697143554688e-01
1.680305004119873047e-01
1.601412296295166016e-01
1.683161258697509766e-01
1.745681762695312500e-01
1.378383636474609375e-01
9.181022644042968750e-02
9.159803390502929688e-02
9.567141532897949219e-02
9.491753578186035156e-02
1.675915718078613281e-01
9.335994720458984375e-02
9.622049331665039062e-02
9.382367134094238281e-02
9.371376037597656250e-02
9.509062767028808594e-02
9.292459487915039062e-02
9.249353408813476562e-02
9.547758102416992188e-02
9.278082847595214844e-02
9.342741966247558594e-02
9.615969657897949219e-02
9.494519233703613281e-02
9.434533119201660156e-02
9.623312950134277344e-02
9.960603713989257812e-02
9.715485572814941406e-02
9.171557426452636719e-02
1.579003334045410156e-01
1.669931411743164062e-01
1.764788627624511719e-01
1.661028861999511719e-01
1.673312187194824219e-01
1.719696521759033203e-01
1.681756973266601562e-01
1.681561470031738281e-01
1.308507919311523438e-01
9.484696388244628906e-02
1.776382923126220703e-01
1.645672321319580078e-01
9.848546981811523438e-02
9.796166419982910156e-02
1.686959266662597656e-01
9.626030921936035156e-02
9.882116317749023438e-02
9.602499008178710938e-02
9.812283515930175781e-02
9.747266769409179688e-02
9.752750396728515625e-02
9.114766120910644531e-02
9.132266044616699219e-02
1.706678867340087891e-01
9.223341941833496094e-02
1.589000225067138672e-01
9.670448303222656250e-02
9.970545768737792969e-02
9.792852401733398438e-02
9.553790092468261719e-02
9.058499336242675781e-02
9.373331069946289062e-02
9.578585624694824219e-02
9.726667404174804688e-02
9.489274024963378906e-02
1.753237247467041016e-01
1.724512577056884766e-01
9.137248992919921875e-02
1.830856800079345703e-01
1.577656269073486328e-01
1.793439388275146484e-01
1.748516559600830078e-01
1.784002780914306641e-01
1.802964210510253906e-01
1.720223426818847656e-01
1.751217842102050781e-01
1.813161373138427734e-01
1.820609569549560547e-01
1.609077453613281250e-01
1.791269779205322266e-01
1.791093349456787109e-01
1.706032752990722656e-01
1.712505817413330078e-01
1.702129840850830078e-01
1.637272834777832031e-01
1.789395809173583984e-01
1.796081066131591797e-01
1.653628349304199219e-01
1.720588207244873047e-01
1.656916141510009766e-01
1.710984706878662109e-01
1.515219211578369141e-01
1.002631187438964844e-01
9.716129302978515625e-02
9.537792205810546875e-02
9.642529487609863281e-02
9.368515014648437500e-02
9.302735328674316406e-02
1.689882278442382812e-01
1.648344993591308594e-01
1.408214569091796875e-01
9.832262992858886719e-02
9.806680679321289062e-02
9.830880165100097656e-02
1.809027194976806641e-01
1.176359653472900391e-01
9.321284294128417969e-02
9.692883491516113281e-02
9.474039077758789062e-02
9.435081481933593750e-02
9.161353111267089844e-02
9.733796119689941406e-02
1.029806137084960938e-01
9.653043746948242188e-02
1.768224239349365234e-01
1.666271686553955078e-01
9.521651268005371094e-02
9.996652603149414062e-02
1.616024971008300781e-01
9.282517433166503906e-02
9.522533416748046875e-02
9.624862670898437500e-02
9.216713905334472656e-02
9.890604019165039062e-02
9.771275520324707031e-02
9.908223152160644531e-02
9.930062294006347656e-02
9.604525566101074219e-02
1.822130680084228516e-01
1.836466789245605469e-01
1.945974826812744141e-01
1.344764232635498047e-01
1.719601154327392578e-01
1.867792606353759766e-01
1.718320846557617188e-01
9.335017204284667969e-02
1.669011116027832031e-01
9.245300292968750000e-02
9.721040725708007812e-02
9.746122360229492188e-02
9.322428703308105469e-02
9.446239471435546875e-02
9.212112426757812500e-02
9.751987457275390625e-02
1.673393249511718750e-01
9.188389778137207031e-02
9.473633766174316406e-02
9.575366973876953125e-02
1.642367839813232422e-01
1.041038036346435547e-01
9.469604492187500000e-02
9.807252883911132812e-02
1.717896461486816406e-01
1.035261154174804688e-01
1.054003238677978516e-01
1.142492294311523438e-01
1.034922599792480469e-01
1.068556308746337891e-01
1.805300712585449219e-01
1.750497817993164062e-01
9.725213050842285156e-02
1.002018451690673828e-01
9.666085243225097656e-02
1.789758205413818359e-01
1.744742393493652344e-01
1.829187870025634766e-01
1.752059459686279297e-01
9.916806221008300781e-02
1.780469417572021484e-01
1.533746719360351562e-01
1.106884479522705078e-01
1.080536842346191406e-01
1.828799247741699219e-01
1.720521450042724609e-01
9.459447860717773438e-02
9.354496002197265625e-02
9.556055068969726562e-02
1.228213310241699219e-01
1.058237552642822266e-01
1.602311134338378906e-01
9.891629219055175781e-02
9.688043594360351562e-02
1.824114322662353516e-01
1.878254413604736328e-01
1.887228488922119141e-01
1.768207550048828125e-01
1.699602603912353516e-01
1.009294986724853516e-01
1.001722812652587891e-01
9.490060806274414062e-02
9.729790687561035156e-02
9.636712074279785156e-02
9.979414939880371094e-02
9.874415397644042969e-02
1.012470722198486328e-01
9.585952758789062500e-02
9.936475753784179688e-02
9.907817840576171875e-02
9.856295585632324219e-02
9.511113166809082031e-02
9.604382514953613281e-02
9.962606430053710938e-02
1.010942459106445312e-01
9.775495529174804688e-02
9.753394126892089844e-02
9.846186637878417969e-02
1.009116172790527344e-01
9.731316566467285156e-02
9.802508354187011719e-02
9.805631637573242188e-02
9.130501747131347656e-02
1.690590381622314453e-01
9.780430793762207031e-02
1.735455989837646484e-01
1.847183704376220703e-01
3.053936958312988281e-01
1.097447872161865234e-01
1.004288196563720703e-01
1.733245849609375000e-01
1.638889312744140625e-01
9.655046463012695312e-02
9.967017173767089844e-02
1.027662754058837891e-01
9.864687919616699219e-02
9.469151496887207031e-02
9.687709808349609375e-02
1.789846420288085938e-01
1.890628337860107422e-01
1.509914398193359375e-01
9.338688850402832031e-02
4.458212852478027344e-02
9.914326667785644531e-02
9.517884254455566406e-02
1.679294109344482422e-01
1.645982265472412109e-01
9.690308570861816406e-02
1.652979850769042969e-01
9.849524497985839844e-02
9.323167800903320312e-02
1.736543178558349609e-01
9.847283363342285156e-02
1.672322750091552734e-01
9.991765022277832031e-02
9.813618659973144531e-02
9.886193275451660156e-02
9.839630126953125000e-02
9.558916091918945312e-02
1.681735515594482422e-01
1.657490730285644531e-01
1.656103134155273438e-01
1.004359722137451172e-01
9.931349754333496094e-02
1.873815059661865234e-01
1.466312408447265625e-01
1.662464141845703125e-01
9.921336174011230469e-02
9.422206878662109375e-02
1.013343334197998047e-01
1.056423187255859375e-01
9.485149383544921875e-02
9.626460075378417969e-02
1.212866306304931641e-01
1.753082275390625000e-01
1.736221313476562500e-01
1.746454238891601562e-01
1.771936416625976562e-01
1.762416362762451172e-01
1.627175807952880859e-01
1.511478424072265625e-01
1.724917888641357422e-01
1.704869270324707031e-01
1.745166778564453125e-01
1.645035743713378906e-01
1.790134906768798828e-01
1.677684783935546875e-01
1.702218055725097656e-01
1.723725795745849609e-01
9.517478942871093750e-02
9.661960601806640625e-02
9.557056427001953125e-02
9.368610382080078125e-02
9.145164489746093750e-02
1.784789562225341797e-01
1.687068939208984375e-01
1.706452369689941406e-01
8.924603462219238281e-02
9.317898750305175781e-02
1.604738235473632812e-01
9.118247032165527344e-02
1.391270160675048828e-01
8.935546875000000000e-02
9.582543373107910156e-02
9.067130088806152344e-02
9.185457229614257812e-02
9.408402442932128906e-02
1.743223667144775391e-01
1.703400611877441406e-01
1.369998455047607422e-01
1.567764282226562500e-01
1.757981777191162109e-01
9.850430488586425781e-02
1.043555736541748047e-01
1.004023551940917969e-01
1.055884361267089844e-01
1.067054271697998047e-01
9.780430793762207031e-02
1.028563976287841797e-01
1.008985042572021484e-01
1.126935482025146484e-01
1.081495285034179688e-01
1.763024330139160156e-01
1.113660335540771484e-01
1.633796691894531250e-01
1.770718097686767578e-01
1.642835140228271484e-01
1.716790199279785156e-01
1.690194606781005859e-01
1.104478836059570312e-01
9.741258621215820312e-02
9.398055076599121094e-02
9.214448928833007812e-02
9.679102897644042969e-02
9.424471855163574219e-02
1.688072681427001953e-01
1.717541217803955078e-01
1.787502765655517578e-01
1.641736030578613281e-01
9.979534149169921875e-02
1.787364482879638672e-01
9.807705879211425781e-02
9.613656997680664062e-02
9.603595733642578125e-02
9.852790832519531250e-02
1.704087257385253906e-01
9.316539764404296875e-02
1.750822067260742188e-01
1.772401332855224609e-01
1.729128360748291016e-01
1.775209903717041016e-01
1.686458587646484375e-01
1.694893836975097656e-01
1.747152805328369141e-01
1.687519550323486328e-01
9.592986106872558594e-02
9.605765342712402344e-02
1.001172065734863281e-01
9.593605995178222656e-02
9.878158569335937500e-02
9.335255622863769531e-02
9.836411476135253906e-02
1.754298210144042969e-01
1.699347496032714844e-01
1.755845546722412109e-01
1.705448627471923828e-01
1.737790107727050781e-01
1.629741191864013672e-01
9.275889396667480469e-02
1.708476543426513672e-01
1.709468364715576172e-01
1.724293231964111328e-01
1.732633113861083984e-01
1.023688316345214844e-01
9.720921516418457031e-02
1.018149852752685547e-01
9.561395645141601562e-02
1.005787849426269531e-01
1.002726554870605469e-01
9.699440002441406250e-02
9.467720985412597656e-02
9.862565994262695312e-02
9.680080413818359375e-02
9.851193428039550781e-02
9.308123588562011719e-02
1.474573612213134766e-01
9.306097030639648438e-02
9.789729118347167969e-02
1.734957695007324219e-01
1.005899906158447266e-01
1.002330780029296875e-01
9.551930427551269531e-02
9.833335876464843750e-02
9.497094154357910156e-02
9.575724601745605469e-02
1.035969257354736328e-01
1.694676876068115234e-01
9.820628166198730469e-02
9.952187538146972656e-02
9.070587158203125000e-02
9.221816062927246094e-02
9.128117561340332031e-02
9.564518928527832031e-02
1.004490852355957031e-01
9.190011024475097656e-02
4.659533500671386719e-02
1.002299785614013672e-01
1.830310821533203125e-01
1.804373264312744141e-01
1.646733283996582031e-01
1.005980968475341797e-01
9.954571723937988281e-02
1.006205081939697266e-01
1.767354011535644531e-01
1.847624778747558594e-01
1.820740699768066406e-01
1.740739345550537109e-01
1.054656505584716797e-01
1.836473941802978516e-01
1.778910160064697266e-01
9.668636322021484375e-02
9.720206260681152344e-02
9.747219085693359375e-02
1.002495288848876953e-01
9.909033775329589844e-02
1.013550758361816406e-01
1.011323928833007812e-01
1.009659767150878906e-01
1.048636436462402344e-01
9.683370590209960938e-02
9.818291664123535156e-02
9.905552864074707031e-02
9.795212745666503906e-02
1.007275581359863281e-01
9.840607643127441406e-02
1.450715065002441406e-01
1.766257286071777344e-01
1.678366661071777344e-01
1.757953166961669922e-01
1.622009277343750000e-01
9.577155113220214844e-02
9.522461891174316406e-02
9.547734260559082031e-02
9.527397155761718750e-02
9.470224380493164062e-02
9.774708747863769531e-02
1.642441749572753906e-01
1.754021644592285156e-01
1.705484390258789062e-01
1.610889434814453125e-01
1.294178962707519531e-01
1.023848056793212891e-01
9.876704216003417969e-02
9.752297401428222656e-02
9.688329696655273438e-02
9.878087043762207031e-02
9.460330009460449219e-02
9.658217430114746094e-02
9.753322601318359375e-02
9.691834449768066406e-02
9.781527519226074219e-02
9.461832046508789062e-02
1.688327789306640625e-01
1.715202331542968750e-01
1.703646183013916016e-01
9.756350517272949219e-02
9.626936912536621094e-02
9.870529174804687500e-02
9.575557708740234375e-02
9.783911705017089844e-02
9.794187545776367188e-02
9.459829330444335938e-02
1.016819477081298828e-01
1.726770401000976562e-01
1.333341598510742188e-01
9.430670738220214844e-02
1.019070148468017578e-01
9.426355361938476562e-02
9.768772125244140625e-02
9.990882873535156250e-02
1.254520416259765625e-01
1.121330261230468750e-01
1.861906051635742188e-01
1.764602661132812500e-01
1.762349605560302734e-01
1.134417057037353516e-01
1.480932235717773438e-01
1.011178493499755859e-01
1.548345088958740234e-01
9.759473800659179688e-02
9.776735305786132812e-02
1.028363704681396484e-01
1.770870685577392578e-01
1.759638786315917969e-01
1.495819091796875000e-01
9.591221809387207031e-02
1.728370189666748047e-01
1.748425960540771484e-01
1.664764881134033203e-01
1.540219783782958984e-01
9.482479095458984375e-02
9.514689445495605469e-02
9.546899795532226562e-02
1.720910072326660156e-01
1.730763912200927734e-01
1.262269020080566406e-01
1.057271957397460938e-01
1.637296676635742188e-01
9.660100936889648438e-02
9.563994407653808594e-02
9.666228294372558594e-02
9.452915191650390625e-02
9.058094024658203125e-02
1.722934246063232422e-01
1.648080348968505859e-01
9.409093856811523438e-02
1.647853851318359375e-01
1.011145114898681641e-01
1.176624298095703125e-01
1.017866134643554688e-01
1.757020950317382812e-01
1.700384616851806641e-01
9.847235679626464844e-02
1.346075534820556641e-01
1.649065017700195312e-01
1.671979427337646484e-01
8.995580673217773438e-02
9.039449691772460938e-02
9.100532531738281250e-02
9.473538398742675781e-02
9.498834609985351562e-02
9.638261795043945312e-02
8.936786651611328125e-02
9.213972091674804688e-02
8.996462821960449219e-02
1.737999916076660156e-01
1.799585819244384766e-01
1.020898818969726562e-01
1.442620754241943359e-01
9.253668785095214844e-02
9.317040443420410156e-02
1.566092967987060547e-01
8.714938163757324219e-02
9.148144721984863281e-02
1.695227622985839844e-01
1.856031417846679688e-01
1.752953529357910156e-01
1.706771850585937500e-01
1.672089099884033203e-01
9.502553939819335938e-02
1.663100719451904297e-01
9.344148635864257812e-02
9.223246574401855469e-02
9.364271163940429688e-02
9.381961822509765625e-02
1.658937931060791016e-01
1.776232719421386719e-01
1.631753444671630859e-01
9.368801116943359375e-02
9.374475479125976562e-02
9.288644790649414062e-02
1.040794849395751953e-01
9.981656074523925781e-02
9.080624580383300781e-02
9.126043319702148438e-02
1.395056247711181641e-01
9.375572204589843750e-02
1.061301231384277344e-01
5.642533302307128906e-02
1.120672225952148438e-01
1.317894458770751953e-01
1.049184799194335938e-01
1.694960594177246094e-01
1.492714881896972656e-01
1.616783142089843750e-01
1.681733131408691406e-01
9.864997863769531250e-02
1.004898548126220703e-01
9.899044036865234375e-02
1.224498748779296875e-01
1.025013923645019531e-01
1.751487255096435547e-01
1.758978366851806641e-01
1.027202606201171875e-01
1.752676963806152344e-01
1.033363342285156250e-01
1.004130840301513672e-01
1.073181629180908203e-01
1.876842975616455078e-01
1.892251968383789062e-01
1.881897449493408203e-01
1.859254837036132812e-01
1.814999580383300781e-01
1.217310428619384766e-01
1.107316017150878906e-01
1.817607879638671875e-01
1.799888610839843750e-01
1.445896625518798828e-01
9.588932991027832031e-02
1.542448997497558594e-01
1.013381481170654297e-01
9.512829780578613281e-02
9.875750541687011719e-02
9.466338157653808594e-02
9.393095970153808594e-02
9.501838684082031250e-02
9.618330001831054688e-02
9.585332870483398438e-02
9.265518188476562500e-02
9.292554855346679688e-02
9.569358825683593750e-02
9.569001197814941406e-02
9.541463851928710938e-02
9.729719161987304688e-02
1.065294742584228516e-01
1.010570526123046875e-01
1.018340587615966797e-01
9.805488586425781250e-02
9.720301628112792969e-02
9.956598281860351562e-02
9.505629539489746094e-02
9.411787986755371094e-02
9.352660179138183594e-02
9.655761718750000000e-02
9.582161903381347656e-02
1.812503337860107422e-01
1.187994480133056641e-01
1.003968715667724609e-01
9.677672386169433594e-02
9.573912620544433594e-02
1.618740558624267578e-01
9.621119499206542969e-02
1.770558357238769531e-01
1.811974048614501953e-01
1.793382167816162109e-01
1.727488040924072266e-01
1.752972602844238281e-01
1.814177036285400391e-01
1.720745563507080078e-01
1.745703220367431641e-01
1.820273399353027344e-01
1.729474067687988281e-01
1.757373809814453125e-01
1.749856472015380859e-01
1.767458915710449219e-01
1.799983978271484375e-01
9.575796127319335938e-02
9.571623802185058594e-02
1.002686023712158203e-01
9.657979011535644531e-02
1.760177612304687500e-01
9.289193153381347656e-02
1.551089286804199219e-01
9.660553932189941406e-02
1.735043525695800781e-01
1.752736568450927734e-01
1.812958717346191406e-01
1.674757003784179688e-01
1.072134971618652344e-01
1.787168979644775391e-01
1.790463924407958984e-01
1.052906513214111328e-01
9.687495231628417969e-02
9.652066230773925781e-02
1.702418327331542969e-01
1.713855266571044922e-01
1.384949684143066406e-01
1.682608127593994141e-01
1.498713493347167969e-01
1.374173164367675781e-01
9.594035148620605469e-02
9.839510917663574219e-02
9.712409973144531250e-02
9.980082511901855469e-02
9.660959243774414062e-02
9.547948837280273438e-02
1.092586517333984375e-01
1.552615165710449219e-01
1.031017303466796875e-01
1.010999679565429688e-01
9.857082366943359375e-02
1.038453578948974609e-01
1.059029102325439453e-01
1.072640419006347656e-01
1.019594669342041016e-01
1.225569248199462891e-01
1.020245552062988281e-01
1.747174263000488281e-01
1.060593128204345703e-01
9.744358062744140625e-02
1.038873195648193359e-01
9.766030311584472656e-02
9.765124320983886719e-02
1.044456958770751953e-01
1.008358001708984375e-01
1.031785011291503906e-01
9.746789932250976562e-02
9.371542930603027344e-02
9.467315673828125000e-02
9.296846389770507812e-02
