1.719877719879150391e-01
1.443979740142822266e-01
1.613819599151611328e-01
1.655015945434570312e-01
1.583993434906005859e-01
9.185624122619628906e-02
9.120273590087890625e-02
1.673803329467773438e-01
1.347708702087402344e-01
8.789777755737304688e-02
8.765602111816406250e-02
8.626532554626464844e-02
8.575940132141113281e-02
1.355249881744384766e-01
8.697938919067382812e-02
9.287357330322265625e-02
8.756542205810546875e-02
1.643764972686767578e-01
1.685543060302734375e-01
1.385631561279296875e-01
1.615378856658935547e-01
1.572818756103515625e-01
1.431937217712402344e-01
1.302049160003662109e-01
1.730930805206298828e-01
1.691951751708984375e-01
1.735541820526123047e-01
1.615633964538574219e-01
1.639912128448486328e-01
1.672272682189941406e-01
1.700637340545654297e-01
1.475598812103271484e-01
1.123006343841552734e-01
1.715137958526611328e-01
1.513335704803466797e-01
1.658630371093750000e-01
9.489917755126953125e-02
8.967089653015136719e-02
9.620809555053710938e-02
8.751773834228515625e-02
8.570909500122070312e-02
9.042930603027343750e-02
9.020328521728515625e-02
8.723258972167968750e-02
8.986067771911621094e-02
9.252595901489257812e-02
1.324849128723144531e-01
1.709029674530029297e-01
1.713302135467529297e-01
1.435568332672119141e-01
1.682271957397460938e-01
8.921265602111816406e-02
9.078907966613769531e-02
1.708152294158935547e-01
1.666202545166015625e-01
1.608457565307617188e-01
1.642739772796630859e-01
1.350581645965576172e-01
1.465232372283935547e-01
1.706411838531494141e-01
1.679329872131347656e-01
1.688961982727050781e-01
1.618564128875732422e-01
1.630110740661621094e-01
1.666669845581054688e-01
1.304016113281250000e-01
1.702578067779541016e-01
1.680607795715332031e-01
1.647863388061523438e-01
1.647663116455078125e-01
1.641418933868408203e-01
1.653184890747070312e-01
1.669082641601562500e-01
1.645610332489013672e-01
1.666095256805419922e-01
1.646523475646972656e-01
1.396644115447998047e-01
9.333038330078125000e-02
1.716079711914062500e-01
1.702616214752197266e-01
1.681087017059326172e-01
1.431944370269775391e-01
9.579825401306152344e-02
1.591403484344482422e-01
1.699774265289306641e-01
1.379346847534179688e-01
1.754734516143798828e-01
1.782407760620117188e-01
9.099578857421875000e-02
9.319400787353515625e-02
1.666362285614013672e-01
1.535942554473876953e-01
9.742951393127441406e-02
2.637381553649902344e-01
1.208574771881103516e-01
9.132242202758789062e-02
8.841419219970703125e-02
1.652705669403076172e-01
1.594555377960205078e-01
1.628727912902832031e-01
1.674818992614746094e-01
8.900761604309082031e-02
9.556746482849121094e-02
9.260559082031250000e-02
8.954334259033203125e-02
1.573674678802490234e-01
8.955407142639160156e-02
1.643865108489990234e-01
1.673958301544189453e-01
1.590430736541748047e-01
1.714382171630859375e-01
1.748094558715820312e-01
1.748485565185546875e-01
1.658060550689697266e-01
1.738574504852294922e-01
1.575059890747070312e-01
1.628143787384033203e-01
1.660017967224121094e-01
1.595389842987060547e-01
1.730394363403320312e-01
1.622877120971679688e-01
1.590800285339355469e-01
1.584465503692626953e-01
1.312777996063232422e-01
8.688187599182128906e-02
9.117221832275390625e-02
8.981180191040039062e-02
9.470748901367187500e-02
9.088110923767089844e-02
8.838152885437011719e-02
8.999919891357421875e-02
9.286713600158691406e-02
1.677038669586181641e-01
1.631052494049072266e-01
1.668720245361328125e-01
8.885312080383300781e-02
9.057092666625976562e-02
1.684298515319824219e-01
8.938336372375488281e-02
9.192967414855957031e-02
9.414792060852050781e-02
9.114551544189453125e-02
9.354662895202636719e-02
9.607338905334472656e-02
8.976459503173828125e-02
9.069204330444335938e-02
9.137439727783203125e-02
9.249496459960937500e-02
1.643168926239013672e-01
1.438183784484863281e-01
1.653251647949218750e-01
1.655378341674804688e-01
1.673493385314941406e-01
1.631898880004882812e-01
1.665341854095458984e-01
1.457514762878417969e-01
1.629598140716552734e-01
1.710064411163330078e-01
1.663548946380615234e-01
1.632263660430908203e-01
1.648628711700439453e-01
1.442222595214843750e-01
9.409928321838378906e-02
1.817748546600341797e-01
1.763920783996582031e-01
1.720933914184570312e-01
1.703026294708251953e-01
1.716909408569335938e-01
1.719715595245361328e-01
1.366727352142333984e-01
1.744699478149414062e-01
1.806745529174804688e-01
1.812355518341064453e-01
1.807343959808349609e-01
1.853029727935791016e-01
1.836097240447998047e-01
1.780045032501220703e-01
1.664941310882568359e-01
9.401988983154296875e-02
1.743004322052001953e-01
1.726489067077636719e-01
1.680033206939697266e-01
1.720159053802490234e-01
1.716690063476562500e-01
1.726324558258056641e-01
1.711194515228271484e-01
1.714479923248291016e-01
1.712236404418945312e-01
1.715855598449707031e-01
1.716554164886474609e-01
1.764950752258300781e-01
1.687359809875488281e-01
9.692525863647460938e-02
9.292268753051757812e-02
9.475255012512207031e-02
9.341955184936523438e-02
9.617733955383300781e-02
9.655404090881347656e-02
9.362292289733886719e-02
1.640727519989013672e-01
9.460115432739257812e-02
9.214568138122558594e-02
9.338188171386718750e-02
9.223628044128417969e-02
9.541893005371093750e-02
9.519481658935546875e-02
9.720993041992187500e-02
1.691255569458007812e-01
1.678016185760498047e-01
1.722447872161865234e-01
1.385552883148193359e-01
9.319138526916503906e-02
1.710445880889892578e-01
1.089637279510498047e-01
1.020410060882568359e-01
1.714165210723876953e-01
9.756493568420410156e-02
1.010184288024902344e-01
1.685059070587158203e-01
1.614317893981933594e-01
1.082966327667236328e-01
9.931945800781250000e-02
9.721779823303222656e-02
1.736981868743896484e-01
1.266543865203857422e-01
9.379243850708007812e-02
1.739544868469238281e-01
1.010727882385253906e-01
9.653997421264648438e-02
9.896111488342285156e-02
9.711837768554687500e-02
9.604549407958984375e-02
9.964251518249511719e-02
1.667876243591308594e-01
1.743972301483154297e-01
1.632046699523925781e-01
9.677481651306152344e-02
1.001307964324951172e-01
1.015157699584960938e-01
9.886360168457031250e-02
9.151721000671386719e-02
1.767606735229492188e-01
1.801171302795410156e-01
1.372392177581787109e-01
1.725180149078369141e-01
1.740922927856445312e-01
1.695547103881835938e-01
1.659188270568847656e-01
1.766457557678222656e-01
1.671860218048095703e-01
1.021480560302734375e-01
1.008448600769042969e-01
1.835427284240722656e-01
1.579344272613525391e-01
9.542798995971679688e-02
1.718916893005371094e-01
1.599650382995605469e-01
1.529726982116699219e-01
1.709411144256591797e-01
1.607365608215332031e-01
1.644027233123779297e-01
1.614720821380615234e-01
1.675462722778320312e-01
1.706049442291259766e-01
9.219479560852050781e-02
1.723749637603759766e-01
1.050145626068115234e-01
1.359152793884277344e-01
1.132071018218994141e-01
1.794159412384033203e-01
1.696667671203613281e-01
1.651191711425781250e-01
9.078955650329589844e-02
9.250307083129882812e-02
1.666800975799560547e-01
1.712543964385986328e-01
1.723024845123291016e-01
1.615641117095947266e-01
1.663539409637451172e-01
1.566748619079589844e-01
1.715734004974365234e-01
1.708488464355468750e-01
1.729068756103515625e-01
1.594207286834716797e-01
9.800767898559570312e-02
1.611721515655517578e-01
9.813690185546875000e-02
9.609770774841308594e-02
1.759560108184814453e-01
1.759376525878906250e-01
1.785776615142822266e-01
1.293442249298095703e-01
9.423041343688964844e-02
1.745681762695312500e-01
1.726806163787841797e-01
9.185957908630371094e-02
9.660577774047851562e-02
1.005120277404785156e-01
9.806871414184570312e-02
1.022953987121582031e-01
9.743070602416992188e-02
1.692910194396972656e-01
1.735603809356689453e-01
1.636257171630859375e-01
1.162130832672119141e-01
9.797930717468261719e-02
1.029024124145507812e-01
1.804358959197998047e-01
1.629712581634521484e-01
9.540009498596191406e-02
9.238529205322265625e-02
1.037869453430175781e-01
9.866809844970703125e-02
9.259414672851562500e-02
1.089737415313720703e-01
1.661956310272216797e-01
1.609740257263183594e-01
1.001348495483398438e-01
9.853267669677734375e-02
9.499001502990722656e-02
9.866714477539062500e-02
1.127214431762695312e-01
1.008167266845703125e-01
9.378004074096679688e-02
1.619210243225097656e-01
8.648514747619628906e-02
1.820037364959716797e-01
1.685111522674560547e-01
1.727993488311767578e-01
1.815261840820312500e-01
1.706418991088867188e-01
1.808378696441650391e-01
1.647090911865234375e-01
9.993863105773925781e-02
1.636943817138671875e-01
1.782205104827880859e-01
1.011276245117187500e-01
1.033172607421875000e-01
9.993362426757812500e-02
1.184515953063964844e-01
1.060669422149658203e-01
1.259021759033203125e-01
1.075181961059570312e-01
1.917960643768310547e-01
1.730294227600097656e-01
9.871912002563476562e-02
9.811496734619140625e-02
1.604661941528320312e-01
1.839010715484619141e-01
1.848978996276855469e-01
1.460421085357666016e-01
1.722075939178466797e-01
9.634757041931152344e-02
9.835672378540039062e-02
1.013581752777099609e-01
1.094908714294433594e-01
1.670372486114501953e-01
9.965133666992187500e-02
1.660966873168945312e-01
9.575486183166503906e-02
1.886019706726074219e-01
1.938538551330566406e-01
1.875591278076171875e-01
1.785140037536621094e-01
1.783292293548583984e-01
1.028535366058349609e-01
1.309850215911865234e-01
9.889912605285644531e-02
1.016521453857421875e-01
1.008107662200927734e-01
1.743040084838867188e-01
1.632826328277587891e-01
1.756901741027832031e-01
1.788265705108642578e-01
1.885733604431152344e-01
1.478517055511474609e-01
1.029665470123291016e-01
1.779861450195312500e-01
1.804859638214111328e-01
1.743304729461669922e-01
1.641271114349365234e-01
1.683180332183837891e-01
1.707746982574462891e-01
1.484117507934570312e-01
1.716954708099365234e-01
1.573946475982666016e-01
9.535932540893554688e-02
1.058573722839355469e-01
9.606671333312988281e-02
1.019928455352783203e-01
9.832191467285156250e-02
1.608424186706542969e-01
1.739795207977294922e-01
1.706638336181640625e-01
9.772610664367675781e-02
1.810431480407714844e-01
1.350226402282714844e-01
1.062188148498535156e-01
9.352588653564453125e-02
1.713538169860839844e-01
1.777656078338623047e-01
1.637399196624755859e-01
1.669893264770507812e-01
9.270215034484863281e-02
1.645610332489013672e-01
1.622064113616943359e-01
9.564685821533203125e-02
9.418892860412597656e-02
8.795785903930664062e-02
1.623780727386474609e-01
1.575613021850585938e-01
9.032106399536132812e-02
9.020185470581054688e-02
9.154796600341796875e-02
1.758427619934082031e-01
1.628718376159667969e-01
9.139037132263183594e-02
9.149885177612304688e-02
9.007310867309570312e-02
9.810829162597656250e-02
9.541201591491699219e-02
9.108376502990722656e-02
9.273743629455566406e-02
8.945322036743164062e-02
9.343433380126953125e-02
9.089016914367675781e-02
9.311842918395996094e-02
1.046786308288574219e-01
1.719188690185546875e-01
1.655857563018798828e-01
1.671643257141113281e-01
1.670427322387695312e-01
1.618976593017578125e-01
1.711909770965576172e-01
1.736390590667724609e-01
1.720552444458007812e-01
1.427998542785644531e-01
1.676130294799804688e-01
1.392257213592529297e-01
1.687800884246826172e-01
1.686332225799560547e-01
1.673669815063476562e-01
1.762585639953613281e-01
1.736669540405273438e-01
1.718590259552001953e-01
1.721532344818115234e-01
1.747090816497802734e-01
1.673336029052734375e-01
1.665277481079101562e-01
1.390109062194824219e-01
1.652829647064208984e-01
1.356987953186035156e-01
1.649069786071777344e-01
1.731264591217041016e-01
1.733546257019042969e-01
1.737413406372070312e-01
1.604042053222656250e-01
9.421420097351074219e-02
9.471893310546875000e-02
9.369230270385742188e-02
9.044170379638671875e-02
9.200811386108398438e-02
9.249782562255859375e-02
8.920311927795410156e-02
9.420514106750488281e-02
9.071063995361328125e-02
9.382367134094238281e-02
9.247970581054687500e-02
9.024524688720703125e-02
9.456300735473632812e-02
1.714584827423095703e-01
1.758964061737060547e-01
1.726920604705810547e-01
1.710054874420166016e-01
1.690530776977539062e-01
1.697590351104736328e-01
1.707663536071777344e-01
1.712398529052734375e-01
1.673288345336914062e-01
1.676456928253173828e-01
1.716809272766113281e-01
1.652793884277343750e-01
1.758637428283691406e-01
1.726224422454833984e-01
1.691040992736816406e-01
9.246158599853515625e-02
9.435200691223144531e-02
1.712856292724609375e-01
9.437227249145507812e-02
1.909592151641845703e-01
1.908030509948730469e-01
1.791222095489501953e-01
1.846630573272705078e-01
1.845438480377197266e-01
1.455969810485839844e-01
1.798338890075683594e-01
1.865582466125488281e-01
1.596775054931640625e-01
9.571862220764160156e-02
9.938001632690429688e-02
9.839701652526855469e-02
9.727311134338378906e-02
9.940028190612792969e-02
1.732606887817382812e-01
1.783013343811035156e-01
1.826407909393310547e-01
1.775591373443603516e-01
1.421692371368408203e-01
9.717750549316406250e-02
9.567117691040039062e-02
9.935331344604492188e-02
1.787548065185546875e-01
1.645767688751220703e-01
1.538226604461669922e-01
1.599988937377929688e-01
1.359450817108154297e-01
9.251284599304199219e-02
1.719436645507812500e-01
1.734993457794189453e-01
1.710569858551025391e-01
1.682722568511962891e-01
1.698760986328125000e-01
1.752409934997558594e-01
1.701414585113525391e-01
1.695971488952636719e-01
1.730601787567138672e-01
1.738743782043457031e-01
1.745777130126953125e-01
1.738357543945312500e-01
1.704223155975341797e-01
1.596422195434570312e-01
1.742289066314697266e-01
1.732008457183837891e-01
1.497735977172851562e-01
9.713125228881835938e-02
1.007046699523925781e-01
9.574580192565917969e-02
9.672999382019042969e-02
9.477782249450683594e-02
9.354138374328613281e-02
8.995556831359863281e-02
9.206342697143554688e-02
9.363603591918945312e-02
9.676408767700195312e-02
1.011085510253906250e-01
9.853291511535644531e-02
9.377765655517578125e-02
9.508752822875976562e-02
9.982490539550781250e-02
9.555411338806152344e-02
1.754214763641357422e-01
1.372020244598388672e-01
9.837627410888671875e-02
9.649133682250976562e-02
9.983396530151367188e-02
9.892106056213378906e-02
9.630107879638671875e-02
1.433999538421630859e-01
9.832739830017089844e-02
9.340786933898925781e-02
9.464240074157714844e-02
9.321141242980957031e-02
9.506845474243164062e-02
9.602022171020507812e-02
9.525990486145019531e-02
9.667873382568359375e-02
9.869122505187988281e-02
9.248805046081542969e-02
9.738087654113769531e-02
9.540390968322753906e-02
9.297108650207519531e-02
9.049415588378906250e-02
9.508132934570312500e-02
9.842395782470703125e-02
9.418368339538574219e-02
9.170937538146972656e-02
9.559917449951171875e-02
9.678506851196289062e-02
9.338855743408203125e-02
9.404921531677246094e-02
9.792900085449218750e-02
9.614014625549316406e-02
9.392809867858886719e-02
1.718571186065673828e-01
1.602344512939453125e-01
9.271645545959472656e-02
9.065151214599609375e-02
9.185576438903808594e-02
9.224200248718261719e-02
8.979892730712890625e-02
9.174442291259765625e-02
1.652994155883789062e-01
1.745092868804931641e-01
1.334774494171142578e-01
9.151005744934082031e-02
8.987331390380859375e-02
8.842468261718750000e-02
1.656558513641357422e-01
9.045338630676269531e-02
9.265971183776855469e-02
1.754801273345947266e-01
1.157293319702148438e-01
9.201741218566894531e-02
1.621937751770019531e-01
9.059238433837890625e-02
2.499413490295410156e-01
9.118700027465820312e-02
9.378385543823242188e-02
8.976554870605468750e-02
8.927917480468750000e-02
8.887815475463867188e-02
8.887052536010742188e-02
9.155106544494628906e-02
9.482240676879882812e-02
8.900189399719238281e-02
8.978724479675292969e-02
9.063816070556640625e-02
9.350419044494628906e-02
1.775202751159667969e-01
9.164738655090332031e-02
9.372091293334960938e-02
9.173941612243652344e-02
1.445119380950927734e-01
9.335088729858398438e-02
8.971929550170898438e-02
9.530758857727050781e-02
9.115457534790039062e-02
9.753584861755371094e-02
9.445166587829589844e-02
9.768486022949218750e-02
9.311914443969726562e-02
9.452033042907714844e-02
9.386777877807617188e-02
9.586215019226074219e-02
9.341478347778320312e-02
9.043669700622558594e-02
8.757996559143066406e-02
9.156537055969238281e-02
1.726677417755126953e-01
1.646363735198974609e-01
9.286379814147949219e-02
9.358906745910644531e-02
9.574460983276367188e-02
9.468579292297363281e-02
9.509444236755371094e-02
9.222459793090820312e-02
9.553503990173339844e-02
9.524035453796386719e-02
9.651327133178710938e-02
9.425663948059082031e-02
9.359407424926757812e-02
4.663753509521484375e-02
1.053409576416015625e-01
1.022775173187255859e-01
1.003260612487792969e-01
1.072607040405273438e-01
1.076512336730957031e-01
1.063935756683349609e-01
9.957242012023925781e-02
1.009743213653564453e-01
1.036734580993652344e-01
1.060996055603027344e-01
1.042447090148925781e-01
1.029765605926513672e-01
1.027655601501464844e-01
1.038439273834228516e-01
1.016564369201660156e-01
1.009535789489746094e-01
1.023914813995361328e-01
1.001198291778564453e-01
9.936141967773437500e-02
1.869509220123291016e-01
1.821835041046142578e-01
1.788244247436523438e-01
1.658706665039062500e-01
1.768736839294433594e-01
1.809537410736083984e-01
1.819989681243896484e-01
1.770684719085693359e-01
1.463127136230468750e-01
1.013076305389404297e-01
9.962725639343261719e-02
1.010327339172363281e-01
1.024377346038818359e-01
9.936833381652832031e-02
9.630608558654785156e-02
9.515166282653808594e-02
9.904384613037109375e-02
9.996819496154785156e-02
1.034471988677978516e-01
1.005444526672363281e-01
1.815743446350097656e-01
1.812419891357421875e-01
1.802842617034912109e-01
1.885750293731689453e-01
1.900498867034912109e-01
1.438105106353759766e-01
9.850358963012695312e-02
9.884047508239746094e-02
9.561181068420410156e-02
1.029837131500244141e-01
1.788020133972167969e-01
1.789016723632812500e-01
1.767487525939941406e-01
1.847722530364990234e-01
1.502537727355957031e-01
1.001341342926025391e-01
1.803042888641357422e-01
9.739947319030761719e-02
9.809112548828125000e-02
9.812402725219726562e-02
9.728264808654785156e-02
1.013801097869873047e-01
1.726005077362060547e-01
1.713564395904541016e-01
1.721498966217041016e-01
1.662909984588623047e-01
1.716365814208984375e-01
1.734359264373779297e-01
1.824803352355957031e-01
1.818006038665771484e-01
1.018950939178466797e-01
1.017839908599853516e-01
1.013696193695068359e-01
9.899759292602539062e-02
9.900641441345214844e-02
1.004838943481445312e-01
9.535431861877441406e-02
9.358835220336914062e-02
1.767742633819580078e-01
1.709315776824951172e-01
9.982514381408691406e-02
9.757566452026367188e-02
9.739327430725097656e-02
9.685897827148437500e-02
9.879803657531738281e-02
1.018490791320800781e-01
9.672951698303222656e-02
9.775209426879882812e-02
1.009259223937988281e-01
9.710025787353515625e-02
1.017379760742187500e-01
1.021363735198974609e-01
1.011381149291992188e-01
9.966611862182617188e-02
1.704096794128417969e-01
1.457014083862304688e-01
1.684825420379638672e-01
1.763782501220703125e-01
1.614921092987060547e-01
1.822664737701416016e-01
1.840846538543701172e-01
1.890189647674560547e-01
1.603825092315673828e-01
9.866428375244140625e-02
1.685612201690673828e-01
9.082818031311035156e-02
9.502243995666503906e-02
1.685073375701904297e-01
1.637902259826660156e-01
1.704511642456054688e-01
1.078388690948486328e-01
9.615635871887207031e-02
9.613919258117675781e-02
9.387373924255371094e-02
9.088492393493652344e-02
9.379696846008300781e-02
9.282827377319335938e-02
8.555603027343750000e-02
8.428144454956054688e-02
8.743691444396972656e-02
9.516859054565429688e-02
9.158658981323242188e-02
9.346795082092285156e-02
8.981871604919433594e-02
8.941936492919921875e-02
8.947277069091796875e-02
8.824968338012695312e-02
9.002947807312011719e-02
8.921146392822265625e-02
8.855152130126953125e-02
9.235525131225585938e-02
9.265208244323730469e-02
1.683185100555419922e-01
1.625618934631347656e-01
1.710453033447265625e-01
1.698081493377685547e-01
1.757137775421142578e-01
1.663906574249267578e-01
1.726257801055908203e-01
1.587612628936767578e-01
1.661682128906250000e-01
1.656241416931152344e-01
1.671280860900878906e-01
1.057407855987548828e-01
1.604440212249755859e-01
1.440796852111816406e-01
9.084701538085937500e-02
8.918333053588867188e-02
9.363079071044921875e-02
1.641840934753417969e-01
1.622779369354248047e-01
1.697330474853515625e-01
1.709938049316406250e-01
1.668069362640380859e-01
1.670739650726318359e-01
1.669087409973144531e-01
1.634130477905273438e-01
1.644184589385986328e-01
1.632621288299560547e-01
1.668276786804199219e-01
1.614181995391845703e-01
1.340432167053222656e-01
9.285807609558105469e-02
4.863476753234863281e-02
1.013610363006591797e-01
1.070468425750732422e-01
1.033487319946289062e-01
1.833009719848632812e-01
9.638357162475585938e-02
1.878101825714111328e-01
1.450748443603515625e-01
1.743695735931396484e-01
1.806030273437500000e-01
1.786310672760009766e-01
1.415932178497314453e-01
1.770310401916503906e-01
1.664443016052246094e-01
1.792180538177490234e-01
1.674976348876953125e-01
1.798081398010253906e-01
1.751594543457031250e-01
1.759724617004394531e-01
1.742398738861083984e-01
9.776043891906738281e-02
9.601759910583496094e-02
1.736369132995605469e-01
1.723353862762451172e-01
1.670992374420166016e-01
1.748461723327636719e-01
1.682200431823730469e-01
1.797773838043212891e-01
1.839339733123779297e-01
1.738629341125488281e-01
1.525301933288574219e-01
9.333944320678710938e-02
1.614732742309570312e-01
9.085726737976074219e-02
9.505581855773925781e-02
9.690475463867187500e-02
1.636941432952880859e-01
1.429662704467773438e-01
1.637728214263916016e-01
1.681029796600341797e-01
1.760413646697998047e-01
1.773808002471923828e-01
1.647102832794189453e-01
1.450343132019042969e-01
1.622397899627685547e-01
1.690135002136230469e-01
1.717269420623779297e-01
1.370253562927246094e-01
9.045076370239257812e-02
9.906959533691406250e-02
9.520936012268066406e-02
9.468150138854980469e-02
9.379982948303222656e-02
9.568762779235839844e-02
1.002609729766845703e-01
9.579992294311523438e-02
9.710884094238281250e-02
9.180402755737304688e-02
9.384274482727050781e-02
9.085083007812500000e-02
9.637498855590820312e-02
9.078168869018554688e-02
9.082913398742675781e-02
9.584093093872070312e-02
1.521728038787841797e-01
1.505868434906005859e-01
1.703381538391113281e-01
1.573865413665771484e-01
9.377002716064453125e-02
9.342932701110839844e-02
9.763503074645996094e-02
8.887577056884765625e-02
9.176659584045410156e-02
9.216260910034179688e-02
9.094071388244628906e-02
9.756207466125488281e-02
9.535956382751464844e-02
9.522342681884765625e-02
9.463691711425781250e-02
9.913372993469238281e-02
1.647939682006835938e-01
1.588625907897949219e-01
1.722586154937744141e-01
1.856956481933593750e-01
1.798646450042724609e-01
1.405069828033447266e-01
9.205675125122070312e-02
1.017692089080810547e-01
9.338521957397460938e-02
1.677076816558837891e-01
1.690876483917236328e-01
1.003177165985107422e-01
1.772069931030273438e-01
1.483278274536132812e-01
1.674287319183349609e-01
1.743788719177246094e-01
1.677963733673095703e-01
1.712400913238525391e-01
1.719989776611328125e-01
1.702699661254882812e-01
1.737673282623291016e-01
9.519052505493164062e-02
9.398007392883300781e-02
9.660339355468750000e-02
9.535574913024902344e-02
1.509926319122314453e-01
1.701912879943847656e-01
1.740000247955322266e-01
1.783831119537353516e-01
1.719889640808105469e-01
1.794004440307617188e-01
1.672840118408203125e-01
1.675500869750976562e-01
1.704032421112060547e-01
1.627693176269531250e-01
1.706228256225585938e-01
1.684620380401611328e-01
1.643788814544677734e-01
1.753749847412109375e-01
1.750710010528564453e-01
1.773920059204101562e-01
1.726195812225341797e-01
1.764645576477050781e-01
9.822535514831542969e-02
1.722011566162109375e-01
1.793642044067382812e-01
1.047358512878417969e-01
9.638714790344238281e-02
9.287714958190917969e-02
9.708166122436523438e-02
8.812832832336425781e-02
1.645638942718505859e-01
9.434366226196289062e-02
9.796214103698730469e-02
9.716224670410156250e-02
9.388852119445800781e-02
9.287643432617187500e-02
1.001362800598144531e-01
9.105110168457031250e-02
1.546807289123535156e-01
1.397342681884765625e-01
9.412956237792968750e-02
9.471082687377929688e-02
9.426546096801757812e-02
9.791040420532226562e-02
9.321522712707519531e-02
9.288263320922851562e-02
9.348821640014648438e-02
9.541964530944824219e-02
9.854197502136230469e-02
9.482169151306152344e-02
9.563374519348144531e-02
9.388327598571777344e-02
9.689164161682128906e-02
9.407997131347656250e-02
9.236621856689453125e-02
1.668698787689208984e-01
9.132456779479980469e-02
1.701292991638183594e-01
1.664230823516845703e-01
1.752943992614746094e-01
1.790699958801269531e-01
1.648113727569580078e-01
4.583597183227539062e-02
1.018195152282714844e-01
1.016833782196044922e-01
1.053366661071777344e-01
1.052033901214599609e-01
1.018221378326416016e-01
1.032946109771728516e-01
1.029648780822753906e-01
9.916782379150390625e-02
1.003272533416748047e-01
9.949851036071777344e-02
9.769725799560546875e-02
1.030819416046142578e-01
9.825849533081054688e-02
1.003544330596923828e-01
1.006388664245605469e-01
9.915256500244140625e-02
9.881997108459472656e-02
1.016707420349121094e-01
1.001245975494384766e-01
9.965682029724121094e-02
1.012644767761230469e-01
1.007714271545410156e-01
1.768181324005126953e-01
1.853115558624267578e-01
1.658203601837158203e-01
1.782283782958984375e-01
1.760003566741943359e-01
1.557583808898925781e-01
1.782360076904296875e-01
9.820079803466796875e-02
1.030740737915039062e-01
9.791636466979980469e-02
9.723925590515136719e-02
9.939837455749511719e-02
9.521579742431640625e-02
9.503221511840820312e-02
9.842610359191894531e-02
1.747131347656250000e-01
1.763780117034912109e-01
1.783180236816406250e-01
1.635925769805908203e-01
1.813302040100097656e-01
9.759759902954101562e-02
1.015582084655761719e-01
9.937882423400878906e-02
9.942030906677246094e-02
9.044361114501953125e-02
9.518408775329589844e-02
9.558057785034179688e-02
9.453463554382324219e-02
9.632444381713867188e-02
9.688186645507812500e-02
9.571933746337890625e-02
9.790349006652832031e-02
9.889411926269531250e-02
9.618139266967773438e-02
9.562301635742187500e-02
9.688138961791992188e-02
1.032245159149169922e-01
9.990572929382324219e-02
1.028490066528320312e-01
9.709644317626953125e-02
9.623384475708007812e-02
9.878826141357421875e-02
9.388375282287597656e-02
9.918570518493652344e-02
9.298276901245117188e-02
1.646549701690673828e-01
1.651763916015625000e-01
1.657395362854003906e-01
1.679759025573730469e-01
1.643440723419189453e-01
1.489508152008056641e-01
1.752521991729736328e-01
1.275579929351806641e-01
1.724956035614013672e-01
1.692655086517333984e-01
1.771743297576904297e-01
1.553773880004882812e-01
9.284591674804687500e-02
9.745121002197265625e-02
9.371256828308105469e-02
9.257888793945312500e-02
1.750304698944091797e-01
1.028118133544921875e-01
9.364652633666992188e-02
9.701609611511230469e-02
9.952092170715332031e-02
9.304165840148925781e-02
9.642601013183593750e-02
9.658098220825195312e-02
9.736895561218261719e-02
1.695368289947509766e-01
1.673305034637451172e-01
1.412618160247802734e-01
1.641712188720703125e-01
9.787917137145996094e-02
1.806280612945556641e-01
1.761217117309570312e-01
1.739642620086669922e-01
9.688591957092285156e-02
9.245705604553222656e-02
9.153628349304199219e-02
9.608650207519531250e-02
9.446048736572265625e-02
9.615612030029296875e-02
9.567499160766601562e-02
9.471440315246582031e-02
9.349942207336425781e-02
9.326553344726562500e-02
1.772861480712890625e-01
1.607267856597900391e-01
9.655046463012695312e-02
9.324288368225097656e-02
9.345340728759765625e-02
9.899067878723144531e-02
1.711366176605224609e-01
1.614463329315185547e-01
1.595706939697265625e-01
9.784317016601562500e-02
9.513092041015625000e-02
1.649739742279052734e-01
1.092703342437744141e-01
1.768362522125244141e-01
1.612758636474609375e-01
1.784641742706298828e-01
1.696181297302246094e-01
1.755664348602294922e-01
1.390945911407470703e-01
1.464414596557617188e-01
9.836935997009277344e-02
1.716320514678955078e-01
1.655135154724121094e-01
1.695346832275390625e-01
1.698122024536132812e-01
1.700885295867919922e-01
1.745970249176025391e-01
1.693022251129150391e-01
1.710729598999023438e-01
1.651492118835449219e-01
1.023664474487304688e-01
9.687089920043945312e-02
9.322810173034667969e-02
9.621620178222656250e-02
9.611654281616210938e-02
9.535026550292968750e-02
9.345984458923339844e-02
9.671568870544433594e-02
9.456586837768554688e-02
9.935498237609863281e-02
9.577417373657226562e-02
1.031265258789062500e-01
9.905934333801269531e-02
9.858417510986328125e-02
9.490871429443359375e-02
1.012072563171386719e-01
1.769771575927734375e-01
1.739397048950195312e-01
1.725051403045654297e-01
1.797459125518798828e-01
9.478449821472167969e-02
9.423613548278808594e-02
5.067133903503417969e-02
1.011533737182617188e-01
1.027355194091796875e-01
1.018543243408203125e-01
1.765704154968261719e-01
1.733450889587402344e-01
9.495377540588378906e-02
1.004388332366943359e-01
9.627413749694824219e-02
1.013739109039306641e-01
1.812438964843750000e-01
1.792688369750976562e-01
1.721012592315673828e-01
9.676671028137207031e-02
9.796833992004394531e-02
1.666951179504394531e-01
9.961581230163574219e-02
1.811311244964599609e-01
1.555845737457275391e-01
1.023852825164794922e-01
9.890484809875488281e-02
9.857678413391113281e-02
9.889960289001464844e-02
9.867143630981445312e-02
9.430885314941406250e-02
9.407639503479003906e-02
1.702122688293457031e-01
1.750276088714599609e-01
1.325724124908447266e-01
9.515047073364257812e-02
9.417104721069335938e-02
9.962606430053710938e-02
1.820328235626220703e-01
1.829857826232910156e-01
1.754801273345947266e-01
1.823165416717529297e-01
1.372473239898681641e-01
2.131407260894775391e-01
9.429740905761718750e-02
9.790110588073730469e-02
9.126901626586914062e-02
8.957982063293457031e-02
9.118032455444335938e-02
9.059762954711914062e-02
9.476208686828613281e-02
9.548878669738769531e-02
1.791591644287109375e-01
1.736667156219482422e-01
1.685657501220703125e-01
1.761202812194824219e-01
1.522386074066162109e-01
9.603953361511230469e-02
9.417343139648437500e-02
9.681391716003417969e-02
9.454035758972167969e-02
9.700989723205566406e-02
9.250879287719726562e-02
9.666538238525390625e-02
9.770298004150390625e-02
9.003520011901855469e-02
9.431171417236328125e-02
9.981989860534667969e-02
9.793329238891601562e-02
1.700451374053955078e-01
1.575729846954345703e-01
1.826677322387695312e-01
1.712493896484375000e-01
1.746120452880859375e-01
1.704561710357666016e-01
1.685583591461181641e-01
1.641225814819335938e-01
1.688807010650634766e-01
1.675622463226318359e-01
1.710798740386962891e-01
1.674759387969970703e-01
1.696856021881103516e-01
1.684579849243164062e-01
1.737184524536132812e-01
1.683671474456787109e-01
1.408483982086181641e-01
9.333419799804687500e-02
9.130001068115234375e-02
9.116482734680175781e-02
1.654458045959472656e-01
1.700401306152343750e-01
1.713483333587646484e-01
1.662952899932861328e-01
1.640298366546630859e-01
1.711006164550781250e-01
1.684374809265136719e-01
1.678071022033691406e-01
1.648643016815185547e-01
9.974598884582519531e-02
8.817934989929199219e-02
1.470217704772949219e-01
1.801373958587646484e-01
1.730997562408447266e-01
8.783149719238281250e-02
9.365344047546386719e-02
9.108710289001464844e-02
9.380841255187988281e-02
9.426331520080566406e-02
9.491205215454101562e-02
1.640875339508056641e-01
1.638951301574707031e-01
1.600930690765380859e-01
1.709115505218505859e-01
1.667983531951904297e-01
8.818387985229492188e-02
8.843731880187988281e-02
9.452986717224121094e-02
9.626245498657226562e-02
9.481954574584960938e-02
9.540557861328125000e-02
1.061835289001464844e-01
1.064913272857666016e-01
9.627747535705566406e-02
9.394502639770507812e-02
9.688615798950195312e-02
9.281134605407714844e-02
9.403705596923828125e-02
9.401035308837890625e-02
9.867620468139648438e-02
9.169793128967285156e-02
9.117889404296875000e-02
9.658288955688476562e-02
9.531903266906738281e-02
1.040019989013671875e-01
9.694266319274902344e-02
9.696412086486816406e-02
9.268689155578613281e-02
9.126853942871093750e-02
9.372448921203613281e-02
9.106254577636718750e-02
9.340405464172363281e-02
1.611657142639160156e-01
1.688203811645507812e-01
1.653962135314941406e-01
1.676204204559326172e-01
1.671729087829589844e-01
1.544771194458007812e-01
1.460597515106201172e-01
1.696929931640625000e-01
9.095668792724609375e-02
1.695697307586669922e-01
1.638374328613281250e-01
1.563289165496826172e-01
1.570696830749511719e-01
9.215879440307617188e-02
9.110093116760253906e-02
1.658489704132080078e-01
1.674914360046386719e-01
1.694862842559814453e-01
1.594598293304443359e-01
1.476154327392578125e-01
1.654961109161376953e-01
1.358709335327148438e-01
1.561691761016845703e-01
9.433078765869140625e-02
9.393095970153808594e-02
8.953690528869628906e-02
1.198775768280029297e-01
9.771513938903808594e-02
5.046081542968750000e-02
1.031768321990966797e-01
1.037302017211914062e-01
1.004877090454101562e-01
9.924459457397460938e-02
9.831237792968750000e-02
1.513264179229736328e-01
1.647512912750244141e-01
9.507060050964355469e-02
1.025636196136474609e-01
9.872269630432128906e-02
1.661510467529296875e-01
9.741854667663574219e-02
9.973835945129394531e-02
9.712696075439453125e-02
9.427452087402343750e-02
9.707856178283691406e-02
9.491753578186035156e-02
1.627764701843261719e-01
1.703913211822509766e-01
1.696815490722656250e-01
1.712875366210937500e-01
1.692953109741210938e-01
1.766848564147949219e-01
1.683673858642578125e-01
1.671445369720458984e-01
9.875774383544921875e-02
9.591484069824218750e-02
9.617710113525390625e-02
9.943366050720214844e-02
9.695792198181152344e-02
1.712105274200439453e-01
1.742348670959472656e-01
1.750555038452148438e-01
1.516597270965576172e-01
1.709680557250976562e-01
1.713559627532958984e-01
1.689167022705078125e-01
1.664600372314453125e-01
1.710114479064941406e-01
1.720702648162841797e-01
1.606495380401611328e-01
9.306406974792480469e-02
9.699797630310058594e-02
1.407115459442138672e-01
9.691953659057617188e-02
9.867334365844726562e-02
9.789824485778808594e-02
9.786224365234375000e-02
9.918475151062011719e-02
1.704761981964111328e-01
9.596991539001464844e-02
9.879064559936523438e-02
1.664416790008544922e-01
1.753141880035400391e-01
1.763989925384521484e-01
1.762299537658691406e-01
9.354162216186523438e-02
9.515714645385742188e-02
9.661149978637695312e-02
9.950828552246093750e-02
9.833526611328125000e-02
1.035592555999755859e-01
9.832406044006347656e-02
1.002004146575927734e-01
9.475088119506835938e-02
9.443283081054687500e-02
9.661722183227539062e-02
9.695935249328613281e-02
9.589266777038574219e-02
9.344053268432617188e-02
9.545636177062988281e-02
9.855294227600097656e-02
9.581899642944335938e-02
9.443831443786621094e-02
9.325337409973144531e-02
9.454631805419921875e-02
9.269976615905761719e-02
1.758112907409667969e-01
1.244332790374755859e-01
9.446048736572265625e-02
9.987282752990722656e-02
9.798645973205566406e-02
9.806513786315917969e-02
9.343838691711425781e-02
9.436535835266113281e-02
1.635923385620117188e-01
1.692354679107666016e-01
9.440517425537109375e-02
9.572339057922363281e-02
9.654259681701660156e-02
9.885692596435546875e-02
9.786009788513183594e-02
9.397888183593750000e-02
9.488558769226074219e-02
9.411740303039550781e-02
9.425449371337890625e-02
1.041548252105712891e-01
9.545731544494628906e-02
9.577941894531250000e-02
9.649181365966796875e-02
1.034491062164306641e-01
9.975647926330566406e-02
1.004636287689208984e-01
1.002397537231445312e-01
9.779930114746093750e-02
9.543490409851074219e-02
9.929752349853515625e-02
1.693398952484130859e-01
1.697862148284912109e-01
1.387505531311035156e-01
9.855294227600097656e-02
9.774994850158691406e-02
9.499573707580566406e-02
9.877061843872070312e-02
9.632444381713867188e-02
9.823417663574218750e-02
9.540295600891113281e-02
9.834814071655273438e-02
1.748597621917724609e-01
1.783297061920166016e-01
1.122009754180908203e-01
1.689078807830810547e-01
1.564497947692871094e-01
1.697692871093750000e-01
1.773293018341064453e-01
1.677730083465576172e-01
1.621606349945068359e-01
1.699132919311523438e-01
1.661744117736816406e-01
1.322126388549804688e-01
1.731035709381103516e-01
1.454722881317138672e-01
1.703152656555175781e-01
1.725037097930908203e-01
9.586381912231445312e-02
1.481945514678955078e-01
1.678776741027832031e-01
1.475558280944824219e-01
1.782188415527343750e-01
1.752672195434570312e-01
1.608197689056396484e-01
1.712105274200439453e-01
1.672327518463134766e-01
1.738572120666503906e-01
1.675765514373779297e-01
1.720938682556152344e-01
1.374130249023437500e-01
1.702048778533935547e-01
1.758875846862792969e-01
1.012387275695800781e-01
9.689378738403320312e-02
1.632659435272216797e-01
9.700131416320800781e-02
9.685134887695312500e-02
9.519577026367187500e-02
9.749913215637207031e-02
9.838438034057617188e-02
1.781561374664306641e-01
1.753571033477783203e-01
1.752653121948242188e-01
1.719677448272705078e-01
1.754987239837646484e-01
8.895921707153320312e-02
1.866788864135742188e-01
1.865291595458984375e-01
1.868472099304199219e-01
1.825060844421386719e-01
1.839163303375244141e-01
1.917645931243896484e-01
1.894726753234863281e-01
1.855976581573486328e-01
1.859567165374755859e-01
1.788415908813476562e-01
1.019740104675292969e-01
1.007573604583740234e-01
1.047568321228027344e-01
9.924221038818359375e-02
1.013498306274414062e-01
1.037509441375732422e-01
1.041655540466308594e-01
1.003415584564208984e-01
1.015183925628662109e-01
1.041243076324462891e-01
1.019916534423828125e-01
1.010096073150634766e-01
1.015095710754394531e-01
1.598250865936279297e-01
9.713959693908691406e-02
1.001353263854980469e-01
9.968066215515136719e-02
1.044530868530273438e-01
1.533973217010498047e-01
1.025352478027343750e-01
1.710755825042724609e-01
1.019468307495117188e-01
1.008331775665283203e-01
1.037154197692871094e-01
9.870314598083496094e-02
1.696522235870361328e-01
1.590411663055419922e-01
1.026306152343750000e-01
9.912037849426269531e-02
9.845662117004394531e-02
9.628200531005859375e-02
9.976387023925781250e-02
9.804844856262207031e-02
1.777265071868896484e-01
1.743359565734863281e-01
1.697773933410644531e-01
1.631257534027099609e-01
9.426593780517578125e-02
9.894728660583496094e-02
9.867858886718750000e-02
9.126758575439453125e-02
9.965896606445312500e-02
1.002848148345947266e-01
9.493017196655273438e-02
9.649157524108886719e-02
9.766411781311035156e-02
9.408402442932128906e-02
9.600472450256347656e-02
9.736800193786621094e-02
9.653854370117187500e-02
9.471154212951660156e-02
1.006910800933837891e-01
1.592152118682861328e-01
9.428000450134277344e-02
9.103655815124511719e-02
9.471774101257324219e-02
9.391021728515625000e-02
9.239649772644042969e-02
8.930063247680664062e-02
8.958482742309570312e-02
8.707451820373535156e-02
9.197735786437988281e-02
9.308075904846191406e-02
9.209918975830078125e-02
1.646153926849365234e-01
1.679332256317138672e-01
1.638095378875732422e-01
1.628077030181884766e-01
9.340286254882812500e-02
1.688642501831054688e-01
9.108304977416992188e-02
9.199237823486328125e-02
9.420657157897949219e-02
9.318733215332031250e-02
9.204840660095214844e-02
9.298539161682128906e-02
9.739542007446289062e-02
9.676837921142578125e-02
9.250307083129882812e-02
9.627485275268554688e-02
9.638738632202148438e-02
9.131956100463867188e-02
9.095168113708496094e-02
9.130525588989257812e-02
9.471035003662109375e-02
9.354424476623535156e-02
9.377980232238769531e-02
1.696186065673828125e-01
1.696288585662841797e-01
1.724114418029785156e-01
1.726322174072265625e-01
1.699302196502685547e-01
1.723909378051757812e-01
1.667180061340332031e-01
1.677589416503906250e-01
1.701316833496093750e-01
1.690649986267089844e-01
1.730880737304687500e-01
1.685683727264404297e-01
1.716182231903076172e-01
1.626274585723876953e-01
1.608467102050781250e-01
1.647527217864990234e-01
1.617121696472167969e-01
1.416616439819335938e-01
9.268283843994140625e-02
8.999919891357421875e-02
9.050202369689941406e-02
9.683895111083984375e-02
9.168839454650878906e-02
9.381055831909179688e-02
9.530448913574218750e-02
1.485998630523681641e-01
1.728224754333496094e-01
1.662211418151855469e-01
9.962987899780273438e-02
9.343361854553222656e-02
9.410214424133300781e-02
9.419631958007812500e-02
9.124350547790527344e-02
9.496808052062988281e-02
9.307479858398437500e-02
9.346818923950195312e-02
9.281063079833984375e-02
1.714317798614501953e-01
9.410858154296875000e-02
1.701712608337402344e-01
1.402912139892578125e-01
1.579260826110839844e-01
1.621227264404296875e-01
1.387479305267333984e-01
9.331202507019042969e-02
9.460234642028808594e-02
9.707975387573242188e-02
1.701242923736572266e-01
1.737120151519775391e-01
1.684560775756835938e-01
9.143376350402832031e-02
9.054064750671386719e-02
9.307146072387695312e-02
8.992099761962890625e-02
9.365272521972656250e-02
9.629130363464355469e-02
9.650278091430664062e-02
9.552836418151855469e-02
9.021353721618652344e-02
1.677193641662597656e-01
1.243171691894531250e-01
9.552097320556640625e-02
1.700880527496337891e-01
1.716558933258056641e-01
1.667070388793945312e-01
9.047937393188476562e-02
1.920225620269775391e-01
1.562783718109130859e-01
9.946537017822265625e-02
1.022036075592041016e-01
1.011538505554199219e-01
9.915900230407714844e-02
1.025321483612060547e-01
1.011171340942382812e-01
9.884095191955566406e-02
1.055488586425781250e-01
1.768188476562500000e-01
1.472911834716796875e-01
1.003229618072509766e-01
1.713442802429199219e-01
1.749081611633300781e-01
1.791312694549560547e-01
1.776983737945556641e-01
9.769129753112792969e-02
9.697008132934570312e-02
1.031441688537597656e-01
9.808421134948730469e-02
1.711804866790771484e-01
1.705434322357177734e-01
9.997606277465820312e-02
1.006169319152832031e-01
1.781065464019775391e-01
1.608648300170898438e-01
9.796190261840820312e-02
9.628033638000488281e-02
1.727228164672851562e-01
1.733129024505615234e-01
1.625914573669433594e-01
9.888720512390136719e-02
9.890866279602050781e-02
1.001904010772705078e-01
1.000735759735107422e-01
1.000611782073974609e-01
1.475234031677246094e-01
1.673421859741210938e-01
1.662478446960449219e-01
1.685240268707275391e-01
1.751463413238525391e-01
1.715042591094970703e-01
1.718542575836181641e-01
1.715836524963378906e-01
1.676058769226074219e-01
1.687920093536376953e-01
1.674373149871826172e-01
1.679608821868896484e-01
1.720938682556152344e-01
1.703593730926513672e-01
9.117746353149414062e-02
9.484052658081054688e-02
1.807575225830078125e-01
1.488780975341796875e-01
1.729362010955810547e-01
1.646783351898193359e-01
1.645281314849853516e-01
1.009538173675537109e-01
9.919333457946777344e-02
9.978151321411132812e-02
9.693956375122070312e-02
9.928631782531738281e-02
1.738700866699218750e-01
1.649260520935058594e-01
9.645318984985351562e-02
9.978318214416503906e-02
9.507489204406738281e-02
9.169960021972656250e-02
1.626567840576171875e-01
1.671428680419921875e-01
9.922170639038085938e-02
1.726050376892089844e-01
1.693949699401855469e-01
1.045043468475341797e-01
9.731793403625488281e-02
9.956955909729003906e-02
9.937977790832519531e-02
9.608078002929687500e-02
1.640295982360839844e-01
1.714451313018798828e-01
1.618545055389404297e-01
9.347558021545410156e-02
9.920620918273925781e-02
9.658122062683105469e-02
1.726167201995849609e-01
1.041119098663330078e-01
1.063244342803955078e-01
1.020073890686035156e-01
9.821391105651855469e-02
1.802985668182373047e-01
1.789164543151855469e-01
1.715292930603027344e-01
9.597468376159667969e-02
9.277033805847167969e-02
1.781966686248779297e-01
1.763212680816650391e-01
1.825046539306640625e-01
1.756057739257812500e-01
9.384870529174804688e-02
1.762375831604003906e-01
1.727766990661621094e-01
1.790788173675537109e-01
1.509089469909667969e-01
1.068706512451171875e-01
1.010127067565917969e-01
1.016037464141845703e-01
1.521153450012207031e-01
2.955219745635986328e-01
1.802957057952880859e-01
1.201691627502441406e-01
1.017687320709228516e-01
1.758103370666503906e-01
1.828327178955078125e-01
1.858286857604980469e-01
1.911346912384033203e-01
1.801178455352783203e-01
1.708557605743408203e-01
1.080660820007324219e-01
9.469246864318847656e-02
1.507730484008789062e-01
1.021244525909423828e-01
9.367871284484863281e-02
9.341883659362792969e-02
9.727168083190917969e-02
9.813117980957031250e-02
9.450554847717285156e-02
9.233593940734863281e-02
9.234356880187988281e-02
9.426045417785644531e-02
9.488201141357421875e-02
9.600830078125000000e-02
9.403419494628906250e-02
9.291601181030273438e-02
9.447693824768066406e-02
9.274196624755859375e-02
9.728670120239257812e-02
9.126901626586914062e-02
9.820413589477539062e-02
9.150671958923339844e-02
9.247326850891113281e-02
9.353232383728027344e-02
8.906102180480957031e-02
1.011590957641601562e-01
9.657835960388183594e-02
1.015305519104003906e-01
1.013379096984863281e-01
9.619379043579101562e-02
1.785531044006347656e-01
1.514592170715332031e-01
1.014864444732666016e-01
1.626238822937011719e-01
1.640183925628662109e-01
9.480738639831542969e-02
9.731936454772949219e-02
9.558629989624023438e-02
9.373164176940917969e-02
9.426307678222656250e-02
9.658837318420410156e-02
9.628510475158691406e-02
9.699440002441406250e-02
1.727869510650634766e-01
7.834196090698242188e-02
1.706459522247314453e-01
1.577055454254150391e-01
1.709635257720947266e-01
1.426329612731933594e-01
1.435289382934570312e-01
1.387112140655517578e-01
1.514487266540527344e-01
1.741425991058349609e-01
9.614682197570800781e-02
9.754729270935058594e-02
9.646558761596679688e-02
9.904456138610839844e-02
1.751828193664550781e-01
1.703107357025146484e-01
9.776949882507324219e-02
9.645366668701171875e-02
9.474515914916992188e-02
1.014451980590820312e-01
1.028587818145751953e-01
9.519028663635253906e-02
1.240470409393310547e-01
1.804649829864501953e-01
1.432571411132812500e-01
1.612298488616943359e-01
1.721868515014648438e-01
1.508643627166748047e-01
9.984278678894042969e-02
9.711456298828125000e-02
1.731390953063964844e-01
1.424908638000488281e-01
1.769242286682128906e-01
1.723604202270507812e-01
1.685602664947509766e-01
1.728756427764892578e-01
1.737864017486572266e-01
1.701104640960693359e-01
1.671965122222900391e-01
1.614997386932373047e-01
1.736495494842529297e-01
1.691641807556152344e-01
1.660606861114501953e-01
1.653141975402832031e-01
9.767270088195800781e-02
9.787750244140625000e-02
9.019327163696289062e-02
9.354591369628906250e-02
1.416647434234619141e-01
1.743652820587158203e-01
1.759877204895019531e-01
1.730237007141113281e-01
9.681057929992675781e-02
1.767995357513427734e-01
1.562538146972656250e-01
9.215807914733886719e-02
8.996510505676269531e-02
9.668540954589843750e-02
8.880090713500976562e-02
9.973812103271484375e-02
9.427189826965332031e-02
1.656928062438964844e-01
1.696746349334716797e-01
1.641831398010253906e-01
1.665244102478027344e-01
1.644954681396484375e-01
1.762063503265380859e-01
1.730663776397705078e-01
1.400275230407714844e-01
1.616685390472412109e-01
1.026291847229003906e-01
1.715190410614013672e-01
1.786439418792724609e-01
1.445968151092529297e-01
1.659226417541503906e-01
9.619641304016113281e-02
9.382486343383789062e-02
9.604954719543457031e-02
1.789078712463378906e-01
1.836349964141845703e-01
1.683115959167480469e-01
1.026532649993896484e-01
1.631529331207275391e-01
1.650247573852539062e-01
9.338021278381347656e-02
9.594273567199707031e-02
9.575986862182617188e-02
9.406304359436035156e-02
1.656026840209960938e-01
1.673712730407714844e-01
1.681742668151855469e-01
1.640467643737792969e-01
1.702408790588378906e-01
1.551046371459960938e-01
9.378767013549804688e-02
1.689009666442871094e-01
1.767380237579345703e-01
1.750955581665039062e-01
1.709756851196289062e-01
9.873175621032714844e-02
1.691319942474365234e-01
1.684360504150390625e-01
1.726758480072021484e-01
1.685492992401123047e-01
1.079332828521728516e-01
9.513497352600097656e-02
9.961533546447753906e-02
9.664750099182128906e-02
9.590291976928710938e-02
1.742596626281738281e-01
1.610085964202880859e-01
1.621289253234863281e-01
1.605720520019531250e-01
1.367399692535400391e-01
1.531825065612792969e-01
1.654360294342041016e-01
1.711847782135009766e-01
1.743202209472656250e-01
1.698398590087890625e-01
1.681470870971679688e-01
1.697802543640136719e-01
1.752164363861083984e-01
1.670088768005371094e-01
1.726624965667724609e-01
1.704080104827880859e-01
1.713385581970214844e-01
1.634588241577148438e-01
1.718189716339111328e-01
1.684823036193847656e-01
1.699831485748291016e-01
1.721961498260498047e-01
1.738145351409912109e-01
1.762375831604003906e-01
1.776819229125976562e-01
1.710886955261230469e-01
1.417062282562255859e-01
1.841685771942138672e-01
1.847977638244628906e-01
1.441903114318847656e-01
1.742196083068847656e-01
1.716582775115966797e-01
1.751070022583007812e-01
1.734898090362548828e-01
1.699738502502441406e-01
1.400704383850097656e-01
1.705179214477539062e-01
1.787824630737304688e-01
1.727941036224365234e-01
1.803622245788574219e-01
1.369993686676025391e-01
1.759631633758544922e-01
1.849925518035888672e-01
1.304953098297119141e-01
1.800193786621093750e-01
1.697704792022705078e-01
1.683287620544433594e-01
9.425044059753417969e-02
9.048485755920410156e-02
9.525513648986816406e-02
1.335813999176025391e-01
9.056162834167480469e-02
8.815431594848632812e-02
9.126424789428710938e-02
9.246325492858886719e-02
4.447650909423828125e-02
1.008698940277099609e-01
1.010420322418212891e-01
9.956550598144531250e-02
9.779906272888183594e-02
9.972262382507324219e-02
9.833383560180664062e-02
1.019775867462158203e-01
9.808421134948730469e-02
9.721994400024414062e-02
1.035397052764892578e-01
9.515738487243652344e-02
1.000852584838867188e-01
1.009652614593505859e-01
1.741652488708496094e-01
9.554433822631835938e-02
9.705185890197753906e-02
9.812498092651367188e-02
1.021115779876708984e-01
1.020431518554687500e-01
1.820726394653320312e-01
1.799659729003906250e-01
1.784141063690185547e-01
1.802525520324707031e-01
1.564762592315673828e-01
1.817767620086669922e-01
9.983968734741210938e-02
9.989643096923828125e-02
9.865355491638183594e-02
1.026494503021240234e-01
1.005415916442871094e-01
1.790754795074462891e-01
1.679623126983642578e-01
9.693264961242675781e-02
9.643268585205078125e-02
1.720123291015625000e-01
1.805303096771240234e-01
1.698458194732666016e-01
9.856534004211425781e-02
9.760355949401855469e-02
9.978127479553222656e-02
9.436607360839843750e-02
9.517860412597656250e-02
9.360218048095703125e-02
9.262561798095703125e-02
1.801462173461914062e-01
1.769163608551025391e-01
9.696221351623535156e-02
9.471464157104492188e-02
1.440775394439697266e-01
9.689521789550781250e-02
1.741108894348144531e-01
1.739771366119384766e-01
1.762168407440185547e-01
1.741418838500976562e-01
1.739161014556884766e-01
1.679983139038085938e-01
1.615762710571289062e-01
1.711120605468750000e-01
9.609985351562500000e-02
9.906697273254394531e-02
9.880352020263671875e-02
9.359574317932128906e-02
9.801101684570312500e-02
9.728837013244628906e-02
9.798765182495117188e-02
1.768488883972167969e-01
1.640031337738037109e-01
9.394145011901855469e-02
1.019923686981201172e-01
1.001756191253662109e-01
1.067333221435546875e-01
1.731517314910888672e-01
9.580302238464355469e-02
1.677350997924804688e-01
1.250646114349365234e-01
1.083340644836425781e-01
1.867244243621826172e-01
1.739597320556640625e-01
1.018664836883544922e-01
1.770439147949218750e-01
1.861889362335205078e-01
1.747689247131347656e-01
1.531648635864257812e-01
1.780078411102294922e-01
1.708664894104003906e-01
1.706202030181884766e-01
1.744778156280517578e-01
1.723504066467285156e-01
1.630628108978271484e-01
9.943723678588867188e-02
1.068832874298095703e-01
9.955811500549316406e-02
1.610708236694335938e-01
1.763184070587158203e-01
1.342129707336425781e-01
9.242367744445800781e-02
1.148052215576171875e-01
1.800982952117919922e-01
1.775670051574707031e-01
1.767392158508300781e-01
1.674165725708007812e-01
1.728186607360839844e-01
1.554558277130126953e-01
1.718285083770751953e-01
1.592850685119628906e-01
1.680350303649902344e-01
1.338832378387451172e-01
9.447693824768066406e-02
9.639430046081542969e-02
9.386038780212402344e-02
1.687872409820556641e-01
1.024279594421386719e-01
1.800374984741210938e-01
1.736361980438232422e-01
1.788823604583740234e-01
1.569063663482666016e-01
1.802396774291992188e-01
1.194019317626953125e-01
9.565353393554687500e-02
9.754705429077148438e-02
9.355735778808593750e-02
1.676936149597167969e-01
1.570091247558593750e-01
9.872460365295410156e-02
1.668660640716552734e-01
1.606757640838623047e-01
9.455990791320800781e-02
1.651425361633300781e-01
1.621131896972656250e-01
1.742322444915771484e-01
1.725902557373046875e-01
1.138136386871337891e-01
9.761071205139160156e-02
1.050562858581542969e-01
9.860706329345703125e-02
9.473896026611328125e-02
9.661531448364257812e-02
9.736418724060058594e-02
9.573674201965332031e-02
1.867594718933105469e-01
1.820850372314453125e-01
1.747553348541259766e-01
1.204762458801269531e-01
9.333181381225585938e-02
9.419560432434082031e-02
1.756029129028320312e-01
1.781091690063476562e-01
1.010215282440185547e-01
1.785669326782226562e-01
1.637308597564697266e-01
1.792254447937011719e-01
1.861472129821777344e-01
1.302373409271240234e-01
1.008682250976562500e-01
9.880995750427246094e-02
1.009669303894042969e-01
1.018974781036376953e-01
1.639924049377441406e-01
1.023972034454345703e-01
1.053290367126464844e-01
9.959721565246582031e-02
1.011288166046142578e-01
9.229421615600585938e-02
1.751084327697753906e-01
1.954269409179687500e-01
1.880781650543212891e-01
1.682839393615722656e-01
1.034746170043945312e-01
1.586380004882812500e-01
1.248316764831542969e-01
1.006405353546142578e-01
1.043906211853027344e-01
1.026120185852050781e-01
1.568856239318847656e-01
1.797215938568115234e-01
1.767432689666748047e-01
1.769979000091552734e-01
1.687259674072265625e-01
1.039314270019531250e-01
1.022908687591552734e-01
1.017463207244873047e-01
1.041691303253173828e-01
1.824769973754882812e-01
1.916754245758056641e-01
1.883296966552734375e-01
1.910455226898193359e-01
1.865930557250976562e-01
1.869406700134277344e-01
1.747014522552490234e-01
1.070032119750976562e-01
1.144440174102783203e-01
1.752281188964843750e-01
1.704003810882568359e-01
1.440007686614990234e-01
1.734762191772460938e-01
1.739087104797363281e-01
1.797237396240234375e-01
1.779720783233642578e-01
1.779735088348388672e-01
1.737957000732421875e-01
1.763799190521240234e-01
1.385772228240966797e-01
1.718997955322265625e-01
1.725056171417236328e-01
1.491754055023193359e-01
1.681797504425048828e-01
1.469910144805908203e-01
1.026906967163085938e-01
1.523170471191406250e-01
1.014485359191894531e-01
1.078431606292724609e-01
9.753608703613281250e-02
1.039023399353027344e-01
9.555315971374511719e-02
9.647250175476074219e-02
9.883809089660644531e-02
1.727240085601806641e-01
1.640729904174804688e-01
1.664898395538330078e-01
1.874942779541015625e-01
1.244912147521972656e-01
9.925961494445800781e-02
9.941649436950683594e-02
1.720499992370605469e-01
9.840226173400878906e-02
9.494495391845703125e-02
1.780185699462890625e-01
1.818745136260986328e-01
1.790251731872558594e-01
1.744201183319091797e-01
1.790034770965576172e-01
1.814813613891601562e-01
1.747117042541503906e-01
1.771421432495117188e-01
1.840827465057373047e-01
1.760921478271484375e-01
1.802995204925537109e-01
1.768667697906494141e-01
1.715052127838134766e-01
1.827259063720703125e-01
9.511995315551757812e-02
1.643278598785400391e-01
9.407162666320800781e-02
1.096994876861572266e-01
9.478473663330078125e-02
9.487223625183105469e-02
9.252095222473144531e-02
1.695585250854492188e-01
1.760983467102050781e-01
1.755092144012451172e-01
1.820683479309082031e-01
1.622257232666015625e-01
1.026866436004638672e-01
1.706943511962890625e-01
1.747047901153564453e-01
1.003751754760742188e-01
1.367547512054443359e-01
1.625671386718750000e-01
1.677484512329101562e-01
1.739141941070556641e-01
1.352460384368896484e-01
1.627142429351806641e-01
1.484513282775878906e-01
1.576650142669677734e-01
1.698055267333984375e-01
1.669759750366210938e-01
9.155249595642089844e-02
9.108734130859375000e-02
9.352421760559082031e-02
9.391355514526367188e-02
1.093683242797851562e-01
9.768772125244140625e-02
1.724419593811035156e-01
9.915113449096679688e-02
9.477305412292480469e-02
1.037039756774902344e-01
1.032869815826416016e-01
1.725325584411621094e-01
1.046261787414550781e-01
1.225020885467529297e-01
9.920907020568847656e-02
1.829764842987060547e-01
1.721611022949218750e-01
9.673357009887695312e-02
9.698247909545898438e-02
9.481716156005859375e-02
9.410214424133300781e-02
9.535169601440429688e-02
9.892821311950683594e-02
1.017417907714843750e-01
9.472346305847167969e-02
9.145569801330566406e-02
9.332680702209472656e-02
8.956408500671386719e-02
