1.585922241210937500e-01
1.627416610717773438e-01
1.669845581054687500e-01
8.676886558532714844e-02
9.063220024108886719e-02
8.885931968688964844e-02
9.269881248474121094e-02
8.901619911193847656e-02
8.897876739501953125e-02
9.078836441040039062e-02
8.974790573120117188e-02
8.579349517822265625e-02
8.616781234741210938e-02
1.002373695373535156e-01
9.816765785217285156e-02
8.907628059387207031e-02
9.476017951965332031e-02
9.414577484130859375e-02
8.816099166870117188e-02
9.085702896118164062e-02
8.996319770812988281e-02
9.176349639892578125e-02
9.396600723266601562e-02
9.188127517700195312e-02
9.296822547912597656e-02
1.311616897583007812e-01
9.223628044128417969e-02
1.443653106689453125e-01
1.616761684417724609e-01
1.187052726745605469e-01
1.679236888885498047e-01
1.430807113647460938e-01
1.541368961334228516e-01
1.056869029998779297e-01
9.254837036132812500e-02
8.823132514953613281e-02
1.595177650451660156e-01
9.482431411743164062e-02
1.662459373474121094e-01
9.314608573913574219e-02
9.189820289611816406e-02
9.198904037475585938e-02
9.095978736877441406e-02
8.700156211853027344e-02
1.638619899749755859e-01
8.611178398132324219e-02
8.810901641845703125e-02
8.939886093139648438e-02
9.047460556030273438e-02
9.075927734375000000e-02
1.705274581909179688e-01
1.663758754730224609e-01
1.565818786621093750e-01
1.666543483734130859e-01
1.350495815277099609e-01
9.087824821472167969e-02
9.453845024108886719e-02
9.236931800842285156e-02
1.372721195220947266e-01
1.699161529541015625e-01
1.693608760833740234e-01
1.709454059600830078e-01
8.850049972534179688e-02
9.251546859741210938e-02
9.011960029602050781e-02
9.266829490661621094e-02
9.300398826599121094e-02
9.220862388610839844e-02
9.234857559204101562e-02
8.942127227783203125e-02
9.154582023620605469e-02
9.261178970336914062e-02
9.092807769775390625e-02
8.786916732788085938e-02
8.995890617370605469e-02
8.866286277770996094e-02
8.932375907897949219e-02
9.029388427734375000e-02
9.405565261840820312e-02
9.113597869873046875e-02
8.993506431579589844e-02
9.216499328613281250e-02
9.568905830383300781e-02
1.704618930816650391e-01
1.519589424133300781e-01
9.355807304382324219e-02
9.631776809692382812e-02
9.717798233032226562e-02
9.581661224365234375e-02
9.347081184387207031e-02
2.158977985382080078e-01
9.055781364440917969e-02
9.406590461730957031e-02
9.810400009155273438e-02
8.574676513671875000e-02
9.389305114746093750e-02
9.205126762390136719e-02
9.503126144409179688e-02
9.352397918701171875e-02
9.299564361572265625e-02
9.660077095031738281e-02
9.647941589355468750e-02
9.596228599548339844e-02
1.715617179870605469e-01
1.707415580749511719e-01
1.648523807525634766e-01
9.294891357421875000e-02
1.642186641693115234e-01
1.683347225189208984e-01
1.638352870941162109e-01
1.739921569824218750e-01
1.558818817138671875e-01
9.722995758056640625e-02
9.616947174072265625e-02
9.380030632019042969e-02
1.627714633941650391e-01
9.439635276794433594e-02
9.220886230468750000e-02
9.274411201477050781e-02
9.235978126525878906e-02
9.627509117126464844e-02
1.647520065307617188e-01
1.635873317718505859e-01
1.639118194580078125e-01
1.533420085906982422e-01
1.693842411041259766e-01
1.727483272552490234e-01
1.695764064788818359e-01
1.705787181854248047e-01
1.602394580841064453e-01
9.541273117065429688e-02
9.642529487609863281e-02
9.062981605529785156e-02
9.345245361328125000e-02
9.563040733337402344e-02
9.212899208068847656e-02
9.121990203857421875e-02
8.275628089904785156e-02
9.455013275146484375e-02
9.332656860351562500e-02
9.378194808959960938e-02
9.208869934082031250e-02
9.231972694396972656e-02
9.796428680419921875e-02
9.353423118591308594e-02
9.162974357604980469e-02
9.479260444641113281e-02
9.281682968139648438e-02
9.168910980224609375e-02
8.897256851196289062e-02
9.276700019836425781e-02
8.744215965270996094e-02
9.417247772216796875e-02
9.447193145751953125e-02
9.349942207336425781e-02
9.319782257080078125e-02
9.472036361694335938e-02
9.142112731933593750e-02
9.455204010009765625e-02
9.232330322265625000e-02
9.737420082092285156e-02
9.162044525146484375e-02
4.546499252319335938e-02
9.079933166503906250e-02
9.504032135009765625e-02
9.738111495971679688e-02
9.122920036315917969e-02
9.738183021545410156e-02
9.933090209960937500e-02
9.346008300781250000e-02
9.370326995849609375e-02
1.009898185729980469e-01
9.975767135620117188e-02
9.941148757934570312e-02
9.830594062805175781e-02
9.897494316101074219e-02
9.837698936462402344e-02
9.879422187805175781e-02
9.671473503112792969e-02
9.400391578674316406e-02
1.037659645080566406e-01
9.493803977966308594e-02
9.826922416687011719e-02
9.742975234985351562e-02
9.550762176513671875e-02
9.518742561340332031e-02
9.429264068603515625e-02
9.518671035766601562e-02
9.851574897766113281e-02
9.375858306884765625e-02
9.750008583068847656e-02
9.377837181091308594e-02
9.676408767700195312e-02
9.076476097106933594e-02
9.631323814392089844e-02
9.681677818298339844e-02
9.673571586608886719e-02
1.007561683654785156e-01
9.574675559997558594e-02
9.256911277770996094e-02
1.024467945098876953e-01
9.679651260375976562e-02
9.675121307373046875e-02
9.654688835144042969e-02
9.919977188110351562e-02
9.853553771972656250e-02
1.031665802001953125e-01
9.835886955261230469e-02
9.670066833496093750e-02
9.928536415100097656e-02
1.056847572326660156e-01
9.592604637145996094e-02
1.017258167266845703e-01
1.783952713012695312e-01
1.559259891510009766e-01
9.988498687744140625e-02
9.662365913391113281e-02
9.825181961059570312e-02
1.716237068176269531e-01
1.688215732574462891e-01
1.709222793579101562e-01
1.779675483703613281e-01
1.407718658447265625e-01
9.694957733154296875e-02
8.832073211669921875e-02
9.307193756103515625e-02
9.300446510314941406e-02
9.314823150634765625e-02
9.140133857727050781e-02
9.373664855957031250e-02
9.524202346801757812e-02
9.355545043945312500e-02
1.741447448730468750e-01
1.730868816375732422e-01
1.740846633911132812e-01
1.622450351715087891e-01
9.626531600952148438e-02
9.626245498657226562e-02
9.574747085571289062e-02
9.541583061218261719e-02
8.954787254333496094e-02
9.484171867370605469e-02
9.581375122070312500e-02
9.440588951110839844e-02
9.593152999877929688e-02
1.016197204589843750e-01
9.450197219848632812e-02
1.320002079010009766e-01
1.080093383789062500e-01
1.019914150238037109e-01
9.944939613342285156e-02
1.046085357666015625e-01
9.838843345642089844e-02
9.939646720886230469e-02
9.679937362670898438e-02
1.022591590881347656e-01
8.405470848083496094e-02
1.029424667358398438e-01
9.316182136535644531e-02
9.134554862976074219e-02
9.688878059387207031e-02
9.890413284301757812e-02
9.333753585815429688e-02
9.780263900756835938e-02
9.113812446594238281e-02
1.032712459564208984e-01
1.064651012420654297e-01
1.103005409240722656e-01
1.104707717895507812e-01
1.654100418090820312e-01
9.823846817016601562e-02
9.635782241821289062e-02
9.324240684509277344e-02
9.228634834289550781e-02
1.691551208496093750e-01
1.704142093658447266e-01
1.727383136749267578e-01
1.707558631896972656e-01
1.501226425170898438e-01
9.277391433715820312e-02
9.818601608276367188e-02
9.564495086669921875e-02
9.271025657653808594e-02
9.651565551757812500e-02
1.011455059051513672e-01
1.016612052917480469e-01
9.726333618164062500e-02
9.652590751647949219e-02
9.971833229064941406e-02
1.800742149353027344e-01
1.817674636840820312e-01
1.720988750457763672e-01
1.665172576904296875e-01
9.894442558288574219e-02
9.821534156799316406e-02
1.028451919555664062e-01
9.715318679809570312e-02
9.694218635559082031e-02
1.061844825744628906e-01
1.032280921936035156e-01
9.337139129638671875e-02
1.013436317443847656e-01
1.022253036499023438e-01
9.628129005432128906e-02
1.063029766082763672e-01
1.005129814147949219e-01
1.074798107147216797e-01
1.069927215576171875e-01
9.519958496093750000e-02
1.685521602630615234e-01
1.586301326751708984e-01
1.025471687316894531e-01
9.401655197143554688e-02
8.820748329162597656e-02
1.056807041168212891e-01
9.819555282592773438e-02
9.492492675781250000e-02
1.646482944488525391e-01
1.610789299011230469e-01
9.808325767517089844e-02
1.765191555023193359e-01
1.784467697143554688e-01
1.481804847717285156e-01
1.644711494445800781e-01
9.738802909851074219e-02
8.283472061157226562e-02
1.747930049896240234e-01
9.824538230895996094e-02
1.833000183105468750e-01
1.683616638183593750e-01
1.735670566558837891e-01
9.846925735473632812e-02
9.616804122924804688e-02
1.730055809020996094e-01
1.597661972045898438e-01
1.034460067749023438e-01
1.201829910278320312e-01
9.917473793029785156e-02
9.444260597229003906e-02
1.758282184600830078e-01
9.786200523376464844e-02
1.827893257141113281e-01
1.685466766357421875e-01
1.075360774993896484e-01
1.033697128295898438e-01
1.682369709014892578e-01
1.728184223175048828e-01
1.627769470214843750e-01
9.510278701782226562e-02
9.757089614868164062e-02
9.444594383239746094e-02
9.302401542663574219e-02
1.768007278442382812e-01
1.653010845184326172e-01
1.662800312042236328e-01
1.665575504302978516e-01
9.478712081909179688e-02
1.702938079833984375e-01
9.077143669128417969e-02
9.454417228698730469e-02
1.041083335876464844e-01
1.336205005645751953e-01
1.864907741546630859e-01
1.830031871795654297e-01
1.745629310607910156e-01
9.806513786315917969e-02
1.559014320373535156e-01
9.938621520996093750e-02
9.844613075256347656e-02
9.784126281738281250e-02
9.558272361755371094e-02
9.772682189941406250e-02
9.771656990051269531e-02
1.029386520385742188e-01
9.299087524414062500e-02
1.105105876922607422e-01
1.020801067352294922e-01
1.099982261657714844e-01
1.750042438507080078e-01
1.768817901611328125e-01
1.500253677368164062e-01
9.759378433227539062e-02
9.514212608337402344e-02
9.778189659118652344e-02
9.557056427001953125e-02
1.687355041503906250e-01
1.601552963256835938e-01
1.698935031890869141e-01
1.741936206817626953e-01
1.726727485656738281e-01
1.738765239715576172e-01
1.505339145660400391e-01
1.667013168334960938e-01
1.700704097747802734e-01
9.389448165893554688e-02
1.011414527893066406e-01
9.146070480346679688e-02
1.060910224914550781e-01
9.691524505615234375e-02
1.653838157653808594e-01
1.762225627899169922e-01
1.626348495483398438e-01
9.512853622436523438e-02
9.763431549072265625e-02
9.256696701049804688e-02
9.475827217102050781e-02
1.735613346099853516e-01
1.666622161865234375e-01
1.677820682525634766e-01
1.662943363189697266e-01
1.697378158569335938e-01
1.662065982818603516e-01
1.445214748382568359e-01
9.124207496643066406e-02
9.528541564941406250e-02
9.688615798950195312e-02
9.566521644592285156e-02
9.271931648254394531e-02
8.927416801452636719e-02
9.808683395385742188e-02
9.381818771362304688e-02
1.649172306060791016e-01
1.580626964569091797e-01
9.297156333923339844e-02
9.230971336364746094e-02
9.484672546386718750e-02
9.219527244567871094e-02
1.036229133605957031e-01
9.243869781494140625e-02
9.181642532348632812e-02
9.198784828186035156e-02
9.248256683349609375e-02
9.314966201782226562e-02
9.434843063354492188e-02
9.151840209960937500e-02
9.668016433715820312e-02
9.349799156188964844e-02
9.122443199157714844e-02
9.622120857238769531e-02
1.746208667755126953e-01
1.671497821807861328e-01
9.552311897277832031e-02
9.752988815307617188e-02
1.744408607482910156e-01
1.691472530364990234e-01
1.703305244445800781e-01
1.711215972900390625e-01
1.652605533599853516e-01
1.683788299560546875e-01
1.385288238525390625e-01
1.627507209777832031e-01
9.010577201843261719e-02
9.079241752624511719e-02
9.271979331970214844e-02
9.638333320617675781e-02
9.752273559570312500e-02
1.005249023437500000e-01
9.527087211608886719e-02
1.732115745544433594e-01
1.694598197937011719e-01
1.601316928863525391e-01
1.702287197113037109e-01
1.675350666046142578e-01
1.708271503448486328e-01
1.696777343750000000e-01
1.548762321472167969e-01
1.674323081970214844e-01
1.675024032592773438e-01
1.706070899963378906e-01
1.558184623718261719e-01
1.767213344573974609e-01
1.620643138885498047e-01
1.727728843688964844e-01
1.712350845336914062e-01
1.713442802429199219e-01
1.691672801971435547e-01
1.683800220489501953e-01
1.733498573303222656e-01
1.713738441467285156e-01
1.693434715270996094e-01
1.433069705963134766e-01
9.369635581970214844e-02
1.737687587738037109e-01
1.706624031066894531e-01
1.656577587127685547e-01
1.673843860626220703e-01
1.043391227722167969e-01
9.521007537841796875e-02
4.904603958129882812e-02
1.069433689117431641e-01
1.067540645599365234e-01
1.784169673919677734e-01
9.860062599182128906e-02
1.077415943145751953e-01
1.004300117492675781e-01
9.400463104248046875e-02
1.007418632507324219e-01
9.654116630554199219e-02
9.179377555847167969e-02
1.007976531982421875e-01
1.404576301574707031e-01
9.830737113952636719e-02
9.781122207641601562e-02
1.003787517547607422e-01
9.814667701721191406e-02
9.882283210754394531e-02
1.049585342407226562e-01
9.997391700744628906e-02
1.802859306335449219e-01
1.846270561218261719e-01
1.831560134887695312e-01
1.028060913085937500e-01
9.462356567382812500e-02
9.556818008422851562e-02
9.677219390869140625e-02
9.850025177001953125e-02
1.651105880737304688e-01
8.958578109741210938e-02
9.579443931579589844e-02
9.288668632507324219e-02
9.386086463928222656e-02
9.397768974304199219e-02
9.303617477416992188e-02
9.109282493591308594e-02
9.010434150695800781e-02
9.318614006042480469e-02
9.420514106750488281e-02
9.758591651916503906e-02
1.000711917877197266e-01
1.001067161560058594e-01
9.877300262451171875e-02
9.570002555847167969e-02
9.882450103759765625e-02
9.883880615234375000e-02
9.877276420593261719e-02
9.650301933288574219e-02
9.732294082641601562e-02
9.671711921691894531e-02
1.047785282135009766e-01
9.460401535034179688e-02
9.350299835205078125e-02
9.336996078491210938e-02
9.261465072631835938e-02
1.006469726562500000e-01
9.914684295654296875e-02
9.628009796142578125e-02
9.382176399230957031e-02
9.375262260437011719e-02
9.317684173583984375e-02
1.673669815063476562e-01
1.682438850402832031e-01
9.629178047180175781e-02
9.561491012573242188e-02
1.798250675201416016e-01
1.729602813720703125e-01
1.789219379425048828e-01
1.777322292327880859e-01
1.436898708343505859e-01
9.602713584899902344e-02
9.562516212463378906e-02
9.866666793823242188e-02
9.504818916320800781e-02
9.571838378906250000e-02
9.418392181396484375e-02
9.981322288513183594e-02
9.694361686706542969e-02
9.523057937622070312e-02
9.602499008178710938e-02
9.976291656494140625e-02
9.439802169799804688e-02
9.406661987304687500e-02
9.512925148010253906e-02
9.451365470886230469e-02
1.715548038482666016e-01
1.686468124389648438e-01
1.635222434997558594e-01
9.735059738159179688e-02
9.706044197082519531e-02
9.426951408386230469e-02
9.632921218872070312e-02
9.539508819580078125e-02
9.462141990661621094e-02
1.686534881591796875e-01
1.765615940093994141e-01
1.295771598815917969e-01
9.206247329711914062e-02
9.782981872558593750e-02
1.704211235046386719e-01
1.709182262420654297e-01
1.690206527709960938e-01
1.586260795593261719e-01
9.810304641723632812e-02
9.691667556762695312e-02
9.356021881103515625e-02
9.453606605529785156e-02
2.098779678344726562e-01
8.781671524047851562e-02
9.135007858276367188e-02
9.104037284851074219e-02
9.431719779968261719e-02
9.569191932678222656e-02
9.238600730895996094e-02
1.663289070129394531e-01
1.641430854797363281e-01
9.235548973083496094e-02
9.623765945434570312e-02
9.853839874267578125e-02
9.629988670349121094e-02
1.707873344421386719e-01
1.745440959930419922e-01
1.705772876739501953e-01
1.728370189666748047e-01
1.662170886993408203e-01
1.780593395233154297e-01
1.701829433441162109e-01
1.678082942962646484e-01
1.715548038482666016e-01
1.498446464538574219e-01
8.904051780700683594e-02
9.485054016113281250e-02
9.277653694152832031e-02
1.674706935882568359e-01
9.230613708496093750e-02
1.638114452362060547e-01
1.627786159515380859e-01
1.694381237030029297e-01
1.687638759613037109e-01
1.771214008331298828e-01
1.321570873260498047e-01
9.961199760437011719e-02
1.723089218139648438e-01
1.696310043334960938e-01
1.781487464904785156e-01
1.751172542572021484e-01
1.710226535797119141e-01
1.650888919830322266e-01
1.635789871215820312e-01
1.438357830047607422e-01
9.116816520690917969e-02
9.657335281372070312e-02
1.005535125732421875e-01
9.419822692871093750e-02
9.387588500976562500e-02
9.583187103271484375e-02
9.485650062561035156e-02
9.229159355163574219e-02
1.558213233947753906e-01
1.779415607452392578e-01
1.680445671081542969e-01
1.751077175140380859e-01
1.702895164489746094e-01
8.897471427917480469e-02
1.843380928039550781e-01
1.921255588531494141e-01
1.032283306121826172e-01
1.009922027587890625e-01
1.016402244567871094e-01
1.051518917083740234e-01
1.042373180389404297e-01
1.034774780273437500e-01
1.023082733154296875e-01
1.018939018249511719e-01
1.000592708587646484e-01
9.939384460449218750e-02
1.029183864593505859e-01
1.050684452056884766e-01
1.028580665588378906e-01
1.039958000183105469e-01
1.007063388824462891e-01
1.628410816192626953e-01
1.707389354705810547e-01
1.039137840270996094e-01
1.007184982299804688e-01
1.042389869689941406e-01
1.007106304168701172e-01
1.771783828735351562e-01
1.796486377716064453e-01
1.793298721313476562e-01
1.654326915740966797e-01
1.078410148620605469e-01
1.794457435607910156e-01
1.802587509155273438e-01
1.837325096130371094e-01
1.835925579071044922e-01
1.773056983947753906e-01
1.764643192291259766e-01
1.735038757324218750e-01
1.806876659393310547e-01
1.524901390075683594e-01
9.866070747375488281e-02
1.019098758697509766e-01
1.005671024322509766e-01
9.980082511901855469e-02
1.020908355712890625e-01
1.023292541503906250e-01
9.650945663452148438e-02
1.009719371795654297e-01
9.565377235412597656e-02
1.014554500579833984e-01
9.881925582885742188e-02
1.011226177215576172e-01
1.014494895935058594e-01
1.019096374511718750e-01
1.017880439758300781e-01
1.036176681518554688e-01
1.701879501342773438e-01
1.015110015869140625e-01
1.004381179809570312e-01
1.774399280548095703e-01
1.772170066833496094e-01
1.725950241088867188e-01
1.788756847381591797e-01
1.776618957519531250e-01
1.705694198608398438e-01
1.707849502563476562e-01
1.730136871337890625e-01
1.652197837829589844e-01
9.627103805541992188e-02
1.007082462310791016e-01
9.730124473571777344e-02
9.949302673339843750e-02
1.800415515899658203e-01
1.778366565704345703e-01
1.765210628509521484e-01
1.231265068054199219e-01
9.940099716186523438e-02
9.920978546142578125e-02
1.013953685760498047e-01
9.860372543334960938e-02
9.631729125976562500e-02
9.981822967529296875e-02
1.838834285736083984e-01
1.763918399810791016e-01
1.814062595367431641e-01
1.740560531616210938e-01
1.547174453735351562e-01
9.685349464416503906e-02
9.521174430847167969e-02
9.829974174499511719e-02
9.434914588928222656e-02
9.600234031677246094e-02
9.314203262329101562e-02
1.789150238037109375e-01
1.799314022064208984e-01
1.722631454467773438e-01
1.715731620788574219e-01
1.704952716827392578e-01
1.362895965576171875e-01
9.160232543945312500e-02
9.695768356323242188e-02
9.352064132690429688e-02
1.008443832397460938e-01
9.737634658813476562e-02
9.600377082824707031e-02
1.696581840515136719e-01
9.912276268005371094e-02
9.597706794738769531e-02
9.880900382995605469e-02
1.657922267913818359e-01
1.627058982849121094e-01
1.632018089294433594e-01
8.847045898437500000e-02
1.613044738769531250e-01
9.394955635070800781e-02
9.493422508239746094e-02
9.414839744567871094e-02
9.377121925354003906e-02
9.367036819458007812e-02
8.329176902770996094e-02
8.762812614440917969e-02
8.860182762145996094e-02
9.334588050842285156e-02
9.089660644531250000e-02
9.091997146606445312e-02
1.678073406219482422e-01
1.625456809997558594e-01
1.679327487945556641e-01
9.083628654479980469e-02
8.841109275817871094e-02
1.535570621490478516e-01
1.608314514160156250e-01
1.583209037780761719e-01
1.697394847869873047e-01
1.703338623046875000e-01
1.244342327117919922e-01
9.185886383056640625e-02
1.206119060516357422e-01
9.345459938049316406e-02
9.411430358886718750e-02
9.428453445434570312e-02
1.716585159301757812e-01
1.693708896636962891e-01
1.680929660797119141e-01
1.707282066345214844e-01
1.621537208557128906e-01
8.956909179687500000e-02
9.449291229248046875e-02
8.888292312622070312e-02
9.583926200866699219e-02
9.224796295166015625e-02
1.684780120849609375e-01
9.389352798461914062e-02
1.641559600830078125e-01
1.685438156127929688e-01
1.643848419189453125e-01
9.379410743713378906e-02
9.587907791137695312e-02
1.657485961914062500e-01
1.625401973724365234e-01
1.661348342895507812e-01
1.686275005340576172e-01
1.643991470336914062e-01
1.312186717987060547e-01
9.192132949829101562e-02
4.995059967041015625e-02
1.018819808959960938e-01
1.064915657043457031e-01
1.046874523162841797e-01
9.867167472839355469e-02
9.963154792785644531e-02
9.798884391784667969e-02
1.032066345214843750e-01
9.700608253479003906e-02
9.797239303588867188e-02
1.005616188049316406e-01
9.696245193481445312e-02
9.590363502502441406e-02
9.512281417846679688e-02
9.526658058166503906e-02
9.256792068481445312e-02
1.021456718444824219e-01
9.966826438903808594e-02
9.512472152709960938e-02
9.917402267456054688e-02
1.016836166381835938e-01
9.838795661926269531e-02
1.622288227081298828e-01
9.330248832702636719e-02
9.411406517028808594e-02
9.590840339660644531e-02
9.456634521484375000e-02
1.811721324920654297e-01
1.795270442962646484e-01
1.761250495910644531e-01
1.503520011901855469e-01
1.608204841613769531e-01
1.593711376190185547e-01
9.486865997314453125e-02
1.823890209197998047e-01
1.760563850402832031e-01
9.153056144714355469e-02
9.810256958007812500e-02
9.483742713928222656e-02
1.715466976165771484e-01
1.683723926544189453e-01
8.977890014648437500e-02
9.226560592651367188e-02
9.737777709960937500e-02
9.292626380920410156e-02
9.303116798400878906e-02
9.056782722473144531e-02
9.344887733459472656e-02
8.963561058044433594e-02
9.711647033691406250e-02
9.483003616333007812e-02
1.715781688690185547e-01
9.473037719726562500e-02
9.701704978942871094e-02
1.779339313507080078e-01
1.586129665374755859e-01
9.343147277832031250e-02
9.449815750122070312e-02
9.094476699829101562e-02
9.515142440795898438e-02
9.390830993652343750e-02
9.852671623229980469e-02
1.517224311828613281e-01
1.741292476654052734e-01
1.036016941070556641e-01
9.071302413940429688e-02
9.633898735046386719e-02
9.204912185668945312e-02
9.256958961486816406e-02
9.138178825378417969e-02
9.297251701354980469e-02
8.906579017639160156e-02
8.906388282775878906e-02
9.417200088500976562e-02
9.228181838989257812e-02
9.614920616149902344e-02
1.733984947204589844e-01
1.412198543548583984e-01
1.009404659271240234e-01
9.645390510559082031e-02
9.764766693115234375e-02
9.301590919494628906e-02
1.697366237640380859e-01
1.896250247955322266e-01
1.787202358245849609e-01
1.385726928710937500e-01
9.535646438598632812e-02
1.776273250579833984e-01
1.196613311767578125e-01
9.283804893493652344e-02
9.377455711364746094e-02
1.739215850830078125e-01
1.771759986877441406e-01
1.697831153869628906e-01
9.462881088256835938e-02
9.569597244262695312e-02
8.938813209533691406e-02
9.250640869140625000e-02
9.461784362792968750e-02
9.676504135131835938e-02
9.951519966125488281e-02
9.303855895996093750e-02
9.542155265808105469e-02
9.835672378540039062e-02
9.609770774841308594e-02
9.005665779113769531e-02
9.634447097778320312e-02
1.696405410766601562e-01
1.768918037414550781e-01
1.747846603393554688e-01
1.768085956573486328e-01
1.671276092529296875e-01
9.096407890319824219e-02
9.526038169860839844e-02
9.273219108581542969e-02
9.641361236572265625e-02
9.465503692626953125e-02
9.227657318115234375e-02
9.622597694396972656e-02
1.784799098968505859e-01
1.811511516571044922e-01
1.778011322021484375e-01
1.782767772674560547e-01
1.764068603515625000e-01
1.010916233062744141e-01
9.455323219299316406e-02
9.778451919555664062e-02
1.779499053955078125e-01
9.795737266540527344e-02
1.041634082794189453e-01
9.644365310668945312e-02
9.688758850097656250e-02
9.522104263305664062e-02
1.023910045623779297e-01
9.974884986877441406e-02
1.006042957305908203e-01
9.615254402160644531e-02
9.394383430480957031e-02
9.483194351196289062e-02
9.708762168884277344e-02
9.967160224914550781e-02
9.752917289733886719e-02
9.627127647399902344e-02
1.005604267120361328e-01
9.566545486450195312e-02
9.059119224548339844e-02
9.419035911560058594e-02
9.377622604370117188e-02
9.167432785034179688e-02
9.564566612243652344e-02
9.033799171447753906e-02
9.193301200866699219e-02
1.712613105773925781e-01
1.699984073638916016e-01
1.706268787384033203e-01
1.783895492553710938e-01
1.090660095214843750e-01
8.668923377990722656e-02
9.274744987487792969e-02
8.604502677917480469e-02
9.305739402770996094e-02
9.734296798706054688e-02
9.239745140075683594e-02
4.636335372924804688e-02
1.027758121490478516e-01
1.039910316467285156e-01
1.052837371826171875e-01
1.008663177490234375e-01
1.000759601593017578e-01
1.009202003479003906e-01
1.009392738342285156e-01
9.861516952514648438e-02
1.003441810607910156e-01
9.954428672790527344e-02
9.766101837158203125e-02
9.997868537902832031e-02
9.733986854553222656e-02
9.735894203186035156e-02
9.858655929565429688e-02
9.922933578491210938e-02
1.773762702941894531e-01
1.778380870819091797e-01
1.674461364746093750e-01
1.699292659759521484e-01
1.718561649322509766e-01
1.491839885711669922e-01
9.646391868591308594e-02
1.052274703979492188e-01
9.610915184020996094e-02
1.004676818847656250e-01
9.664678573608398438e-02
9.675669670104980469e-02
9.796690940856933594e-02
9.735226631164550781e-02
9.861063957214355469e-02
9.884643554687500000e-02
9.620523452758789062e-02
9.597325325012207031e-02
9.616065025329589844e-02
9.926652908325195312e-02
9.708356857299804688e-02
9.865760803222656250e-02
9.761357307434082031e-02
9.800434112548828125e-02
1.031055450439453125e-01
9.625530242919921875e-02
9.774994850158691406e-02
1.017091274261474609e-01
9.522032737731933594e-02
9.275102615356445312e-02
8.869504928588867188e-02
8.969497680664062500e-02
8.771371841430664062e-02
9.024286270141601562e-02
9.031295776367187500e-02
9.501028060913085938e-02
9.470248222351074219e-02
9.365749359130859375e-02
9.380507469177246094e-02
8.888173103332519531e-02
8.936858177185058594e-02
1.011266708374023438e-01
9.669756889343261719e-02
9.713339805603027344e-02
9.673810005187988281e-02
9.378767013549804688e-02
9.531354904174804688e-02
9.386610984802246094e-02
9.512495994567871094e-02
9.492874145507812500e-02
9.121823310852050781e-02
9.158301353454589844e-02
1.645250320434570312e-01
1.691164970397949219e-01
1.666893959045410156e-01
1.688609123229980469e-01
1.693432331085205078e-01
1.568539142608642578e-01
1.744520664215087891e-01
1.467950344085693359e-01
9.457659721374511719e-02
1.055338382720947266e-01
1.057481765747070312e-01
9.532737731933593750e-02
9.543514251708984375e-02
9.727835655212402344e-02
9.355115890502929688e-02
9.920525550842285156e-02
9.648633003234863281e-02
9.641313552856445312e-02
9.892010688781738281e-02
9.418606758117675781e-02
9.750413894653320312e-02
9.335994720458984375e-02
9.548830986022949219e-02
9.716439247131347656e-02
9.365677833557128906e-02
9.486222267150878906e-02
9.290051460266113281e-02
9.647822380065917969e-02
9.943056106567382812e-02
9.459400177001953125e-02
9.687304496765136719e-02
9.394335746765136719e-02
9.444332122802734375e-02
9.416198730468750000e-02
9.317994117736816406e-02
9.364008903503417969e-02
9.160304069519042969e-02
9.451699256896972656e-02
9.439373016357421875e-02
9.132122993469238281e-02
9.790921211242675781e-02
9.408164024353027344e-02
1.013875007629394531e-01
9.881186485290527344e-02
9.715485572814941406e-02
9.021592140197753906e-02
9.480285644531250000e-02
9.363269805908203125e-02
9.694766998291015625e-02
9.445428848266601562e-02
9.628438949584960938e-02
9.538149833679199219e-02
9.455728530883789062e-02
9.097218513488769531e-02
9.511351585388183594e-02
9.170055389404296875e-02
9.998250007629394531e-02
9.992170333862304688e-02
9.864664077758789062e-02
9.979033470153808594e-02
1.021046638488769531e-01
9.689092636108398438e-02
9.760975837707519531e-02
1.691160202026367188e-01
1.144044399261474609e-01
1.026682853698730469e-01
9.412288665771484375e-02
9.031534194946289062e-02
9.394836425781250000e-02
9.405374526977539062e-02
9.173202514648437500e-02
9.141349792480468750e-02
1.583709716796875000e-01
9.729290008544921875e-02
9.197568893432617188e-02
9.398722648620605469e-02
9.491443634033203125e-02
9.161496162414550781e-02
9.628200531005859375e-02
9.533858299255371094e-02
9.665656089782714844e-02
9.701228141784667969e-02
9.350204467773437500e-02
9.444880485534667969e-02
9.006071090698242188e-02
8.793401718139648438e-02
9.282946586608886719e-02
1.005620956420898438e-01
9.653878211975097656e-02
9.919691085815429688e-02
9.636878967285156250e-02
9.892916679382324219e-02
9.759235382080078125e-02
9.456157684326171875e-02
4.674220085144042969e-02
1.025059223175048828e-01
1.055076122283935547e-01
9.907484054565429688e-02
1.035904884338378906e-01
1.030817031860351562e-01
9.629082679748535156e-02
1.015114784240722656e-01
9.936642646789550781e-02
1.014289855957031250e-01
1.018278598785400391e-01
9.927749633789062500e-02
9.874510765075683594e-02
9.861230850219726562e-02
9.825134277343750000e-02
9.644579887390136719e-02
1.792621612548828125e-01
1.386835575103759766e-01
9.800529479980468750e-02
1.016502380371093750e-01
1.758921146392822266e-01
1.004710197448730469e-01
9.980297088623046875e-02
9.706687927246093750e-02
9.170317649841308594e-02
9.493851661682128906e-02
9.735321998596191406e-02
2.123377323150634766e-01
9.003877639770507812e-02
9.198212623596191406e-02
8.748888969421386719e-02
1.387979984283447266e-01
1.793229579925537109e-01
9.651136398315429688e-02
9.695196151733398438e-02
9.130311012268066406e-02
9.273242950439453125e-02
1.607449054718017578e-01
9.375047683715820312e-02
9.283280372619628906e-02
8.905982971191406250e-02
8.827781677246093750e-02
1.628885269165039062e-01
1.578252315521240234e-01
1.710200309753417969e-01
1.718876361846923828e-01
1.700994968414306641e-01
9.093570709228515625e-02
9.066510200500488281e-02
8.959245681762695312e-02
8.967638015747070312e-02
9.128618240356445312e-02
9.026718139648437500e-02
8.907151222229003906e-02
9.402513504028320312e-02
9.287762641906738281e-02
9.174823760986328125e-02
9.192681312561035156e-02
9.488892555236816406e-02
9.020328521728515625e-02
1.013791561126708984e-01
9.255313873291015625e-02
9.859108924865722656e-02
9.525585174560546875e-02
9.537744522094726562e-02
9.618544578552246094e-02
9.069538116455078125e-02
9.378361701965332031e-02
8.886241912841796875e-02
8.864784240722656250e-02
8.652138710021972656e-02
9.564280509948730469e-02
9.139776229858398438e-02
9.314298629760742188e-02
9.192633628845214844e-02
9.174919128417968750e-02
9.081101417541503906e-02
9.215807914733886719e-02
1.651155948638916016e-01
1.374750137329101562e-01
8.986163139343261719e-02
8.831858634948730469e-02
8.991336822509765625e-02
1.672949790954589844e-01
1.723551750183105469e-01
1.725170612335205078e-01
9.474015235900878906e-02
9.184741973876953125e-02
9.208035469055175781e-02
9.560704231262207031e-02
9.390711784362792969e-02
9.457850456237792969e-02
9.497714042663574219e-02
1.657607555389404297e-01
1.731371879577636719e-01
1.757292747497558594e-01
1.799707412719726562e-01
1.665651798248291016e-01
1.696207523345947266e-01
1.712763309478759766e-01
1.667277812957763672e-01
9.987616539001464844e-02
9.679985046386718750e-02
9.349274635314941406e-02
9.131813049316406250e-02
8.952546119689941406e-02
9.401893615722656250e-02
9.261202812194824219e-02
9.001731872558593750e-02
9.561848640441894531e-02
9.386801719665527344e-02
1.028845310211181641e-01
9.564852714538574219e-02
9.470748901367187500e-02
1.566956043243408203e-01
9.417176246643066406e-02
1.699912548065185547e-01
1.795761585235595703e-01
1.751360893249511719e-01
1.787650585174560547e-01
1.769692897796630859e-01
1.775295734405517578e-01
9.427499771118164062e-02
9.028601646423339844e-02
9.085154533386230469e-02
9.415102005004882812e-02
9.633421897888183594e-02
9.456253051757812500e-02
9.662008285522460938e-02
9.325361251831054688e-02
9.198141098022460938e-02
9.198594093322753906e-02
9.573006629943847656e-02
9.321093559265136719e-02
9.199023246765136719e-02
9.059143066406250000e-02
9.209871292114257812e-02
9.628653526306152344e-02
9.388589859008789062e-02
9.200143814086914062e-02
8.186888694763183594e-02
8.504152297973632812e-02
1.301043033599853516e-01
8.703827857971191406e-02
8.896660804748535156e-02
9.584283828735351562e-02
8.888101577758789062e-02
9.129929542541503906e-02
8.749318122863769531e-02
8.789014816284179688e-02
9.070777893066406250e-02
9.141635894775390625e-02
9.160876274108886719e-02
9.229373931884765625e-02
9.804773330688476562e-02
9.146451950073242188e-02
8.977746963500976562e-02
9.341263771057128906e-02
9.044289588928222656e-02
9.586977958679199219e-02
1.581099033355712891e-01
9.617114067077636719e-02
9.899210929870605469e-02
4.587411880493164062e-02
1.025755405426025391e-01
9.759044647216796875e-02
1.054754257202148438e-01
1.021170616149902344e-01
9.879875183105468750e-02
9.642314910888671875e-02
9.703922271728515625e-02
9.717583656311035156e-02
9.905886650085449219e-02
9.746479988098144531e-02
9.845924377441406250e-02
9.826779365539550781e-02
9.926009178161621094e-02
9.354066848754882812e-02
9.644722938537597656e-02
9.614562988281250000e-02
9.498381614685058594e-02
9.349894523620605469e-02
1.010403633117675781e-01
9.693765640258789062e-02
9.712767601013183594e-02
9.759998321533203125e-02
9.563231468200683594e-02
9.745407104492187500e-02
9.614610671997070312e-02
9.771871566772460938e-02
9.369969367980957031e-02
9.675478935241699219e-02
9.750938415527343750e-02
1.016025543212890625e-01
9.740400314331054688e-02
9.707236289978027344e-02
9.905338287353515625e-02
9.461736679077148438e-02
9.899044036865234375e-02
9.417867660522460938e-02
9.789299964904785156e-02
9.340620040893554688e-02
9.617304801940917969e-02
9.485721588134765625e-02
9.922075271606445312e-02
9.482216835021972656e-02
9.642219543457031250e-02
9.870457649230957031e-02
1.004214286804199219e-01
9.352207183837890625e-02
9.491968154907226562e-02
9.935331344604492188e-02
9.994244575500488281e-02
1.009464263916015625e-01
9.780406951904296875e-02
1.704776287078857422e-01
1.007320880889892578e-01
9.726643562316894531e-02
9.957957267761230469e-02
9.731483459472656250e-02
9.635448455810546875e-02
9.704470634460449219e-02
1.742124557495117188e-01
1.535918712615966797e-01
1.749122142791748047e-01
1.742088794708251953e-01
1.714756488800048828e-01
1.348917484283447266e-01
9.045839309692382812e-02
9.162640571594238281e-02
9.092783927917480469e-02
9.837579727172851562e-02
9.367728233337402344e-02
9.554004669189453125e-02
9.498524665832519531e-02
1.709792613983154297e-01
1.751201152801513672e-01
9.039759635925292969e-02
9.150624275207519531e-02
9.484863281250000000e-02
9.341788291931152344e-02
9.599828720092773438e-02
9.243154525756835938e-02
9.730911254882812500e-02
1.017477512359619141e-01
9.630274772644042969e-02
9.677195549011230469e-02
9.750723838806152344e-02
9.156203269958496094e-02
9.836387634277343750e-02
9.272074699401855469e-02
1.654939651489257812e-01
9.529304504394531250e-02
9.368324279785156250e-02
1.005210876464843750e-01
9.913802146911621094e-02
9.572124481201171875e-02
9.752011299133300781e-02
9.773039817810058594e-02
1.017777919769287109e-01
1.009142398834228516e-01
9.566140174865722656e-02
9.419322013854980469e-02
1.742985248565673828e-01
1.843168735504150391e-01
1.763908863067626953e-01
9.705829620361328125e-02
1.002168655395507812e-01
9.535551071166992188e-02
1.813147068023681641e-01
1.682829856872558594e-01
9.536218643188476562e-02
9.594941139221191406e-02
9.660029411315917969e-02
1.018483638763427734e-01
9.676361083984375000e-02
9.773516654968261719e-02
9.935116767883300781e-02
1.366100311279296875e-01
1.729545593261718750e-01
1.735217571258544922e-01
1.659801006317138672e-01
1.474447250366210938e-01
9.425449371337890625e-02
9.567022323608398438e-02
9.264349937438964844e-02
9.003686904907226562e-02
9.303283691406250000e-02
8.921742439270019531e-02
9.344220161437988281e-02
9.006023406982421875e-02
9.580540657043457031e-02
9.608435630798339844e-02
9.152007102966308594e-02
9.838771820068359375e-02
9.686970710754394531e-02
9.499502182006835938e-02
9.305477142333984375e-02
9.469246864318847656e-02
9.184598922729492188e-02
8.899092674255371094e-02
9.330487251281738281e-02
8.945083618164062500e-02
9.360504150390625000e-02
9.361004829406738281e-02
9.055638313293457031e-02
9.101963043212890625e-02
9.555506706237792969e-02
9.526824951171875000e-02
9.081888198852539062e-02
9.343051910400390625e-02
9.349560737609863281e-02
9.570121765136718750e-02
9.460020065307617188e-02
9.587621688842773438e-02
9.233212471008300781e-02
9.707570075988769531e-02
9.863638877868652344e-02
9.786534309387207031e-02
9.429121017456054688e-02
9.752535820007324219e-02
9.454298019409179688e-02
9.495210647583007812e-02
9.417963027954101562e-02
9.315299987792968750e-02
1.003270149230957031e-01
4.969906806945800781e-02
1.077475547790527344e-01
1.023969650268554688e-01
9.961414337158203125e-02
1.001157760620117188e-01
1.009590625762939453e-01
1.004440784454345703e-01
9.780383110046386719e-02
1.873853206634521484e-01
1.890001296997070312e-01
1.859016418457031250e-01
1.822149753570556641e-01
1.015057563781738281e-01
1.010792255401611328e-01
1.797177791595458984e-01
1.267161369323730469e-01
9.766483306884765625e-02
9.952068328857421875e-02
9.830355644226074219e-02
9.734559059143066406e-02
9.717416763305664062e-02
1.008231639862060547e-01
1.601796150207519531e-01
1.657254695892333984e-01
9.804344177246093750e-02
1.005773544311523438e-01
9.940457344055175781e-02
9.577560424804687500e-02
1.712489128112792969e-01
9.746813774108886719e-02
1.826663017272949219e-01
9.476923942565917969e-02
9.477734565734863281e-02
9.808468818664550781e-02
1.771416664123535156e-01
9.756565093994140625e-02
9.645223617553710938e-02
9.433627128601074219e-02
9.863495826721191406e-02
9.864068031311035156e-02
9.799909591674804688e-02
9.880542755126953125e-02
1.007323265075683594e-01
1.004421710968017578e-01
9.530544281005859375e-02
9.420180320739746094e-02
9.755158424377441406e-02
9.598612785339355469e-02
9.834814071655273438e-02
9.978842735290527344e-02
9.609603881835937500e-02
9.541225433349609375e-02
1.043503284454345703e-01
1.009678840637207031e-01
1.016774177551269531e-01
9.942245483398437500e-02
1.839764118194580078e-01
1.829645633697509766e-01
1.799488067626953125e-01
1.796479225158691406e-01
9.774398803710937500e-02
9.400725364685058594e-02
9.922623634338378906e-02
9.636378288269042969e-02
1.009106636047363281e-01
9.729290008544921875e-02
9.839463233947753906e-02
9.149146080017089844e-02
9.392905235290527344e-02
9.461450576782226562e-02
8.992099761962890625e-02
9.293889999389648438e-02
9.261465072631835938e-02
9.608793258666992188e-02
1.657552719116210938e-01
9.586548805236816406e-02
9.794306755065917969e-02
9.324622154235839844e-02
9.129381179809570312e-02
1.641299724578857422e-01
9.401679039001464844e-02
9.510993957519531250e-02
9.653973579406738281e-02
1.005439758300781250e-01
9.959745407104492188e-02
9.443211555480957031e-02
9.375977516174316406e-02
1.766548156738281250e-01
1.515693664550781250e-01
9.507203102111816406e-02
9.519934654235839844e-02
9.937310218811035156e-02
9.612703323364257812e-02
9.789609909057617188e-02
9.567427635192871094e-02
9.798908233642578125e-02
9.586453437805175781e-02
1.017019748687744141e-01
9.613513946533203125e-02
9.481120109558105469e-02
9.697055816650390625e-02
9.302711486816406250e-02
9.492850303649902344e-02
9.181976318359375000e-02
9.223771095275878906e-02
9.354591369628906250e-02
9.257793426513671875e-02
8.914566040039062500e-02
9.339880943298339844e-02
1.754755973815917969e-01
1.702098846435546875e-01
9.115910530090332031e-02
9.371948242187500000e-02
9.533214569091796875e-02
9.525251388549804688e-02
9.640789031982421875e-02
9.741377830505371094e-02
9.734725952148437500e-02
9.734153747558593750e-02
1.000275611877441406e-01
9.667134284973144531e-02
9.866595268249511719e-02
9.725856781005859375e-02
9.638094902038574219e-02
1.027662754058837891e-01
9.347629547119140625e-02
9.411025047302246094e-02
9.404301643371582031e-02
9.423112869262695312e-02
9.493684768676757812e-02
9.098505973815917969e-02
9.634065628051757812e-02
9.311389923095703125e-02
9.839272499084472656e-02
1.518230438232421875e-01
1.618909835815429688e-01
9.953784942626953125e-02
1.044681072235107422e-01
1.014478206634521484e-01
1.030812263488769531e-01
1.018607616424560547e-01
9.779953956604003906e-02
9.466886520385742188e-02
9.984207153320312500e-02
1.008517742156982422e-01
9.870886802673339844e-02
9.672331809997558594e-02
9.417915344238281250e-02
9.713959693908691406e-02
9.775614738464355469e-02
9.331703186035156250e-02
9.252166748046875000e-02
9.751725196838378906e-02
9.869813919067382812e-02
9.955692291259765625e-02
9.689784049987792969e-02
9.462809562683105469e-02
9.696459770202636719e-02
1.789300441741943359e-01
1.614763736724853516e-01
9.714603424072265625e-02
9.740757942199707031e-02
9.621357917785644531e-02
5.011558532714843750e-02
1.118619441986083984e-01
1.497118473052978516e-01
1.026294231414794922e-01
9.822916984558105469e-02
9.973669052124023438e-02
9.749197959899902344e-02
1.725504398345947266e-01
9.699344635009765625e-02
9.992742538452148438e-02
1.036067008972167969e-01
1.778779029846191406e-01
1.881160736083984375e-01
1.359798908233642578e-01
9.880423545837402344e-02
1.767156124114990234e-01
9.388899803161621094e-02
9.461355209350585938e-02
1.020071506500244141e-01
9.726047515869140625e-02
9.894227981567382812e-02
1.662952899932861328e-01
1.734678745269775391e-01
1.745226383209228516e-01
1.646025180816650391e-01
1.780755519866943359e-01
1.374471187591552734e-01
9.959673881530761719e-02
1.012742519378662109e-01
9.669685363769531250e-02
9.590601921081542969e-02
9.370589256286621094e-02
9.334421157836914062e-02
9.523844718933105469e-02
9.854054450988769531e-02
9.888076782226562500e-02
1.011576652526855469e-01
9.615039825439453125e-02
9.686541557312011719e-02
9.874796867370605469e-02
9.626364707946777344e-02
9.671521186828613281e-02
9.700536727905273438e-02
9.546375274658203125e-02
9.836053848266601562e-02
9.681892395019531250e-02
1.001584529876708984e-01
1.011962890625000000e-01
9.829974174499511719e-02
9.735727310180664062e-02
9.525322914123535156e-02
9.554672241210937500e-02
9.900736808776855469e-02
9.991621971130371094e-02
9.763741493225097656e-02
1.793816089630126953e-01
1.793000698089599609e-01
1.818625926971435547e-01
1.732945442199707031e-01
9.846758842468261719e-02
9.692096710205078125e-02
9.276032447814941406e-02
9.853577613830566406e-02
9.792137145996093750e-02
9.393548965454101562e-02
9.600806236267089844e-02
9.478020668029785156e-02
9.509134292602539062e-02
9.887576103210449219e-02
9.620976448059082031e-02
9.479165077209472656e-02
1.702873706817626953e-01
1.681985855102539062e-01
1.723504066467285156e-01
9.587836265563964844e-02
9.606218338012695312e-02
1.015217304229736328e-01
9.907460212707519531e-02
1.779510974884033203e-01
1.629409790039062500e-01
9.828901290893554688e-02
9.656453132629394531e-02
1.035277843475341797e-01
9.354948997497558594e-02
9.834504127502441406e-02
1.737051010131835938e-01
1.739091873168945312e-01
1.230101585388183594e-01
1.152248382568359375e-01
1.035659313201904297e-01
1.038179397583007812e-01
1.001019477844238281e-01
9.717965126037597656e-02
9.589672088623046875e-02
9.468340873718261719e-02
9.782934188842773438e-02
1.733071804046630859e-01
1.774067878723144531e-01
1.740703582763671875e-01
1.666858196258544922e-01
1.643140316009521484e-01
1.683690547943115234e-01
1.762628555297851562e-01
1.774256229400634766e-01
1.678378582000732422e-01
1.011838912963867188e-01
1.017720699310302734e-01
9.653687477111816406e-02
9.262633323669433594e-02
9.976077079772949219e-02
1.683266162872314453e-01
1.615071296691894531e-01
1.741657257080078125e-01
1.814854145050048828e-01
3.022253513336181641e-01
1.802499294281005859e-01
1.823191642761230469e-01
1.858022212982177734e-01
1.742153167724609375e-01
1.682853698730468750e-01
1.725111007690429688e-01
1.662824153900146484e-01
9.546756744384765625e-02
9.168457984924316406e-02
9.379005432128906250e-02
9.461283683776855469e-02
9.641528129577636719e-02
9.770202636718750000e-02
9.347605705261230469e-02
9.546327590942382812e-02
9.434390068054199219e-02
9.688067436218261719e-02
9.416437149047851562e-02
9.623670578002929688e-02
9.667468070983886719e-02
9.467411041259765625e-02
9.618759155273437500e-02
9.543037414550781250e-02
9.379887580871582031e-02
1.634883880615234375e-01
1.644146442413330078e-01
1.703515052795410156e-01
1.701340675354003906e-01
1.630778312683105469e-01
9.099340438842773438e-02
9.321951866149902344e-02
1.371557712554931641e-01
9.675502777099609375e-02
1.676046848297119141e-01
1.783518791198730469e-01
1.719160079956054688e-01
9.908246994018554688e-02
9.028315544128417969e-02
1.689193248748779297e-01
9.451198577880859375e-02
9.520816802978515625e-02
9.677672386169433594e-02
9.511017799377441406e-02
9.244275093078613281e-02
9.399199485778808594e-02
9.870266914367675781e-02
9.429049491882324219e-02
9.134030342102050781e-02
4.239511489868164062e-02
9.191870689392089844e-02
9.404921531677246094e-02
9.492111206054687500e-02
9.446454048156738281e-02
9.640526771545410156e-02
9.994482994079589844e-02
9.858894348144531250e-02
9.683728218078613281e-02
9.660744667053222656e-02
9.732794761657714844e-02
1.027555465698242188e-01
1.772308349609375000e-01
9.336876869201660156e-02
9.931015968322753906e-02
9.928631782531738281e-02
9.948444366455078125e-02
9.729433059692382812e-02
9.699010848999023438e-02
1.004629135131835938e-01
1.020171642303466797e-01
9.880852699279785156e-02
1.138241291046142578e-01
9.591150283813476562e-02
9.419775009155273438e-02
1.735880374908447266e-01
1.694724559783935547e-01
1.765692234039306641e-01
1.002461910247802734e-01
9.676551818847656250e-02
9.408617019653320312e-02
1.229913234710693359e-01
1.014697551727294922e-01
9.915542602539062500e-02
1.010663509368896484e-01
1.022896766662597656e-01
9.631776809692382812e-02
1.001119613647460938e-01
9.948039054870605469e-02
9.913349151611328125e-02
9.447312355041503906e-02
1.060454845428466797e-01
1.028559207916259766e-01
1.001610755920410156e-01
1.027693748474121094e-01
9.413170814514160156e-02
9.008598327636718750e-02
9.238171577453613281e-02
1.009173393249511719e-01
9.524369239807128906e-02
1.024658679962158203e-01
1.782205104827880859e-01
1.609697341918945312e-01
9.988331794738769531e-02
9.179592132568359375e-02
9.206247329711914062e-02
9.484696388244628906e-02
9.456777572631835938e-02
1.021845340728759766e-01
1.020722389221191406e-01
9.160447120666503906e-02
9.789657592773437500e-02
9.588694572448730469e-02
9.730219841003417969e-02
9.389185905456542969e-02
1.070184707641601562e-01
9.654402732849121094e-02
9.884977340698242188e-02
1.001398563385009766e-01
1.022939682006835938e-01
1.003563404083251953e-01
1.048834323883056641e-01
9.697341918945312500e-02
9.886693954467773438e-02
9.160041809082031250e-02
9.354329109191894531e-02
9.493684768676757812e-02
9.973311424255371094e-02
1.107149124145507812e-01
1.071112155914306641e-01
1.112940311431884766e-01
1.140930652618408203e-01
1.768167018890380859e-01
1.660652160644531250e-01
9.832167625427246094e-02
9.665775299072265625e-02
1.644957065582275391e-01
9.606194496154785156e-02
9.280657768249511719e-02
9.549736976623535156e-02
9.451651573181152344e-02
9.300756454467773438e-02
9.850358963012695312e-02
9.336161613464355469e-02
9.484934806823730469e-02
9.375119209289550781e-02
9.782433509826660156e-02
9.439516067504882812e-02
9.570908546447753906e-02
9.495401382446289062e-02
9.478688240051269531e-02
9.933972358703613281e-02
1.007089614868164062e-01
9.888243675231933594e-02
9.583187103271484375e-02
1.030769348144531250e-01
1.047809123992919922e-01
1.037664413452148438e-01
1.053998470306396484e-01
9.875702857971191406e-02
8.991503715515136719e-02
9.264993667602539062e-02
9.462547302246093750e-02
9.299540519714355469e-02
8.538436889648437500e-02
9.786772727966308594e-02
9.609770774841308594e-02
9.969282150268554688e-02
9.610915184020996094e-02
9.555196762084960938e-02
9.914064407348632812e-02
9.656095504760742188e-02
9.528493881225585938e-02
9.919333457946777344e-02
9.821534156799316406e-02
9.432888031005859375e-02
9.466505050659179688e-02
9.530854225158691406e-02
9.245061874389648438e-02
9.519267082214355469e-02
9.384012222290039062e-02
9.247088432312011719e-02
9.950375556945800781e-02
9.891986846923828125e-02
9.790992736816406250e-02
9.814333915710449219e-02
9.505248069763183594e-02
9.644532203674316406e-02
1.741328239440917969e-01
1.744260787963867188e-01
1.728882789611816406e-01
1.673564910888671875e-01
1.650922298431396484e-01
9.469771385192871094e-02
9.591007232666015625e-02
9.780216217041015625e-02
9.705138206481933594e-02
9.701442718505859375e-02
9.691810607910156250e-02
1.017019748687744141e-01
9.754967689514160156e-02
9.120917320251464844e-02
9.672212600708007812e-02
9.849929809570312500e-02
9.362649917602539062e-02
1.731517314910888672e-01
1.766748428344726562e-01
1.516804695129394531e-01
9.096693992614746094e-02
9.258198738098144531e-02
9.030318260192871094e-02
9.303474426269531250e-02
9.001064300537109375e-02
4.552531242370605469e-02
9.936833381652832031e-02
9.759712219238281250e-02
1.738517284393310547e-01
1.775209903717041016e-01
1.828920841217041016e-01
1.783139705657958984e-01
1.014955043792724609e-01
1.018793582916259766e-01
1.011364459991455078e-01
1.031816005706787109e-01
1.780893802642822266e-01
1.889915466308593750e-01
9.968304634094238281e-02
9.679532051086425781e-02
1.767287254333496094e-01
1.732301712036132812e-01
1.711993217468261719e-01
1.005225181579589844e-01
1.032035350799560547e-01
1.008441448211669922e-01
1.004254817962646484e-01
1.006436347961425781e-01
9.947180747985839844e-02
9.358263015747070312e-02
9.800696372985839844e-02
9.881114959716796875e-02
9.628391265869140625e-02
9.916043281555175781e-02
1.850492954254150391e-01
1.456017494201660156e-01
9.657382965087890625e-02
9.463000297546386719e-02
9.380340576171875000e-02
1.688117980957031250e-01
1.477241516113281250e-01
1.028993129730224609e-01
9.592223167419433594e-02
1.746206283569335938e-01
1.758611202239990234e-01
1.747381687164306641e-01
1.668472290039062500e-01
1.750490665435791016e-01
1.676111221313476562e-01
9.799027442932128906e-02
1.756243705749511719e-01
1.669023036956787109e-01
1.022870540618896484e-01
9.673976898193359375e-02
9.459519386291503906e-02
9.634447097778320312e-02
1.727721691131591797e-01
1.734426021575927734e-01
1.746342182159423828e-01
1.742184162139892578e-01
1.779646873474121094e-01
1.691250801086425781e-01
1.586875915527343750e-01
9.127926826477050781e-02
9.683060646057128906e-02
9.390187263488769531e-02
1.046433448791503906e-01
1.647579669952392578e-01
1.716701984405517578e-01
1.691305637359619141e-01
1.717402935028076172e-01
1.789944171905517578e-01
1.651740074157714844e-01
1.698801517486572266e-01
1.333947181701660156e-01
9.169340133666992188e-02
1.730215549468994141e-01
1.691374778747558594e-01
1.678588390350341797e-01
1.631872653961181641e-01
1.802132129669189453e-01
1.814646720886230469e-01
1.130752563476562500e-01
1.072583198547363281e-01
1.032462120056152344e-01
1.831784248352050781e-01
1.807491779327392578e-01
1.707797050476074219e-01
1.620707511901855469e-01
1.005961894989013672e-01
9.406328201293945312e-02
9.809112548828125000e-02
1.731338500976562500e-01
1.670022010803222656e-01
9.647583961486816406e-02
1.667544841766357422e-01
9.884881973266601562e-02
9.702301025390625000e-02
9.182405471801757812e-02
9.449529647827148438e-02
9.273028373718261719e-02
9.300041198730468750e-02
9.355473518371582031e-02
1.589283943176269531e-01
1.301221847534179688e-01
1.005384922027587891e-01
1.086962223052978516e-01
9.602928161621093750e-02
9.374928474426269531e-02
9.233975410461425781e-02
9.364223480224609375e-02
9.248852729797363281e-02
9.090518951416015625e-02
9.935712814331054688e-02
9.692931175231933594e-02
9.868979454040527344e-02
9.373831748962402344e-02
9.671688079833984375e-02
1.148803234100341797e-01
9.958362579345703125e-02
9.852218627929687500e-02
1.722488403320312500e-01
1.746962070465087891e-01
9.603261947631835938e-02
9.831166267395019531e-02
9.371852874755859375e-02
9.716606140136718750e-02
9.792280197143554688e-02
9.389686584472656250e-02
1.007585525512695312e-01
9.534311294555664062e-02
9.973621368408203125e-02
1.683554649353027344e-01
1.386542320251464844e-01
9.308052062988281250e-02
1.718983650207519531e-01
1.663200855255126953e-01
1.522035598754882812e-01
9.988832473754882812e-02
1.653177738189697266e-01
1.593382358551025391e-01
9.135079383850097656e-02
1.732106208801269531e-01
1.665506362915039062e-01
8.983302116394042969e-02
9.634590148925781250e-02
1.125130653381347656e-01
1.090660095214843750e-01
1.752719879150390625e-01
1.616322994232177734e-01
9.528803825378417969e-02
1.040773391723632812e-01
9.904980659484863281e-02
9.639453887939453125e-02
1.677377223968505859e-01
9.223508834838867188e-02
9.976363182067871094e-02
1.813766956329345703e-01
1.464943885803222656e-01
9.345459938049316406e-02
9.967041015625000000e-02
9.415483474731445312e-02
1.078248023986816406e-01
9.539008140563964844e-02
9.990167617797851562e-02
1.496770381927490234e-01
9.395670890808105469e-02
9.510588645935058594e-02
8.387970924377441406e-02
1.703274250030517578e-01
1.728415489196777344e-01
1.016364097595214844e-01
9.898805618286132812e-02
1.873881816864013672e-01
1.681556701660156250e-01
1.033720970153808594e-01
9.998106956481933594e-02
9.902620315551757812e-02
9.925198554992675781e-02
1.133000850677490234e-01
1.023001670837402344e-01
1.061472892761230469e-01
1.044106483459472656e-01
1.064693927764892578e-01
1.073164939880371094e-01
1.439163684844970703e-01
1.745073795318603516e-01
1.118283271789550781e-01
1.132938861846923828e-01
1.063859462738037109e-01
1.006906032562255859e-01
1.026129722595214844e-01
1.084110736846923828e-01
1.557607650756835938e-01
1.244833469390869141e-01
1.049113273620605469e-01
1.046898365020751953e-01
9.568071365356445312e-02
9.481501579284667969e-02
9.586358070373535156e-02
1.028385162353515625e-01
9.900307655334472656e-02
1.009085178375244141e-01
9.428024291992187500e-02
9.422492980957031250e-02
9.153366088867187500e-02
9.724593162536621094e-02
9.373664855957031250e-02
9.876298904418945312e-02
9.475302696228027344e-02
9.977817535400390625e-02
9.865617752075195312e-02
1.027269363403320312e-01
1.038181781768798828e-01
1.085627079010009766e-01
1.038303375244140625e-01
1.008031368255615234e-01
1.737718582153320312e-01
1.426548957824707031e-01
1.703073978424072266e-01
1.653633117675781250e-01
9.486198425292968750e-02
9.506535530090332031e-02
9.990286827087402344e-02
9.240746498107910156e-02
9.430027008056640625e-02
1.725220680236816406e-01
1.727721691131591797e-01
1.631987094879150391e-01
1.729662418365478516e-01
9.764933586120605469e-02
9.694695472717285156e-02
1.734578609466552734e-01
1.721954345703125000e-01
1.675536632537841797e-01
9.683465957641601562e-02
9.513592720031738281e-02
9.968781471252441406e-02
9.278607368469238281e-02
9.356784820556640625e-02
1.719117164611816406e-01
1.735920906066894531e-01
1.722450256347656250e-01
1.781532764434814453e-01
1.816353797912597656e-01
1.669883728027343750e-01
9.615397453308105469e-02
9.442353248596191406e-02
9.099817276000976562e-02
1.228280067443847656e-01
1.026940345764160156e-01
9.662389755249023438e-02
9.035563468933105469e-02
9.313106536865234375e-02
9.504914283752441406e-02
1.011526584625244141e-01
9.999394416809082031e-02
9.931850433349609375e-02
1.042616367340087891e-01
1.081771850585937500e-01
1.008648872375488281e-01
9.633684158325195312e-02
9.403419494628906250e-02
9.970045089721679688e-02
9.367752075195312500e-02
9.673881530761718750e-02
9.768223762512207031e-02
9.653854370117187500e-02
9.636235237121582031e-02
1.032323837280273438e-01
9.445142745971679688e-02
1.718926429748535156e-01
1.300332546234130859e-01
9.599995613098144531e-02
9.504556655883789062e-02
1.586151123046875000e-01
1.029121875762939453e-01
1.652996540069580078e-01
1.051399707794189453e-01
9.951329231262207031e-02
1.004703044891357422e-01
1.018729209899902344e-01
1.133441925048828125e-01
1.038265228271484375e-01
1.631507873535156250e-01
9.759211540222167969e-02
1.008493900299072266e-01
1.074368953704833984e-01
1.093788146972656250e-01
9.618115425109863281e-02
1.002693176269531250e-01
1.043951511383056641e-01
9.759855270385742188e-02
1.022219657897949219e-01
1.115913391113281250e-01
1.757524013519287109e-01
9.721875190734863281e-02
1.730301380157470703e-01
1.710135936737060547e-01
1.665859222412109375e-01
