9.617114067077636719e-02
1.318006515502929688e-01
8.976936340332031250e-02
9.334611892700195312e-02
1.407287120819091797e-01
8.852434158325195312e-02
1.517465114593505859e-01
1.667184829711914062e-01
1.330938339233398438e-01
8.845710754394531250e-02
8.943057060241699219e-02
8.561801910400390625e-02
9.092402458190917969e-02
8.629250526428222656e-02
8.943510055541992188e-02
8.674836158752441406e-02
8.810400962829589844e-02
9.330177307128906250e-02
8.873295783996582031e-02
8.965253829956054688e-02
8.981728553771972656e-02
9.382724761962890625e-02
1.013104915618896484e-01
8.831262588500976562e-02
9.119486808776855469e-02
9.365892410278320312e-02
1.002628803253173828e-01
9.238791465759277344e-02
9.778189659118652344e-02
9.541940689086914062e-02
1.039969921112060547e-01
9.508872032165527344e-02
9.459829330444335938e-02
1.039309501647949219e-01
9.589576721191406250e-02
9.746718406677246094e-02
9.741783142089843750e-02
9.231114387512207031e-02
9.760379791259765625e-02
8.737993240356445312e-02
8.934497833251953125e-02
8.827924728393554688e-02
8.814215660095214844e-02
8.928108215332031250e-02
8.852219581604003906e-02
9.027457237243652344e-02
9.080982208251953125e-02
8.851647377014160156e-02
9.244322776794433594e-02
9.153270721435546875e-02
9.198546409606933594e-02
9.069371223449707031e-02
9.634447097778320312e-02
1.685647964477539062e-01
9.767866134643554688e-02
9.330964088439941406e-02
9.096360206604003906e-02
9.545350074768066406e-02
9.430861473083496094e-02
9.715270996093750000e-02
9.704566001892089844e-02
9.449243545532226562e-02
9.195709228515625000e-02
8.998894691467285156e-02
9.675407409667968750e-02
9.370660781860351562e-02
9.629106521606445312e-02
9.520864486694335938e-02
9.398078918457031250e-02
9.584093093872070312e-02
9.303450584411621094e-02
9.010767936706542969e-02
9.323954582214355469e-02
9.285759925842285156e-02
9.211897850036621094e-02
9.168148040771484375e-02
9.678602218627929688e-02
9.149241447448730469e-02
9.875941276550292969e-02
9.266304969787597656e-02
9.616446495056152344e-02
9.391760826110839844e-02
1.681540012359619141e-01
1.720163822174072266e-01
1.549701690673828125e-01
1.327903270721435547e-01
9.921407699584960938e-02
9.697079658508300781e-02
9.868574142456054688e-02
2.525622844696044922e-01
1.542918682098388672e-01
1.671710014343261719e-01
1.657004356384277344e-01
1.759681701660156250e-01
1.323213577270507812e-01
9.537029266357421875e-02
9.257769584655761719e-02
9.644436836242675781e-02
9.557533264160156250e-02
9.497117996215820312e-02
9.458780288696289062e-02
9.421515464782714844e-02
9.606814384460449219e-02
9.341740608215332031e-02
9.313797950744628906e-02
9.716534614562988281e-02
9.410691261291503906e-02
9.576964378356933594e-02
9.491014480590820312e-02
9.628057479858398438e-02
1.778666973114013672e-01
1.568305492401123047e-01
1.672177314758300781e-01
9.351539611816406250e-02
9.606885910034179688e-02
9.305524826049804688e-02
9.509396553039550781e-02
9.610271453857421875e-02
9.469413757324218750e-02
9.832811355590820312e-02
9.606218338012695312e-02
9.431791305541992188e-02
9.191322326660156250e-02
9.836316108703613281e-02
9.622740745544433594e-02
9.566402435302734375e-02
9.392619132995605469e-02
1.751062870025634766e-01
1.736373901367187500e-01
1.668937206268310547e-01
1.817948818206787109e-01
1.790025234222412109e-01
1.781623363494873047e-01
9.871149063110351562e-02
9.484100341796875000e-02
9.865903854370117188e-02
9.411668777465820312e-02
9.603476524353027344e-02
9.627652168273925781e-02
9.902143478393554688e-02
9.607028961181640625e-02
9.392142295837402344e-02
9.820365905761718750e-02
9.810495376586914062e-02
9.936046600341796875e-02
9.823441505432128906e-02
9.692621231079101562e-02
9.995865821838378906e-02
1.698575019836425781e-01
1.506180763244628906e-01
1.671228408813476562e-01
1.601057052612304688e-01
9.327363967895507812e-02
9.955215454101562500e-02
9.419536590576171875e-02
1.679298877716064453e-01
1.683781147003173828e-01
1.709690093994140625e-01
1.690053939819335938e-01
9.160351753234863281e-02
9.435319900512695312e-02
9.076786041259765625e-02
4.252099990844726562e-02
9.359288215637207031e-02
9.934163093566894531e-02
1.747062206268310547e-01
1.727950572967529297e-01
1.732678413391113281e-01
1.711246967315673828e-01
1.527678966522216797e-01
9.680151939392089844e-02
9.713673591613769531e-02
9.797239303588867188e-02
1.005117893218994141e-01
9.844017028808593750e-02
1.001553535461425781e-01
9.837460517883300781e-02
1.005189418792724609e-01
1.752314567565917969e-01
9.591770172119140625e-02
9.943079948425292969e-02
1.753203868865966797e-01
1.496570110321044922e-01
9.717750549316406250e-02
9.660720825195312500e-02
9.364604949951171875e-02
9.723758697509765625e-02
9.436106681823730469e-02
9.906411170959472656e-02
9.543514251708984375e-02
1.565639972686767578e-01
1.041300296783447266e-01
1.707549095153808594e-01
1.734461784362792969e-01
1.757869720458984375e-01
1.765410900115966797e-01
1.703157424926757812e-01
1.735363006591796875e-01
1.736445426940917969e-01
1.612932682037353516e-01
9.676814079284667969e-02
9.485054016113281250e-02
1.012423038482666016e-01
1.721525192260742188e-01
1.785373687744140625e-01
1.689844131469726562e-01
1.664199829101562500e-01
9.659934043884277344e-02
9.707117080688476562e-02
1.005365848541259766e-01
1.007664203643798828e-01
1.751477718353271484e-01
1.364183425903320312e-01
1.039831638336181641e-01
1.038820743560791016e-01
1.730365753173828125e-01
1.838111877441406250e-01
1.752066612243652344e-01
9.688234329223632812e-02
9.442305564880371094e-02
9.768033027648925781e-02
1.036603450775146484e-01
1.045675277709960938e-01
1.031944751739501953e-01
1.790611743927001953e-01
1.408758163452148438e-01
1.001276969909667969e-01
9.973335266113281250e-02
9.698700904846191406e-02
9.893393516540527344e-02
9.403395652770996094e-02
9.558486938476562500e-02
1.016604900360107422e-01
9.438872337341308594e-02
9.386825561523437500e-02
9.710526466369628906e-02
1.669142246246337891e-01
1.042068004608154297e-01
9.574723243713378906e-02
9.612536430358886719e-02
9.424686431884765625e-02
9.264898300170898438e-02
9.866738319396972656e-02
9.497761726379394531e-02
9.871578216552734375e-02
9.835672378540039062e-02
9.365057945251464844e-02
1.446468830108642578e-01
1.820826530456542969e-01
1.034939289093017578e-01
1.759588718414306641e-01
1.523544788360595703e-01
1.007263660430908203e-01
9.640192985534667969e-02
9.388136863708496094e-02
9.976768493652343750e-02
8.421516418457031250e-02
9.408593177795410156e-02
1.723396778106689453e-01
9.925723075866699219e-02
8.999586105346679688e-02
1.662807464599609375e-01
9.281730651855468750e-02
9.305906295776367188e-02
1.671600341796875000e-01
1.748900413513183594e-01
1.847488880157470703e-01
1.763222217559814453e-01
1.066317558288574219e-01
1.614458560943603516e-01
9.727072715759277344e-02
9.549522399902343750e-02
9.397983551025390625e-02
9.318876266479492188e-02
9.560322761535644531e-02
9.684514999389648438e-02
9.508466720581054688e-02
9.352755546569824219e-02
1.073262691497802734e-01
9.006333351135253906e-02
9.631848335266113281e-02
1.691603660583496094e-01
1.595807075500488281e-01
9.269165992736816406e-02
1.029009819030761719e-01
1.718432903289794922e-01
1.683454513549804688e-01
1.377665996551513672e-01
9.785223007202148438e-02
9.647583961486816406e-02
9.515070915222167969e-02
1.187777519226074219e-01
9.235763549804687500e-02
1.716842651367187500e-01
1.691966056823730469e-01
8.527493476867675781e-02
9.057760238647460938e-02
9.305095672607421875e-02
9.023404121398925781e-02
9.285831451416015625e-02
1.660823822021484375e-01
1.627695560455322266e-01
1.658134460449218750e-01
1.643493175506591797e-01
1.410145759582519531e-01
1.643376350402832031e-01
9.592461585998535156e-02
9.912061691284179688e-02
9.367680549621582031e-02
9.152507781982421875e-02
9.005141258239746094e-02
9.714460372924804688e-02
1.399827003479003906e-01
9.436869621276855469e-02
1.131393909454345703e-01
9.751582145690917969e-02
8.992695808410644531e-02
1.605563163757324219e-01
9.316539764404296875e-02
8.958911895751953125e-02
9.227204322814941406e-02
1.027781963348388672e-01
9.421443939208984375e-02
9.874343872070312500e-02
9.540724754333496094e-02
4.536199569702148438e-02
1.025903224945068359e-01
1.041798591613769531e-01
9.778380393981933594e-02
1.140573024749755859e-01
1.707153320312500000e-01
1.737058162689208984e-01
1.748797893524169922e-01
1.547069549560546875e-01
9.860086441040039062e-02
1.017413139343261719e-01
1.029863357543945312e-01
1.006348133087158203e-01
1.013691425323486328e-01
1.150567531585693359e-01
1.012821197509765625e-01
1.051821708679199219e-01
1.005327701568603516e-01
1.005117893218994141e-01
1.001899242401123047e-01
9.309411048889160156e-02
9.640574455261230469e-02
9.638881683349609375e-02
1.796245574951171875e-01
1.794087886810302734e-01
1.514637470245361328e-01
9.714531898498535156e-02
1.672735214233398438e-01
1.017529964447021484e-01
9.575986862182617188e-02
1.064591407775878906e-01
9.555125236511230469e-02
9.338808059692382812e-02
9.194827079772949219e-02
1.012573242187500000e-01
1.923139095306396484e-01
1.863708496093750000e-01
1.868839263916015625e-01
1.851451396942138672e-01
1.742761135101318359e-01
1.013336181640625000e-01
1.010200977325439453e-01
1.700680255889892578e-01
1.731119155883789062e-01
1.615891456604003906e-01
9.293603897094726562e-02
1.005680561065673828e-01
1.028454303741455078e-01
1.716542243957519531e-01
1.808550357818603516e-01
1.712560653686523438e-01
1.650800704956054688e-01
9.409570693969726562e-02
9.253978729248046875e-02
9.160876274108886719e-02
1.675262451171875000e-01
1.664483547210693359e-01
1.680266857147216797e-01
1.723561286926269531e-01
1.777296066284179688e-01
1.642019748687744141e-01
1.685998439788818359e-01
9.154152870178222656e-02
9.259533882141113281e-02
9.384489059448242188e-02
9.707522392272949219e-02
9.770202636718750000e-02
9.727501869201660156e-02
1.012663841247558594e-01
1.415863037109375000e-01
9.975934028625488281e-02
1.581983566284179688e-01
1.665766239166259766e-01
9.145569801330566406e-02
9.156894683837890625e-02
9.921193122863769531e-02
1.083350181579589844e-01
8.846998214721679688e-02
9.190034866333007812e-02
8.955478668212890625e-02
8.952975273132324219e-02
8.988165855407714844e-02
1.601736545562744141e-01
1.419074535369873047e-01
9.125947952270507812e-02
9.052443504333496094e-02
8.744382858276367188e-02
8.760285377502441406e-02
8.895373344421386719e-02
8.856821060180664062e-02
8.811521530151367188e-02
1.716628074645996094e-01
1.600489616394042969e-01
1.609802246093750000e-01
1.632285118103027344e-01
8.732461929321289062e-02
8.531737327575683594e-02
8.513474464416503906e-02
8.512902259826660156e-02
8.666610717773437500e-02
8.621668815612792969e-02
8.734583854675292969e-02
8.783960342407226562e-02
1.605427265167236328e-01
1.600131988525390625e-01
1.590163707733154297e-01
1.596033573150634766e-01
1.633589267730712891e-01
1.559872627258300781e-01
8.662390708923339844e-02
8.335638046264648438e-02
8.743214607238769531e-02
9.121417999267578125e-02
9.390258789062500000e-02
8.866119384765625000e-02
8.813214302062988281e-02
8.873605728149414062e-02
9.056091308593750000e-02
9.093809127807617188e-02
9.301543235778808594e-02
9.829187393188476562e-02
9.240508079528808594e-02
9.297394752502441406e-02
8.436989784240722656e-02
8.995056152343750000e-02
8.722567558288574219e-02
8.867025375366210938e-02
8.532357215881347656e-02
1.753251552581787109e-01
1.362886428833007812e-01
8.857464790344238281e-02
9.186911582946777344e-02
1.503996849060058594e-01
9.145736694335937500e-02
8.581805229187011719e-02
8.420658111572265625e-02
8.418726921081542969e-02
9.038710594177246094e-02
8.538842201232910156e-02
8.625125885009765625e-02
8.621406555175781250e-02
8.699703216552734375e-02
9.181332588195800781e-02
8.946633338928222656e-02
8.748865127563476562e-02
1.365864276885986328e-01
9.540891647338867188e-02
1.698791980743408203e-01
1.656553745269775391e-01
1.718747615814208984e-01
1.641259193420410156e-01
1.648578643798828125e-01
1.675341129302978516e-01
1.687228679656982422e-01
1.636335849761962891e-01
1.389307975769042969e-01
8.911156654357910156e-02
8.918571472167968750e-02
1.643691062927246094e-01
1.663229465484619141e-01
1.589076519012451172e-01
1.602370738983154297e-01
8.623147010803222656e-02
4.608130455017089844e-02
1.033136844635009766e-01
1.002197265625000000e-01
9.954905509948730469e-02
9.892320632934570312e-02
1.032881736755371094e-01
1.076967716217041016e-01
1.764130592346191406e-01
9.821510314941406250e-02
9.420299530029296875e-02
1.792931556701660156e-01
9.869122505187988281e-02
1.607511043548583984e-01
9.253931045532226562e-02
9.618020057678222656e-02
9.896659851074218750e-02
1.542935371398925781e-01
1.714046001434326172e-01
1.010076999664306641e-01
9.444785118103027344e-02
1.698822975158691406e-01
1.737720966339111328e-01
1.772086620330810547e-01
1.777944564819335938e-01
1.666724681854248047e-01
1.661183834075927734e-01
1.642241477966308594e-01
1.466364860534667969e-01
9.141039848327636719e-02
1.695272922515869141e-01
1.224460601806640625e-01
9.096574783325195312e-02
9.127759933471679688e-02
8.984136581420898438e-02
8.974814414978027344e-02
9.108090400695800781e-02
9.270787239074707031e-02
9.229898452758789062e-02
9.825420379638671875e-02
9.228157997131347656e-02
9.544992446899414062e-02
9.519386291503906250e-02
9.078407287597656250e-02
9.624433517456054688e-02
9.516477584838867188e-02
9.596896171569824219e-02
9.669780731201171875e-02
9.462213516235351562e-02
9.538602828979492188e-02
9.647798538208007812e-02
9.440350532531738281e-02
9.675717353820800781e-02
9.115886688232421875e-02
8.868980407714843750e-02
9.540534019470214844e-02
9.484386444091796875e-02
9.885239601135253906e-02
1.679522991180419922e-01
1.700100898742675781e-01
1.515088081359863281e-01
9.388947486877441406e-02
9.624648094177246094e-02
9.858107566833496094e-02
1.750135421752929688e-01
1.763184070587158203e-01
1.210877895355224609e-01
9.893012046813964844e-02
1.774792671203613281e-01
1.668124198913574219e-01
9.619998931884765625e-02
9.278726577758789062e-02
9.346461296081542969e-02
1.686596870422363281e-01
1.644649505615234375e-01
9.315824508666992188e-02
9.444689750671386719e-02
9.458661079406738281e-02
9.539413452148437500e-02
9.787988662719726562e-02
9.892225265502929688e-02
9.907007217407226562e-02
9.371972084045410156e-02
1.427392959594726562e-01
9.535455703735351562e-02
9.436035156250000000e-02
9.630489349365234375e-02
9.260296821594238281e-02
9.310841560363769531e-02
9.593558311462402344e-02
9.417200088500976562e-02
9.285593032836914062e-02
9.227323532104492188e-02
9.473443031311035156e-02
8.962559700012207031e-02
9.084391593933105469e-02
9.157013893127441406e-02
9.799146652221679688e-02
9.234499931335449219e-02
9.506797790527343750e-02
9.271502494812011719e-02
9.472894668579101562e-02
9.253454208374023438e-02
1.725399494171142578e-01
1.724421977996826172e-01
9.676194190979003906e-02
9.728813171386718750e-02
9.194827079772949219e-02
9.541583061218261719e-02
9.482789039611816406e-02
8.912682533264160156e-02
9.598517417907714844e-02
9.478759765625000000e-02
9.558773040771484375e-02
9.357333183288574219e-02
9.821486473083496094e-02
9.756708145141601562e-02
9.167575836181640625e-02
1.032476425170898438e-01
9.672927856445312500e-02
9.575986862182617188e-02
9.496259689331054688e-02
1.017158031463623047e-01
2.266471385955810547e-01
9.592461585998535156e-02
9.430170059204101562e-02
9.255862236022949219e-02
9.179925918579101562e-02
9.481549263000488281e-02
9.440946578979492188e-02
9.305882453918457031e-02
8.936190605163574219e-02
9.498333930969238281e-02
9.776353836059570312e-02
9.378004074096679688e-02
9.222412109375000000e-02
9.194874763488769531e-02
9.585237503051757812e-02
9.481096267700195312e-02
9.601449966430664062e-02
9.639000892639160156e-02
9.552907943725585938e-02
9.881210327148437500e-02
9.731817245483398438e-02
9.629464149475097656e-02
9.214115142822265625e-02
9.082436561584472656e-02
1.023561954498291016e-01
9.822511672973632812e-02
9.400224685668945312e-02
9.287405014038085938e-02
9.308648109436035156e-02
9.978175163269042969e-02
9.639215469360351562e-02
9.518909454345703125e-02
9.665608406066894531e-02
9.183049201965332031e-02
9.560298919677734375e-02
9.951734542846679688e-02
9.166979789733886719e-02
9.848284721374511719e-02
9.918165206909179688e-02
9.852862358093261719e-02
9.575152397155761719e-02
4.617118835449218750e-02
9.888672828674316406e-02
1.065640449523925781e-01
1.729164123535156250e-01
9.980177879333496094e-02
9.959530830383300781e-02
1.021027565002441406e-01
1.037774085998535156e-01
1.000576019287109375e-01
9.941506385803222656e-02
1.010677814483642578e-01
1.045894622802734375e-01
1.013834476470947266e-01
1.023364067077636719e-01
1.021833419799804688e-01
1.044690608978271484e-01
1.025557518005371094e-01
1.012115478515625000e-01
1.013216972351074219e-01
9.977746009826660156e-02
1.053085327148437500e-01
1.045553684234619141e-01
1.019437313079833984e-01
1.771368980407714844e-01
1.002483367919921875e-01
9.900903701782226562e-02
1.000564098358154297e-01
9.766721725463867188e-02
1.017067432403564453e-01
9.949088096618652344e-02
1.003758907318115234e-01
1.009967327117919922e-01
9.937906265258789062e-02
9.791183471679687500e-02
9.466934204101562500e-02
9.444141387939453125e-02
9.602713584899902344e-02
9.587836265563964844e-02
1.834762096405029297e-01
1.476216316223144531e-01
9.854698181152343750e-02
1.008837223052978516e-01
9.969449043273925781e-02
9.904384613037109375e-02
9.761714935302734375e-02
9.614682197570800781e-02
9.558510780334472656e-02
1.002225875854492188e-01
9.402966499328613281e-02
9.564638137817382812e-02
1.017315387725830078e-01
9.471774101257324219e-02
1.011157035827636719e-01
9.813213348388671875e-02
9.036493301391601562e-02
1.738278865814208984e-01
9.496784210205078125e-02
1.015639305114746094e-01
9.271502494812011719e-02
9.360027313232421875e-02
9.373760223388671875e-02
9.510040283203125000e-02
1.693203449249267578e-01
1.674704551696777344e-01
1.691100597381591797e-01
1.665816307067871094e-01
1.693952083587646484e-01
1.702880859375000000e-01
1.775755882263183594e-01
1.831717491149902344e-01
1.769354343414306641e-01
1.752488613128662109e-01
1.791951656341552734e-01
1.261475086212158203e-01
9.697699546813964844e-02
9.855604171752929688e-02
9.997463226318359375e-02
9.798264503479003906e-02
9.592318534851074219e-02
9.722876548767089844e-02
9.336733818054199219e-02
9.796309471130371094e-02
9.842419624328613281e-02
9.695863723754882812e-02
9.393286705017089844e-02
9.572291374206542969e-02
9.624385833740234375e-02
9.881424903869628906e-02
1.000084877014160156e-01
9.497618675231933594e-02
1.830470561981201172e-01
1.795556545257568359e-01
1.760139465332031250e-01
1.601471900939941406e-01
9.631609916687011719e-02
1.001193523406982422e-01
9.648919105529785156e-02
9.363007545471191406e-02
9.817528724670410156e-02
9.735774993896484375e-02
9.965229034423828125e-02
1.005103588104248047e-01
1.023385524749755859e-01
9.933042526245117188e-02
1.056950092315673828e-01
9.681010246276855469e-02
9.865188598632812500e-02
9.142351150512695312e-02
9.256052970886230469e-02
9.515118598937988281e-02
1.637008190155029297e-01
1.743302345275878906e-01
1.651105880737304688e-01
1.666069030761718750e-01
9.598183631896972656e-02
9.400773048400878906e-02
9.694266319274902344e-02
1.624767780303955078e-01
1.144835948944091797e-01
1.637904644012451172e-01
1.646325588226318359e-01
1.677076816558837891e-01
1.657762527465820312e-01
9.098029136657714844e-02
9.039783477783203125e-02
9.073901176452636719e-02
9.062409400939941406e-02
9.138345718383789062e-02
9.431934356689453125e-02
9.204792976379394531e-02
9.156227111816406250e-02
1.746408939361572266e-01
1.109879016876220703e-01
9.163784980773925781e-02
9.022164344787597656e-02
1.734871864318847656e-01
9.663939476013183594e-02
1.764528751373291016e-01
1.755568981170654297e-01
9.562516212463378906e-02
9.182476997375488281e-02
9.639525413513183594e-02
9.059047698974609375e-02
9.747672080993652344e-02
1.644423007965087891e-01
1.448152065277099609e-01
9.164571762084960938e-02
9.109616279602050781e-02
9.149622917175292969e-02
9.042811393737792969e-02
9.714531898498535156e-02
9.489560127258300781e-02
9.784150123596191406e-02
9.575605392456054688e-02
1.718492507934570312e-01
1.643755435943603516e-01
9.445190429687500000e-02
9.114336967468261719e-02
9.232974052429199219e-02
9.379291534423828125e-02
9.674000740051269531e-02
9.301161766052246094e-02
9.337925910949707031e-02
9.433960914611816406e-02
1.842911243438720703e-01
1.904320716857910156e-01
1.606111526489257812e-01
9.988999366760253906e-02
1.676478385925292969e-01
1.842265129089355469e-01
1.448130607604980469e-01
1.757609844207763672e-01
1.775987148284912109e-01
1.741502285003662109e-01
1.440556049346923828e-01
1.773247718811035156e-01
1.684212684631347656e-01
9.709572792053222656e-02
9.379553794860839844e-02
9.556627273559570312e-02
1.667962074279785156e-01
1.731550693511962891e-01
1.719706058502197266e-01
1.430511474609375000e-01
1.512019634246826172e-01
1.730425357818603516e-01
1.698052883148193359e-01
1.653528213500976562e-01
9.736132621765136719e-02
9.694647789001464844e-02
9.554672241210937500e-02
9.824132919311523438e-02
9.628295898437500000e-02
9.388756752014160156e-02
9.624958038330078125e-02
9.713912010192871094e-02
9.461593627929687500e-02
1.798410415649414062e-01
1.510877609252929688e-01
9.044742584228515625e-02
9.479951858520507812e-02
9.796023368835449219e-02
9.498238563537597656e-02
1.010122299194335938e-01
9.557318687438964844e-02
9.726333618164062500e-02
1.417713165283203125e-01
9.328556060791015625e-02
9.356665611267089844e-02
9.480500221252441406e-02
9.319996833801269531e-02
9.342598915100097656e-02
9.722161293029785156e-02
9.557414054870605469e-02
9.290432929992675781e-02
9.649538993835449219e-02
9.926629066467285156e-02
9.576821327209472656e-02
9.948062896728515625e-02
9.785532951354980469e-02
9.466314315795898438e-02
9.828782081604003906e-02
1.737048625946044922e-01
1.728596687316894531e-01
1.712915897369384766e-01
1.727862358093261719e-01
1.359987258911132812e-01
9.459495544433593750e-02
9.443306922912597656e-02
9.920477867126464844e-02
1.689181327819824219e-01
1.690223217010498047e-01
1.695971488952636719e-01
1.669597625732421875e-01
1.711270809173583984e-01
1.687567234039306641e-01
1.712367534637451172e-01
1.718819141387939453e-01
1.750385761260986328e-01
1.806685924530029297e-01
1.613967418670654297e-01
1.504814624786376953e-01
9.281015396118164062e-02
9.268260002136230469e-02
8.941960334777832031e-02
9.671497344970703125e-02
9.698104858398437500e-02
9.376454353332519531e-02
9.339618682861328125e-02
1.734645366668701172e-01
9.625482559204101562e-02
9.758114814758300781e-02
9.658956527709960938e-02
9.558510780334472656e-02
9.713864326477050781e-02
9.917855262756347656e-02
9.844326972961425781e-02
9.187436103820800781e-02
8.979964256286621094e-02
9.111428260803222656e-02
9.293270111083984375e-02
9.569764137268066406e-02
9.626436233520507812e-02
9.306550025939941406e-02
9.111762046813964844e-02
9.528923034667968750e-02
9.715604782104492188e-02
9.207630157470703125e-02
8.948564529418945312e-02
9.023833274841308594e-02
9.492158889770507812e-02
9.412288665771484375e-02
9.565138816833496094e-02
9.257960319519042969e-02
9.256172180175781250e-02
8.986020088195800781e-02
9.000134468078613281e-02
8.865404129028320312e-02
9.356927871704101562e-02
9.068369865417480469e-02
1.666290760040283203e-01
1.703412532806396484e-01
9.378552436828613281e-02
9.413027763366699219e-02
1.699554920196533203e-01
1.693723201751708984e-01
9.510111808776855469e-02
9.271430969238281250e-02
9.374284744262695312e-02
9.266614913940429688e-02
9.325361251831054688e-02
9.219098091125488281e-02
9.434437751770019531e-02
9.373879432678222656e-02
9.465575218200683594e-02
9.330868721008300781e-02
9.211802482604980469e-02
1.710984706878662109e-01
8.949518203735351562e-02
8.997344970703125000e-02
1.649072170257568359e-01
1.650485992431640625e-01
1.648640632629394531e-01
1.374475955963134766e-01
1.624956130981445312e-01
1.648535728454589844e-01
1.640157699584960938e-01
1.699275970458984375e-01
1.658928394317626953e-01
1.678667068481445312e-01
1.690068244934082031e-01
1.431958675384521484e-01
9.409236907958984375e-02
1.632804870605468750e-01
1.587615013122558594e-01
9.004616737365722656e-02
9.377813339233398438e-02
9.496665000915527344e-02
9.563708305358886719e-02
1.618614196777343750e-01
1.638259887695312500e-01
1.687326431274414062e-01
1.517097949981689453e-01
9.388256072998046875e-02
9.526205062866210938e-02
1.363382339477539062e-01
8.787131309509277344e-02
1.613175868988037109e-01
1.882522106170654297e-01
1.021382808685302734e-01
1.048457622528076172e-01
1.023545265197753906e-01
1.904289722442626953e-01
1.866481304168701172e-01
1.672124862670898438e-01
9.721136093139648438e-02
9.928631782531738281e-02
9.700107574462890625e-02
1.002802848815917969e-01
9.687304496765136719e-02
9.903907775878906250e-02
9.609508514404296875e-02
9.890270233154296875e-02
9.457254409790039062e-02
9.747242927551269531e-02
9.896445274353027344e-02
9.392070770263671875e-02
9.950518608093261719e-02
9.918189048767089844e-02
9.637427330017089844e-02
9.814667701721191406e-02
9.724044799804687500e-02
1.275510787963867188e-01
9.709477424621582031e-02
9.377813339233398438e-02
9.679889678955078125e-02
1.699292659759521484e-01
1.515841484069824219e-01
9.296178817749023438e-02
9.251093864440917969e-02
9.260535240173339844e-02
9.290599822998046875e-02
1.698634624481201172e-01
1.759645938873291016e-01
9.532690048217773438e-02
9.597897529602050781e-02
9.547257423400878906e-02
9.547209739685058594e-02
9.581351280212402344e-02
9.829616546630859375e-02
9.754395484924316406e-02
1.799409389495849609e-01
1.817443370819091797e-01
1.648271083831787109e-01
1.683645248413085938e-01
1.644010543823242188e-01
1.624629497528076172e-01
1.654891967773437500e-01
1.625311374664306641e-01
9.221100807189941406e-02
9.167742729187011719e-02
1.701736450195312500e-01
1.655373573303222656e-01
1.579267978668212891e-01
9.114122390747070312e-02
9.173607826232910156e-02
1.714072227478027344e-01
1.736869812011718750e-01
1.795949935913085938e-01
1.706926822662353516e-01
1.712634563446044922e-01
1.685676574707031250e-01
1.741380691528320312e-01
1.634590625762939453e-01
1.403884887695312500e-01
9.185218811035156250e-02
9.045100212097167969e-02
9.426236152648925781e-02
9.018874168395996094e-02
9.119796752929687500e-02
1.529903411865234375e-01
9.097695350646972656e-02
9.159302711486816406e-02
9.466910362243652344e-02
9.339070320129394531e-02
9.442377090454101562e-02
9.254097938537597656e-02
9.138369560241699219e-02
8.866834640502929688e-02
9.050011634826660156e-02
1.685855388641357422e-01
1.036605834960937500e-01
9.184789657592773438e-02
9.454631805419921875e-02
9.249353408813476562e-02
9.244084358215332031e-02
1.699337959289550781e-01
1.696178913116455078e-01
1.615519523620605469e-01
1.664636135101318359e-01
1.713690757751464844e-01
1.637568473815917969e-01
1.732976436614990234e-01
1.691145896911621094e-01
1.746733188629150391e-01
9.591174125671386719e-02
9.452009201049804688e-02
9.138250350952148438e-02
9.046363830566406250e-02
9.201741218566894531e-02
8.928561210632324219e-02
9.585690498352050781e-02
9.014821052551269531e-02
8.967947959899902344e-02
9.372973442077636719e-02
9.290504455566406250e-02
9.150624275207519531e-02
9.879398345947265625e-02
1.056189537048339844e-01
1.724896430969238281e-01
1.719195842742919922e-01
1.716952323913574219e-01
1.606745719909667969e-01
1.735906600952148438e-01
1.619346141815185547e-01
1.571063995361328125e-01
9.421181678771972656e-02
9.330797195434570312e-02
9.360742568969726562e-02
9.619259834289550781e-02
1.617984771728515625e-01
9.573221206665039062e-02
9.447264671325683594e-02
1.741230487823486328e-01
1.695590019226074219e-01
1.693830490112304688e-01
1.590898036956787109e-01
1.679232120513916016e-01
1.575231552124023438e-01
9.094142913818359375e-02
1.649019718170166016e-01
1.650433540344238281e-01
1.693773269653320312e-01
1.679582595825195312e-01
1.652905941009521484e-01
1.661498546600341797e-01
1.607844829559326172e-01
9.343695640563964844e-02
1.733980178833007812e-01
1.669948101043701172e-01
1.655349731445312500e-01
1.578831672668457031e-01
9.264969825744628906e-02
1.723377704620361328e-01
9.147953987121582031e-02
9.529066085815429688e-02
9.225702285766601562e-02
9.682011604309082031e-02
9.314560890197753906e-02
9.559845924377441406e-02
9.189605712890625000e-02
9.171128273010253906e-02
9.469819068908691406e-02
9.083890914916992188e-02
9.412646293640136719e-02
9.455776214599609375e-02
9.814691543579101562e-02
9.883046150207519531e-02
9.218096733093261719e-02
4.674863815307617188e-02
1.044046878814697266e-01
1.007976531982421875e-01
1.900248527526855469e-01
1.718184947967529297e-01
1.007208824157714844e-01
1.006093025207519531e-01
9.657406806945800781e-02
1.805055141448974609e-01
1.801495552062988281e-01
1.781649589538574219e-01
1.006884574890136719e-01
9.817385673522949219e-02
9.747624397277832031e-02
9.843969345092773438e-02
9.857583045959472656e-02
1.003267765045166016e-01
1.710181236267089844e-01
9.740114212036132812e-02
1.004970073699951172e-01
9.635972976684570312e-02
9.847521781921386719e-02
9.917879104614257812e-02
1.696777343750000000e-01
1.709487438201904297e-01
1.683974266052246094e-01
1.734547615051269531e-01
1.748802661895751953e-01
1.684010028839111328e-01
1.728820800781250000e-01
1.556246280670166016e-01
9.479761123657226562e-02
9.933233261108398438e-02
1.734604835510253906e-01
1.759638786315917969e-01
9.268593788146972656e-02
9.404134750366210938e-02
9.568285942077636719e-02
9.410500526428222656e-02
9.604334831237792969e-02
8.976292610168457031e-02
8.879232406616210938e-02
9.361600875854492188e-02
8.976793289184570312e-02
9.541392326354980469e-02
9.378337860107421875e-02
9.567284584045410156e-02
9.749007225036621094e-02
9.243226051330566406e-02
9.495091438293457031e-02
9.482693672180175781e-02
9.805870056152343750e-02
1.725170612335205078e-01
1.727247238159179688e-01
1.738128662109375000e-01
1.744525432586669922e-01
1.727018356323242188e-01
1.774044036865234375e-01
1.684353351593017578e-01
9.856510162353515625e-02
1.773092746734619141e-01
1.829211711883544922e-01
1.725518703460693359e-01
1.013283729553222656e-01
9.621310234069824219e-02
2.218155860900878906e-01
9.341740608215332031e-02
9.403157234191894531e-02
9.186434745788574219e-02
9.189152717590332031e-02
8.855962753295898438e-02
8.896803855895996094e-02
9.149765968322753906e-02
9.310960769653320312e-02
9.002614021301269531e-02
9.371209144592285156e-02
9.222388267517089844e-02
9.438896179199218750e-02
9.243965148925781250e-02
9.506058692932128906e-02
9.346938133239746094e-02
9.313488006591796875e-02
9.337449073791503906e-02
9.546422958374023438e-02
9.716629981994628906e-02
1.030004024505615234e-01
9.438252449035644531e-02
9.566354751586914062e-02
9.270596504211425781e-02
9.604692459106445312e-02
9.666299819946289062e-02
9.561657905578613281e-02
9.180402755737304688e-02
8.761548995971679688e-02
9.356594085693359375e-02
9.764075279235839844e-02
9.896087646484375000e-02
9.021878242492675781e-02
9.305405616760253906e-02
9.034991264343261719e-02
9.373903274536132812e-02
1.013216972351074219e-01
9.636688232421875000e-02
8.855533599853515625e-02
9.082508087158203125e-02
9.187054634094238281e-02
9.062671661376953125e-02
9.495711326599121094e-02
9.123373031616210938e-02
8.987665176391601562e-02
9.170556068420410156e-02
9.888410568237304688e-02
9.831714630126953125e-02
9.432148933410644531e-02
9.237384796142578125e-02
9.837150573730468750e-02
1.001844406127929688e-01
9.447479248046875000e-02
9.646534919738769531e-02
9.645652770996093750e-02
9.403181076049804688e-02
9.481358528137207031e-02
9.409594535827636719e-02
9.390497207641601562e-02
8.873629570007324219e-02
9.634900093078613281e-02
9.431982040405273438e-02
1.009678840637207031e-01
9.737539291381835938e-02
9.263563156127929688e-02
9.298300743103027344e-02
9.414386749267578125e-02
9.567022323608398438e-02
1.461689472198486328e-01
9.250593185424804688e-02
9.665584564208984375e-02
9.789776802062988281e-02
9.269857406616210938e-02
9.377408027648925781e-02
9.413695335388183594e-02
8.320689201354980469e-02
1.666796207427978516e-01
1.335101127624511719e-01
9.303736686706542969e-02
8.955192565917968750e-02
8.819794654846191406e-02
9.088373184204101562e-02
1.682567596435546875e-01
1.588609218597412109e-01
1.472718715667724609e-01
8.960676193237304688e-02
8.972620964050292969e-02
9.581160545349121094e-02
9.408164024353027344e-02
9.429001808166503906e-02
1.664767265319824219e-01
1.361782550811767578e-01
9.215879440307617188e-02
8.992242813110351562e-02
9.622788429260253906e-02
1.654677391052246094e-01
1.635777950286865234e-01
1.694099903106689453e-01
8.503603935241699219e-02
1.766326427459716797e-01
9.865713119506835938e-02
1.015856266021728516e-01
1.828997135162353516e-01
1.797637939453125000e-01
1.584951877593994141e-01
1.787302494049072266e-01
1.712131500244140625e-01
1.744806766510009766e-01
1.410555839538574219e-01
1.755692958831787109e-01
9.795141220092773438e-02
9.570503234863281250e-02
9.670782089233398438e-02
9.364366531372070312e-02
9.712791442871093750e-02
9.194540977478027344e-02
9.465408325195312500e-02
9.680271148681640625e-02
1.704261302947998047e-01
1.735630035400390625e-01
1.703777313232421875e-01
1.017394065856933594e-01
9.905171394348144531e-02
1.001482009887695312e-01
1.844339370727539062e-01
1.696267127990722656e-01
1.709156036376953125e-01
1.629278659820556641e-01
9.940981864929199219e-02
9.654426574707031250e-02
9.442305564880371094e-02
9.848499298095703125e-02
9.999561309814453125e-02
9.852004051208496094e-02
1.754326820373535156e-01
9.919977188110351562e-02
9.277558326721191406e-02
9.546113014221191406e-02
9.345984458923339844e-02
9.615254402160644531e-02
9.985017776489257812e-02
1.600978374481201172e-01
9.403300285339355469e-02
9.737920761108398438e-02
1.631042957305908203e-01
1.402537822723388672e-01
9.480118751525878906e-02
9.977960586547851562e-02
9.538483619689941406e-02
9.819698333740234375e-02
9.682846069335937500e-02
9.288096427917480469e-02
9.619307518005371094e-02
9.565329551696777344e-02
9.690999984741210938e-02
9.375405311584472656e-02
9.519195556640625000e-02
9.618091583251953125e-02
1.014142036437988281e-01
1.775891780853271484e-01
1.837062835693359375e-01
1.780495643615722656e-01
1.426146030426025391e-01
1.008203029632568359e-01
9.936237335205078125e-02
9.891891479492187500e-02
1.762113571166992188e-01
1.718723773956298828e-01
1.701481342315673828e-01
1.612346172332763672e-01
9.476041793823242188e-02
1.013488769531250000e-01
9.868741035461425781e-02
1.751585006713867188e-01
1.720893383026123047e-01
1.721210479736328125e-01
9.340357780456542969e-02
1.250705718994140625e-01
9.875369071960449219e-02
9.900951385498046875e-02
9.797763824462890625e-02
9.795641899108886719e-02
9.487438201904296875e-02
9.808230400085449219e-02
9.233498573303222656e-02
9.417653083801269531e-02
1.736962795257568359e-01
1.366329193115234375e-01
1.749331951141357422e-01
1.774287223815917969e-01
1.772780418395996094e-01
1.685273647308349609e-01
1.697094440460205078e-01
1.708290576934814453e-01
1.682469844818115234e-01
1.686480045318603516e-01
1.735298633575439453e-01
9.413528442382812500e-02
9.737229347229003906e-02
9.852838516235351562e-02
9.957861900329589844e-02
1.808319091796875000e-01
1.780226230621337891e-01
1.661398410797119141e-01
9.756112098693847656e-02
9.396123886108398438e-02
9.258008003234863281e-02
9.396290779113769531e-02
9.311747550964355469e-02
1.804111003875732422e-01
1.787030696868896484e-01
9.454488754272460938e-02
9.264278411865234375e-02
9.769248962402343750e-02
9.406661987304687500e-02
9.826517105102539062e-02
9.946203231811523438e-02
1.720762252807617188e-01
1.816742420196533203e-01
1.185789108276367188e-01
9.679532051086425781e-02
9.475040435791015625e-02
9.767079353332519531e-02
1.787066459655761719e-01
1.636314392089843750e-01
9.646630287170410156e-02
9.418845176696777344e-02
9.445953369140625000e-02
1.344804763793945312e-01
1.750946044921875000e-01
1.442391872406005859e-01
1.716103553771972656e-01
1.783912181854248047e-01
1.704540252685546875e-01
9.648752212524414062e-02
9.241938591003417969e-02
9.570837020874023438e-02
1.781883239746093750e-01
1.747865676879882812e-01
1.581819057464599609e-01
9.203982353210449219e-02
9.696698188781738281e-02
9.626293182373046875e-02
1.707282066345214844e-01
1.717245578765869141e-01
9.715867042541503906e-02
9.518456459045410156e-02
9.283018112182617188e-02
1.723864078521728516e-01
1.609385013580322266e-01
1.622045040130615234e-01
1.688492298126220703e-01
1.559815406799316406e-01
1.451168060302734375e-01
1.774687767028808594e-01
1.416494846343994141e-01
9.684157371520996094e-02
9.297680854797363281e-02
9.582686424255371094e-02
9.524774551391601562e-02
9.514665603637695312e-02
5.199241638183593750e-02
1.057043075561523438e-01
1.038608551025390625e-01
1.028676033020019531e-01
1.791191101074218750e-01
1.850938796997070312e-01
1.828260421752929688e-01
1.784238815307617188e-01
1.667144298553466797e-01
1.061835289001464844e-01
9.946465492248535156e-02
1.731419563293457031e-01
1.862783432006835938e-01
1.431417465209960938e-01
9.584546089172363281e-02
9.675502777099609375e-02
1.028313636779785156e-01
1.789457798004150391e-01
1.776087284088134766e-01
1.004819869995117188e-01
9.681630134582519531e-02
9.928798675537109375e-02
9.415912628173828125e-02
9.798932075500488281e-02
1.774499416351318359e-01
1.748750209808349609e-01
1.795518398284912109e-01
1.738212108612060547e-01
1.710741519927978516e-01
1.522321701049804688e-01
1.549825668334960938e-01
9.635949134826660156e-02
9.467387199401855469e-02
9.732556343078613281e-02
1.643691062927246094e-01
1.000537872314453125e-01
9.708213806152343750e-02
9.735846519470214844e-02
1.026780605316162109e-01
9.930753707885742188e-02
9.944677352905273438e-02
9.581589698791503906e-02
9.877562522888183594e-02
1.033136844635009766e-01
9.636378288269042969e-02
9.826278686523437500e-02
9.345269203186035156e-02
9.512758255004882812e-02
9.471845626831054688e-02
9.850764274597167969e-02
9.876728057861328125e-02
9.617257118225097656e-02
9.617257118225097656e-02
9.791016578674316406e-02
9.825778007507324219e-02
9.817957878112792969e-02
9.741258621215820312e-02
1.007704734802246094e-01
9.801959991455078125e-02
1.020603179931640625e-01
9.664726257324218750e-02
1.001732349395751953e-01
9.851717948913574219e-02
1.600306034088134766e-01
9.306287765502929688e-02
9.503984451293945312e-02
9.934091567993164062e-02
9.519720077514648438e-02
9.526681900024414062e-02
9.516525268554687500e-02
9.050512313842773438e-02
9.080529212951660156e-02
1.693487167358398438e-01
1.683926582336425781e-01
9.249472618103027344e-02
9.364819526672363281e-02
9.509539604187011719e-02
9.664154052734375000e-02
9.645009040832519531e-02
1.704676151275634766e-01
1.774685382843017578e-01
9.151887893676757812e-02
9.744119644165039062e-02
9.706354141235351562e-02
1.123242378234863281e-01
1.713128089904785156e-01
1.637644767761230469e-01
9.541654586791992188e-02
9.874677658081054688e-02
1.006691455841064453e-01
1.760227680206298828e-01
1.699571609497070312e-01
9.874296188354492188e-02
1.033964157104492188e-01
1.030430793762207031e-01
9.596586227416992188e-02
9.930706024169921875e-02
9.896206855773925781e-02
9.661364555358886719e-02
9.228253364562988281e-02
9.301495552062988281e-02
9.650301933288574219e-02
9.717369079589843750e-02
9.462690353393554688e-02
9.220242500305175781e-02
9.490609169006347656e-02
9.573602676391601562e-02
9.429359436035156250e-02
9.411144256591796875e-02
9.492611885070800781e-02
1.004617214202880859e-01
1.677358150482177734e-01
1.694250106811523438e-01
1.708114147186279297e-01
1.693425178527832031e-01
1.676554679870605469e-01
1.702678203582763672e-01
1.721491813659667969e-01
1.690621376037597656e-01
1.665701866149902344e-01
1.752107143402099609e-01
1.679737567901611328e-01
9.824824333190917969e-02
9.939837455749511719e-02
9.935283660888671875e-02
1.649467945098876953e-01
1.598925590515136719e-01
9.422659873962402344e-02
9.427785873413085938e-02
9.083223342895507812e-02
9.655594825744628906e-02
9.534454345703125000e-02
1.717104911804199219e-01
1.528720855712890625e-01
9.811997413635253906e-02
1.520516872406005859e-01
1.001367568969726562e-01
1.021366119384765625e-01
9.862875938415527344e-02
1.731722354888916016e-01
1.615412235260009766e-01
1.003155708312988281e-01
1.788830757141113281e-01
1.833600997924804688e-01
1.766753196716308594e-01
1.228597164154052734e-01
9.787774085998535156e-02
9.755682945251464844e-02
9.625673294067382812e-02
9.579110145568847656e-02
1.616935729980468750e-01
9.357571601867675781e-02
9.425687789916992188e-02
1.027352809906005859e-01
9.949159622192382812e-02
9.691238403320312500e-02
9.479951858520507812e-02
1.689424514770507812e-01
9.650611877441406250e-02
9.718704223632812500e-02
1.778862476348876953e-01
1.295206546783447266e-01
1.017093658447265625e-01
5.123758316040039062e-02
1.038026809692382812e-01
1.034905910491943359e-01
9.852123260498046875e-02
9.826040267944335938e-02
1.031794548034667969e-01
9.927368164062500000e-02
1.010074615478515625e-01
1.767044067382812500e-01
1.009902954101562500e-01
9.979867935180664062e-02
9.424853324890136719e-02
9.666180610656738281e-02
9.917092323303222656e-02
9.683084487915039062e-02
9.614014625549316406e-02
9.644293785095214844e-02
9.835839271545410156e-02
9.718155860900878906e-02
9.601140022277832031e-02
1.818141937255859375e-01
1.001906394958496094e-01
9.833455085754394531e-02
9.595108032226562500e-02
1.525013446807861328e-01
1.805844306945800781e-01
1.772654056549072266e-01
1.672432422637939453e-01
9.507894515991210938e-02
9.737658500671386719e-02
9.548139572143554688e-02
9.352517127990722656e-02
9.690594673156738281e-02
9.601807594299316406e-02
9.528994560241699219e-02
9.831619262695312500e-02
1.011147499084472656e-01
1.000678539276123047e-01
1.009101867675781250e-01
9.614205360412597656e-02
9.464263916015625000e-02
1.018636226654052734e-01
9.888887405395507812e-02
9.733033180236816406e-02
9.531068801879882812e-02
9.742259979248046875e-02
9.317827224731445312e-02
9.287548065185546875e-02
9.199690818786621094e-02
9.136366844177246094e-02
9.594297409057617188e-02
9.145736694335937500e-02
1.817169189453125000e-01
1.697638034820556641e-01
9.713482856750488281e-02
9.742498397827148438e-02
9.847116470336914062e-02
9.660506248474121094e-02
9.919166564941406250e-02
9.812235832214355469e-02
1.825408935546875000e-01
1.581790447235107422e-01
9.672999382019042969e-02
9.468674659729003906e-02
1.370291709899902344e-01
9.030795097351074219e-02
9.667897224426269531e-02
1.011567115783691406e-01
1.710453033447265625e-01
1.740086078643798828e-01
1.760611534118652344e-01
1.629981994628906250e-01
9.112524986267089844e-02
9.365487098693847656e-02
9.246158599853515625e-02
9.742665290832519531e-02
1.707534790039062500e-01
9.857130050659179688e-02
9.811067581176757812e-02
9.697961807250976562e-02
9.200644493103027344e-02
9.317851066589355469e-02
1.741476058959960938e-01
1.810240745544433594e-01
1.725683212280273438e-01
9.448075294494628906e-02
1.005532741546630859e-01
1.668634414672851562e-01
1.074590682983398438e-01
9.908986091613769531e-02
9.975695610046386719e-02
1.403126716613769531e-01
9.442806243896484375e-02
1.683135032653808594e-01
1.650688648223876953e-01
8.945226669311523438e-02
1.740350723266601562e-01
1.762313842773437500e-01
1.746392250061035156e-01
1.669466495513916016e-01
1.731796264648437500e-01
9.743881225585937500e-02
1.008400917053222656e-01
1.179001331329345703e-01
1.694266796112060547e-01
1.825983524322509766e-01
1.695752143859863281e-01
9.161114692687988281e-02
1.455326080322265625e-01
9.363603591918945312e-02
1.807243824005126953e-01
1.739931106567382812e-01
1.806437969207763672e-01
1.747300624847412109e-01
1.823134422302246094e-01
1.830215454101562500e-01
1.835346221923828125e-01
1.879262924194335938e-01
1.638283729553222656e-01
9.989094734191894531e-02
9.696531295776367188e-02
9.421229362487792969e-02
9.403872489929199219e-02
9.165430068969726562e-02
9.395122528076171875e-02
9.712195396423339844e-02
9.791207313537597656e-02
9.912753105163574219e-02
9.038352966308593750e-02
9.457230567932128906e-02
9.283137321472167969e-02
9.465861320495605469e-02
9.424090385437011719e-02
9.345412254333496094e-02
9.534001350402832031e-02
9.554791450500488281e-02
9.683632850646972656e-02
9.534192085266113281e-02
9.120512008666992188e-02
9.933900833129882812e-02
2.159821987152099609e-01
9.424233436584472656e-02
9.534883499145507812e-02
9.298801422119140625e-02
9.257698059082031250e-02
9.189200401306152344e-02
9.635782241821289062e-02
9.746909141540527344e-02
1.001930236816406250e-01
1.732518672943115234e-01
1.548302173614501953e-01
9.874773025512695312e-02
9.894609451293945312e-02
9.621214866638183594e-02
9.578061103820800781e-02
9.377264976501464844e-02
9.483075141906738281e-02
9.244346618652343750e-02
8.822059631347656250e-02
9.414267539978027344e-02
9.443306922912597656e-02
9.599733352661132812e-02
1.700930595397949219e-01
7.527470588684082031e-02
1.724538803100585938e-01
1.571981906890869141e-01
9.443736076354980469e-02
9.445738792419433594e-02
1.013259887695312500e-01
1.006305217742919922e-01
9.769272804260253906e-02
1.625273227691650391e-01
1.736946105957031250e-01
1.779243946075439453e-01
1.813566684722900391e-01
1.775922775268554688e-01
1.819584369659423828e-01
1.729972362518310547e-01
1.754755973815917969e-01
1.732213497161865234e-01
1.679708957672119141e-01
1.656594276428222656e-01
9.966492652893066406e-02
1.024465560913085938e-01
1.250216960906982422e-01
1.136960983276367188e-01
1.438503265380859375e-01
9.399676322937011719e-02
9.682106971740722656e-02
9.450888633728027344e-02
1.035830974578857422e-01
9.973573684692382812e-02
9.849381446838378906e-02
9.510016441345214844e-02
1.194286346435546875e-01
1.012287139892578125e-01
9.646987915039062500e-02
9.604644775390625000e-02
9.510588645935058594e-02
9.844875335693359375e-02
9.715127944946289062e-02
1.012089252471923828e-01
9.323096275329589844e-02
9.722828865051269531e-02
9.551787376403808594e-02
9.722447395324707031e-02
9.466433525085449219e-02
9.808731079101562500e-02
9.898972511291503906e-02
9.695649147033691406e-02
9.027218818664550781e-02
9.274196624755859375e-02
9.721994400024414062e-02
9.827399253845214844e-02
9.925770759582519531e-02
1.005599498748779297e-01
9.619283676147460938e-02
9.679961204528808594e-02
9.538078308105468750e-02
9.197640419006347656e-02
1.636126041412353516e-01
1.602561473846435547e-01
1.421890258789062500e-01
1.603267192840576172e-01
1.662616729736328125e-01
1.648416519165039062e-01
1.646988391876220703e-01
1.718018054962158203e-01
1.788725852966308594e-01
1.749866008758544922e-01
1.749336719512939453e-01
1.744439601898193359e-01
1.769545078277587891e-01
1.671085357666015625e-01
1.765999794006347656e-01
1.444749832153320312e-01
1.644601821899414062e-01
1.621029376983642578e-01
1.722118854522705078e-01
1.402089595794677734e-01
1.713838577270507812e-01
1.820960044860839844e-01
1.758177280426025391e-01
1.825370788574218750e-01
1.656858921051025391e-01
1.626040935516357422e-01
9.708952903747558594e-02
9.774875640869140625e-02
9.613919258117675781e-02
9.643411636352539062e-02
9.648156166076660156e-02
9.333443641662597656e-02
9.678721427917480469e-02
9.147906303405761719e-02
9.494948387145996094e-02
9.329938888549804688e-02
1.459937095642089844e-01
1.743025779724121094e-01
1.778919696807861328e-01
1.729674339294433594e-01
1.266777515411376953e-01
9.502434730529785156e-02
1.022195816040039062e-01
9.595155715942382812e-02
1.776902675628662109e-01
1.657593250274658203e-01
1.479506492614746094e-01
1.396462917327880859e-01
1.711742877960205078e-01
1.532323360443115234e-01
9.334349632263183594e-02
1.015486717224121094e-01
1.563043594360351562e-01
8.717703819274902344e-02
9.154152870178222656e-02
9.068727493286132812e-02
9.666490554809570312e-02
9.530782699584960938e-02
9.209537506103515625e-02
9.659147262573242188e-02
9.552741050720214844e-02
1.110529899597167969e-01
1.001112461090087891e-01
9.446716308593750000e-02
9.346556663513183594e-02
1.709682941436767578e-01
9.537029266357421875e-02
9.525918960571289062e-02
9.135222434997558594e-02
9.413003921508789062e-02
9.314370155334472656e-02
9.195494651794433594e-02
9.497499465942382812e-02
9.828948974609375000e-02
9.538459777832031250e-02
9.968686103820800781e-02
9.677743911743164062e-02
9.891080856323242188e-02
1.018846035003662109e-01
9.678363800048828125e-02
9.923672676086425781e-02
9.591031074523925781e-02
9.590458869934082031e-02
9.423804283142089844e-02
9.275197982788085938e-02
9.437322616577148438e-02
9.709024429321289062e-02
9.394383430480957031e-02
9.608149528503417969e-02
9.973096847534179688e-02
9.353494644165039062e-02
9.858345985412597656e-02
9.711933135986328125e-02
9.628987312316894531e-02
9.734344482421875000e-02
9.664654731750488281e-02
9.486818313598632812e-02
9.699726104736328125e-02
9.733057022094726562e-02
9.320878982543945312e-02
9.169125556945800781e-02
1.727967262268066406e-01
1.676146984100341797e-01
1.717839241027832031e-01
1.667573451995849609e-01
1.690797805786132812e-01
8.917570114135742188e-02
1.689574718475341797e-01
1.853694915771484375e-01
1.772556304931640625e-01
1.650629043579101562e-01
1.030673980712890625e-01
1.023278236389160156e-01
9.837007522583007812e-02
9.764528274536132812e-02
1.008057594299316406e-01
9.945106506347656250e-02
9.648180007934570312e-02
9.895300865173339844e-02
1.054036617279052734e-01
9.747028350830078125e-02
9.535479545593261719e-02
9.759211540222167969e-02
1.024751663208007812e-01
9.871196746826171875e-02
9.857487678527832031e-02
1.004054546356201172e-01
1.005859375000000000e-01
1.008403301239013672e-01
9.892582893371582031e-02
9.896945953369140625e-02
9.956479072570800781e-02
1.013174057006835938e-01
9.565997123718261719e-02
9.923720359802246094e-02
9.755921363830566406e-02
9.831047058105468750e-02
9.969425201416015625e-02
9.876894950866699219e-02
9.652948379516601562e-02
9.393072128295898438e-02
1.001377105712890625e-01
9.948539733886718750e-02
9.528136253356933594e-02
9.398269653320312500e-02
9.442400932312011719e-02
9.751939773559570312e-02
9.250068664550781250e-02
9.710192680358886719e-02
9.383296966552734375e-02
9.700107574462890625e-02
1.721694469451904297e-01
1.659736633300781250e-01
1.689834594726562500e-01
1.719672679901123047e-01
1.444747447967529297e-01
9.590363502502441406e-02
9.385299682617187500e-02
9.681630134582519531e-02
9.597897529602050781e-02
9.184551239013671875e-02
9.579730033874511719e-02
9.635949134826660156e-02
9.246969223022460938e-02
9.646272659301757812e-02
9.682750701904296875e-02
9.535527229309082031e-02
1.008045673370361328e-01
9.500145912170410156e-02
9.778165817260742188e-02
9.875702857971191406e-02
9.896993637084960938e-02
9.271526336669921875e-02
1.009457111358642578e-01
9.723544120788574219e-02
9.831500053405761719e-02
1.227936744689941406e-01
1.091079711914062500e-01
1.011490821838378906e-01
9.722805023193359375e-02
9.510183334350585938e-02
1.322715282440185547e-01
1.747031211853027344e-01
1.846742630004882812e-01
1.827111244201660156e-01
1.022613048553466797e-01
1.018731594085693359e-01
1.357240676879882812e-01
9.910440444946289062e-02
1.604204177856445312e-01
1.058545112609863281e-01
1.660387516021728516e-01
1.708958148956298828e-01
9.414577484130859375e-02
9.939908981323242188e-02
1.004085540771484375e-01
9.475636482238769531e-02
9.872698783874511719e-02
9.752941131591796875e-02
8.878612518310546875e-02
9.179353713989257812e-02
9.281039237976074219e-02
9.495139122009277344e-02
9.876012802124023438e-02
1.798653602600097656e-01
1.765363216400146484e-01
1.777949333190917969e-01
1.000595092773437500e-01
9.538602828979492188e-02
9.834551811218261719e-02
9.863758087158203125e-02
1.006267070770263672e-01
9.381699562072753906e-02
1.335401535034179688e-01
9.542179107666015625e-02
9.924578666687011719e-02
1.050095558166503906e-01
9.608674049377441406e-02
1.706445217132568359e-01
1.025264263153076172e-01
1.701242923736572266e-01
9.419560432434082031e-02
1.090345382690429688e-01
1.755325794219970703e-01
1.693384647369384766e-01
1.665165424346923828e-01
1.677081584930419922e-01
1.580567359924316406e-01
9.791231155395507812e-02
9.061431884765625000e-02
1.053495407104492188e-01
9.367585182189941406e-02
9.528136253356933594e-02
9.587407112121582031e-02
9.814691543579101562e-02
9.427499771118164062e-02
9.604454040527343750e-02
1.020326614379882812e-01
1.743304729461669922e-01
1.475293636322021484e-01
1.055908203125000000e-01
9.701108932495117188e-02
1.653976440429687500e-01
9.550404548645019531e-02
1.572394371032714844e-01
9.761714935302734375e-02
9.593152999877929688e-02
1.742093563079833984e-01
1.764166355133056641e-01
1.779139041900634766e-01
1.646654605865478516e-01
1.617558002471923828e-01
9.571456909179687500e-02
9.836769104003906250e-02
1.666860580444335938e-01
9.587383270263671875e-02
9.740304946899414062e-02
1.744604110717773438e-01
9.765839576721191406e-02
1.788027286529541016e-01
1.757440567016601562e-01
1.767907142639160156e-01
1.676452159881591797e-01
1.010584831237792969e-01
9.643459320068359375e-02
1.643140316009521484e-01
9.681153297424316406e-02
9.002351760864257812e-02
1.025874614715576172e-01
9.158873558044433594e-02
1.790552139282226562e-01
1.151471138000488281e-01
1.903357505798339844e-01
1.022081375122070312e-01
9.887194633483886719e-02
1.055524349212646484e-01
1.671676635742187500e-01
9.844493865966796875e-02
1.817340850830078125e-01
1.532921791076660156e-01
1.054913997650146484e-01
9.956455230712890625e-02
1.760635375976562500e-01
1.814095973968505859e-01
1.286606788635253906e-01
1.032812595367431641e-01
9.898090362548828125e-02
1.724028587341308594e-01
9.689903259277343750e-02
1.778321266174316406e-01
1.015269756317138672e-01
1.021695137023925781e-01
1.482334136962890625e-01
1.720237731933593750e-01
1.127712726593017578e-01
1.757690906524658203e-01
1.733486652374267578e-01
1.042454242706298828e-01
1.762850284576416016e-01
1.681737899780273438e-01
1.429481506347656250e-01
9.889888763427734375e-02
9.788870811462402344e-02
9.792208671569824219e-02
9.489488601684570312e-02
9.738373756408691406e-02
9.497404098510742188e-02
9.250187873840332031e-02
9.453725814819335938e-02
1.735754013061523438e-01
9.347677230834960938e-02
1.523740291595458984e-01
1.741733551025390625e-01
1.460423469543457031e-01
1.446318626403808594e-01
1.486275196075439453e-01
1.696403026580810547e-01
1.023514270782470703e-01
1.516194343566894531e-01
1.646442413330078125e-01
1.732020378112792969e-01
1.634757518768310547e-01
1.724898815155029297e-01
1.617858409881591797e-01
9.791159629821777344e-02
1.669909954071044922e-01
1.006832122802734375e-01
9.290647506713867188e-02
1.647050380706787109e-01
9.217453002929687500e-02
1.621289253234863281e-01
1.681644916534423828e-01
1.493771076202392578e-01
9.461116790771484375e-02
9.872555732727050781e-02
9.501886367797851562e-02
1.368346214294433594e-01
9.388208389282226562e-02
9.917664527893066406e-02
9.178519248962402344e-02
1.659140586853027344e-01
9.401559829711914062e-02
9.393572807312011719e-02
9.563183784484863281e-02
9.512042999267578125e-02
9.245085716247558594e-02
9.224629402160644531e-02
1.400647163391113281e-01
1.568598747253417969e-01
1.669876575469970703e-01
1.581799983978271484e-01
1.021056175231933594e-01
9.197235107421875000e-02
1.570172309875488281e-01
1.676945686340332031e-01
1.406235694885253906e-01
9.319210052490234375e-02
9.583640098571777344e-02
9.614801406860351562e-02
9.529829025268554688e-02
1.743063926696777344e-01
1.378393173217773438e-01
8.834171295166015625e-02
9.196805953979492188e-02
9.428071975708007812e-02
1.597828865051269531e-01
9.383106231689453125e-02
8.857464790344238281e-02
1.589951515197753906e-01
8.809924125671386719e-02
8.724021911621093750e-02
8.477210998535156250e-02
1.645424365997314453e-01
1.227238178253173828e-01
8.763885498046875000e-02
8.854866027832031250e-02
8.388137817382812500e-02
1.629219055175781250e-01
1.609630584716796875e-01
1.675744056701660156e-01
9.953355789184570312e-02
9.722089767456054688e-02
8.966684341430664062e-02
9.948611259460449219e-02
1.183860301971435547e-01
1.042795181274414062e-01
1.435861587524414062e-01
1.619987487792968750e-01
9.748983383178710938e-02
1.725544929504394531e-01
1.700522899627685547e-01
1.609075069427490234e-01
1.685912609100341797e-01
1.678884029388427734e-01
1.718523502349853516e-01
1.753098964691162109e-01
1.745743751525878906e-01
9.014987945556640625e-02
8.957719802856445312e-02
9.170913696289062500e-02
8.492136001586914062e-02
