9.196662902832031250e-02
1.260437965393066406e-01
8.896088600158691406e-02
1.632556915283203125e-01
1.531727313995361328e-01
9.027743339538574219e-02
1.521255970001220703e-01
1.688005924224853516e-01
1.342775821685791016e-01
1.576752662658691406e-01
1.648266315460205078e-01
1.603689193725585938e-01
1.633796691894531250e-01
1.590738296508789062e-01
1.587452888488769531e-01
1.616678237915039062e-01
1.602361202239990234e-01
1.507058143615722656e-01
1.693999767303466797e-01
1.245379447937011719e-01
1.634783744812011719e-01
1.275835037231445312e-01
1.575584411621093750e-01
1.341414451599121094e-01
1.662182807922363281e-01
1.285004615783691406e-01
1.649107933044433594e-01
1.483244895935058594e-01
9.346461296081542969e-02
1.400039196014404297e-01
1.758749485015869141e-01
1.691782474517822266e-01
1.419317722320556641e-01
1.717364788055419922e-01
1.501009464263916016e-01
1.663153171539306641e-01
1.577689647674560547e-01
1.578929424285888672e-01
1.677114963531494141e-01
1.645328998565673828e-01
1.450693607330322266e-01
1.606922149658203125e-01
1.656141281127929688e-01
1.266775131225585938e-01
8.826494216918945312e-02
1.650657653808593750e-01
9.239149093627929688e-02
9.389305114746093750e-02
8.980441093444824219e-02
9.090089797973632812e-02
1.691756248474121094e-01
1.095631122589111328e-01
1.608028411865234375e-01
9.062743186950683594e-02
9.212040901184082031e-02
8.978033065795898438e-02
8.968591690063476562e-02
9.612751007080078125e-02
1.376254558563232422e-01
9.262275695800781250e-02
9.029126167297363281e-02
9.686279296875000000e-02
1.604905128479003906e-01
1.487364768981933594e-01
1.621079444885253906e-01
1.342508792877197266e-01
1.666584014892578125e-01
1.671671867370605469e-01
1.481873989105224609e-01
1.637260913848876953e-01
1.574852466583251953e-01
1.462917327880859375e-01
1.445186138153076172e-01
1.584706306457519531e-01
9.346508979797363281e-02
1.672673225402832031e-01
1.707193851470947266e-01
1.689283847808837891e-01
9.810447692871093750e-02
9.515571594238281250e-02
1.622052192687988281e-01
1.412341594696044922e-01
9.797215461730957031e-02
9.497380256652832031e-02
1.673164367675781250e-01
1.367330551147460938e-01
9.787201881408691406e-02
1.000816822052001953e-01
1.353290081024169922e-01
9.848189353942871094e-02
2.608416080474853516e-01
1.666698455810546875e-01
1.651675701141357422e-01
9.637069702148437500e-02
8.868956565856933594e-02
9.514164924621582031e-02
9.519147872924804688e-02
9.471559524536132812e-02
9.208559989929199219e-02
9.091472625732421875e-02
9.476947784423828125e-02
9.171628952026367188e-02
9.572482109069824219e-02
9.612369537353515625e-02
9.414267539978027344e-02
1.649968624114990234e-01
1.656806468963623047e-01
9.678554534912109375e-02
1.709258556365966797e-01
1.634275913238525391e-01
1.277148723602294922e-01
1.053678989410400391e-01
9.518861770629882812e-02
1.735136508941650391e-01
9.366488456726074219e-02
9.767818450927734375e-02
9.420347213745117188e-02
9.533834457397460938e-02
9.601688385009765625e-02
1.019306182861328125e-01
9.956812858581542969e-02
9.435915946960449219e-02
9.397363662719726562e-02
9.724450111389160156e-02
9.367799758911132812e-02
1.714086532592773438e-01
1.762542724609375000e-01
1.734738349914550781e-01
1.754474639892578125e-01
1.626412868499755859e-01
9.633541107177734375e-02
9.665536880493164062e-02
9.949874877929687500e-02
1.822335720062255859e-01
1.500194072723388672e-01
1.714692115783691406e-01
1.371891498565673828e-01
1.747894287109375000e-01
1.484358310699462891e-01
1.729738712310791016e-01
1.397380828857421875e-01
1.759943962097167969e-01
1.741740703582763672e-01
1.816778182983398438e-01
1.760129928588867188e-01
1.761803627014160156e-01
1.722466945648193359e-01
9.488558769226074219e-02
1.637353897094726562e-01
9.567141532897949219e-02
9.730529785156250000e-02
9.786295890808105469e-02
9.496760368347167969e-02
9.188222885131835938e-02
9.405398368835449219e-02
9.607625007629394531e-02
9.544038772583007812e-02
9.479832649230957031e-02
9.787869453430175781e-02
9.592962265014648438e-02
9.878110885620117188e-02
9.515571594238281250e-02
4.843020439147949219e-02
9.705209732055664062e-02
1.026229858398437500e-01
1.000854969024658203e-01
9.368443489074707031e-02
1.739115715026855469e-01
1.711070537567138672e-01
1.552774906158447266e-01
1.698462963104248047e-01
1.781046390533447266e-01
1.812541484832763672e-01
1.805822849273681641e-01
1.805186271667480469e-01
1.415801048278808594e-01
1.731328964233398438e-01
1.701245307922363281e-01
9.540796279907226562e-02
1.729061603546142578e-01
1.764521598815917969e-01
9.884357452392578125e-02
9.156632423400878906e-02
9.230852127075195312e-02
9.304070472717285156e-02
9.340405464172363281e-02
9.441757202148437500e-02
9.541511535644531250e-02
9.455370903015136719e-02
9.712505340576171875e-02
9.653234481811523438e-02
9.288644790649414062e-02
9.458422660827636719e-02
1.326105594635009766e-01
1.736514568328857422e-01
1.341438293457031250e-01
1.642053127288818359e-01
1.649217605590820312e-01
1.587662696838378906e-01
9.175348281860351562e-02
9.224033355712890625e-02
9.080767631530761719e-02
1.736500263214111328e-01
9.541630744934082031e-02
1.710412502288818359e-01
1.455569267272949219e-01
9.499740600585937500e-02
9.277415275573730469e-02
8.765077590942382812e-02
9.045338630676269531e-02
1.359257698059082031e-01
9.464931488037109375e-02
9.560656547546386719e-02
1.758115291595458984e-01
1.489541530609130859e-01
9.369039535522460938e-02
9.549474716186523438e-02
1.700618267059326172e-01
1.641685962677001953e-01
1.542212963104248047e-01
1.099753379821777344e-01
9.801387786865234375e-02
9.516119956970214844e-02
1.704459190368652344e-01
9.426569938659667969e-02
9.297180175781250000e-02
1.680424213409423828e-01
1.359207630157470703e-01
1.452074050903320312e-01
1.676728725433349609e-01
1.547331809997558594e-01
1.347081661224365234e-01
1.697418689727783203e-01
1.643266677856445312e-01
9.280705451965332031e-02
9.431838989257812500e-02
9.291315078735351562e-02
9.444665908813476562e-02
9.669756889343261719e-02
9.224843978881835938e-02
9.177136421203613281e-02
1.712536811828613281e-01
1.719722747802734375e-01
1.609907150268554688e-01
9.208703041076660156e-02
9.663438796997070312e-02
1.339545249938964844e-01
1.345160007476806641e-01
1.019806861877441406e-01
1.638572216033935547e-01
1.710748672485351562e-01
1.455385684967041016e-01
9.864807128906250000e-02
1.372728347778320312e-01
1.628441810607910156e-01
1.647005081176757812e-01
1.541333198547363281e-01
1.457738876342773438e-01
1.666376590728759766e-01
1.098091602325439453e-01
8.448600769042968750e-02
9.145236015319824219e-02
1.597578525543212891e-01
1.561868190765380859e-01
8.545613288879394531e-02
1.045627593994140625e-01
1.715753078460693359e-01
1.798579692840576172e-01
1.768808364868164062e-01
1.069486141204833984e-01
9.110212326049804688e-02
1.609373092651367188e-01
1.542203426361083984e-01
9.071373939514160156e-02
8.833932876586914062e-02
9.559702873229980469e-02
9.165072441101074219e-02
9.160280227661132812e-02
1.017701625823974609e-01
8.722305297851562500e-02
9.351134300231933594e-02
1.697196960449218750e-01
1.575982570648193359e-01
9.174323081970214844e-02
9.521603584289550781e-02
1.013860702514648438e-01
1.685810089111328125e-01
1.394729614257812500e-01
9.394383430480957031e-02
9.383201599121093750e-02
1.062591075897216797e-01
1.010844707489013672e-01
9.370541572570800781e-02
1.707620620727539062e-01
1.627495288848876953e-01
1.676084995269775391e-01
1.704716682434082031e-01
1.732847690582275391e-01
1.732070446014404297e-01
1.356506347656250000e-01
9.429788589477539062e-02
1.698789596557617188e-01
1.668488979339599609e-01
1.668679714202880859e-01
1.409265995025634766e-01
9.549498558044433594e-02
9.804010391235351562e-02
1.031196117401123047e-01
9.634351730346679688e-02
8.771419525146484375e-02
9.341478347778320312e-02
1.145884990692138672e-01
9.969615936279296875e-02
9.430599212646484375e-02
1.067783832550048828e-01
1.008350849151611328e-01
1.641492843627929688e-01
9.600067138671875000e-02
9.262323379516601562e-02
9.731888771057128906e-02
9.990429878234863281e-02
1.213381290435791016e-01
9.374308586120605469e-02
9.665250778198242188e-02
9.752988815307617188e-02
4.903221130371093750e-02
1.204671859741210938e-01
9.871864318847656250e-02
1.010582447052001953e-01
1.346278190612792969e-01
9.819054603576660156e-02
9.494423866271972656e-02
9.928941726684570312e-02
9.505248069763183594e-02
9.739661216735839844e-02
1.448183059692382812e-01
1.054558753967285156e-01
9.867358207702636719e-02
9.958815574645996094e-02
1.075067520141601562e-01
1.747715473175048828e-01
1.802093982696533203e-01
1.707723140716552734e-01
1.425890922546386719e-01
1.379587650299072266e-01
9.738397598266601562e-02
9.626221656799316406e-02
9.582567214965820312e-02
1.024019718170166016e-01
1.008026599884033203e-01
9.763383865356445312e-02
9.771418571472167969e-02
9.612393379211425781e-02
1.633880138397216797e-01
9.543085098266601562e-02
1.815462112426757812e-01
1.692101955413818359e-01
1.739640235900878906e-01
9.260129928588867188e-02
9.576487541198730469e-02
1.054425239562988281e-01
1.345851421356201172e-01
1.857922077178955078e-01
1.814329624176025391e-01
1.810219287872314453e-01
1.893577575683593750e-01
1.573982238769531250e-01
9.838056564331054688e-02
9.775972366333007812e-02
9.819269180297851562e-02
1.013455390930175781e-01
1.477062702178955078e-01
9.465146064758300781e-02
1.762390136718750000e-01
1.769053936004638672e-01
1.846606731414794922e-01
1.812756061553955078e-01
1.354827880859375000e-01
9.967422485351562500e-02
1.788694858551025391e-01
1.725704669952392578e-01
1.762385368347167969e-01
1.727173328399658203e-01
1.526215076446533203e-01
1.021552085876464844e-01
1.682662963867187500e-01
1.598556041717529297e-01
1.756505966186523438e-01
9.636759757995605469e-02
9.884119033813476562e-02
9.922838211059570312e-02
1.001648902893066406e-01
1.042137145996093750e-01
1.013443470001220703e-01
9.751582145690917969e-02
9.945082664489746094e-02
9.417676925659179688e-02
1.001093387603759766e-01
1.630408763885498047e-01
1.716878414154052734e-01
9.426379203796386719e-02
1.023766994476318359e-01
1.706118583679199219e-01
9.482479095458984375e-02
1.647791862487792969e-01
1.768321990966796875e-01
1.735286712646484375e-01
1.659626960754394531e-01
1.465477943420410156e-01
1.686730384826660156e-01
9.251618385314941406e-02
1.723306179046630859e-01
1.333959102630615234e-01
1.669590473175048828e-01
9.383463859558105469e-02
9.506607055664062500e-02
1.744890213012695312e-01
1.675412654876708984e-01
1.680743694305419922e-01
1.730127334594726562e-01
1.399452686309814453e-01
9.531140327453613281e-02
8.825826644897460938e-02
9.258794784545898438e-02
9.418892860412597656e-02
9.150409698486328125e-02
8.958578109741210938e-02
1.033582687377929688e-01
9.096574783325195312e-02
9.219717979431152344e-02
1.689732074737548828e-01
1.651892662048339844e-01
1.617035865783691406e-01
9.467148780822753906e-02
9.276270866394042969e-02
9.258484840393066406e-02
9.254956245422363281e-02
9.264254570007324219e-02
8.952164649963378906e-02
8.557915687561035156e-02
9.094929695129394531e-02
9.372711181640625000e-02
9.539985656738281250e-02
9.837150573730468750e-02
9.725975990295410156e-02
9.590125083923339844e-02
9.887552261352539062e-02
9.350562095642089844e-02
8.856773376464843750e-02
9.109330177307128906e-02
9.447288513183593750e-02
9.340834617614746094e-02
9.367847442626953125e-02
9.437537193298339844e-02
9.812259674072265625e-02
9.781789779663085938e-02
9.984445571899414062e-02
1.548833847045898438e-01
1.566505432128906250e-01
9.217095375061035156e-02
8.871006965637207031e-02
9.016227722167968750e-02
9.078502655029296875e-02
9.116625785827636719e-02
9.102201461791992188e-02
8.859610557556152344e-02
9.150958061218261719e-02
9.205985069274902344e-02
9.337925910949707031e-02
9.313178062438964844e-02
9.328222274780273438e-02
1.019303798675537109e-01
9.878611564636230469e-02
9.678745269775390625e-02
9.260582923889160156e-02
9.204411506652832031e-02
9.307432174682617188e-02
9.445929527282714844e-02
9.660959243774414062e-02
9.440708160400390625e-02
9.555125236511230469e-02
9.592938423156738281e-02
9.530496597290039062e-02
1.473467350006103516e-01
1.115169525146484375e-01
1.068339347839355469e-01
1.666512489318847656e-01
1.078004837036132812e-01
4.759979248046875000e-02
1.061987876892089844e-01
1.052231788635253906e-01
1.031410694122314453e-01
1.011731624603271484e-01
1.028707027435302734e-01
1.030550003051757812e-01
9.772610664367675781e-02
1.824314594268798828e-01
1.545460224151611328e-01
9.774255752563476562e-02
9.376144409179687500e-02
1.023619174957275391e-01
1.792070865631103516e-01
1.551976203918457031e-01
1.035673618316650391e-01
1.003437042236328125e-01
1.859374046325683594e-01
1.797418594360351562e-01
1.778404712677001953e-01
1.788027286529541016e-01
1.764285564422607422e-01
1.034374237060546875e-01
9.949278831481933594e-02
9.331774711608886719e-02
9.442090988159179688e-02
9.804296493530273438e-02
9.596991539001464844e-02
1.618177890777587891e-01
1.749370098114013672e-01
1.748683452606201172e-01
1.690673828125000000e-01
1.702978610992431641e-01
1.726145744323730469e-01
1.775610446929931641e-01
1.675560474395751953e-01
1.679539680480957031e-01
1.749944686889648438e-01
1.720504760742187500e-01
1.744070053100585938e-01
1.733822822570800781e-01
1.743369102478027344e-01
1.584162712097167969e-01
9.488081932067871094e-02
1.015126705169677734e-01
9.964036941528320312e-02
1.748664379119873047e-01
1.738321781158447266e-01
1.762990951538085938e-01
1.773285865783691406e-01
1.719799041748046875e-01
1.684727668762207031e-01
1.694443225860595703e-01
1.442997455596923828e-01
9.139013290405273438e-02
9.925198554992675781e-02
9.716057777404785156e-02
9.578728675842285156e-02
9.300637245178222656e-02
9.527826309204101562e-02
1.351506710052490234e-01
9.219908714294433594e-02
1.684241294860839844e-01
1.783616542816162109e-01
1.766839027404785156e-01
1.225960254669189453e-01
9.977459907531738281e-02
9.372353553771972656e-02
9.589314460754394531e-02
9.684681892395019531e-02
9.435868263244628906e-02
9.559297561645507812e-02
9.412860870361328125e-02
9.221720695495605469e-02
9.791994094848632812e-02
9.487557411193847656e-02
9.314036369323730469e-02
9.532070159912109375e-02
9.471535682678222656e-02
9.722185134887695312e-02
9.653258323669433594e-02
1.676146984100341797e-01
9.168672561645507812e-02
9.126281738281250000e-02
8.981108665466308594e-02
9.453511238098144531e-02
1.657700538635253906e-01
9.294438362121582031e-02
9.082818031311035156e-02
9.572887420654296875e-02
1.707694530487060547e-01
1.710453033447265625e-01
1.651465892791748047e-01
1.662781238555908203e-01
1.610140800476074219e-01
1.643350124359130859e-01
1.642174720764160156e-01
1.607587337493896484e-01
1.525490283966064453e-01
8.721494674682617188e-02
8.853840827941894531e-02
8.351922035217285156e-02
8.581900596618652344e-02
9.230208396911621094e-02
1.663782596588134766e-01
1.602470874786376953e-01
1.630415916442871094e-01
1.597692966461181641e-01
1.587634086608886719e-01
1.618280410766601562e-01
1.680624485015869141e-01
1.631021499633789062e-01
8.935999870300292969e-02
9.319496154785156250e-02
9.151864051818847656e-02
8.979535102844238281e-02
1.415998935699462891e-01
9.196496009826660156e-02
9.934926033020019531e-02
9.035778045654296875e-02
9.038639068603515625e-02
8.873534202575683594e-02
2.180294990539550781e-01
8.757090568542480469e-02
8.996081352233886719e-02
9.166264533996582031e-02
8.888149261474609375e-02
8.826899528503417969e-02
8.603692054748535156e-02
8.810925483703613281e-02
8.801865577697753906e-02
1.671352386474609375e-01
1.628286838531494141e-01
1.624062061309814453e-01
1.570558547973632812e-01
1.595532894134521484e-01
1.611232757568359375e-01
1.649048328399658203e-01
1.604321002960205078e-01
1.675553321838378906e-01
1.265356540679931641e-01
9.267997741699218750e-02
9.077596664428710938e-02
9.308600425720214844e-02
8.900260925292968750e-02
8.912563323974609375e-02
8.778047561645507812e-02
8.736705780029296875e-02
8.730769157409667969e-02
9.066176414489746094e-02
8.721113204956054688e-02
9.658479690551757812e-02
9.498357772827148438e-02
9.104418754577636719e-02
9.140992164611816406e-02
8.850932121276855469e-02
9.192371368408203125e-02
8.680438995361328125e-02
8.746242523193359375e-02
9.106850624084472656e-02
9.931468963623046875e-02
9.159827232360839844e-02
9.514212608337402344e-02
4.464197158813476562e-02
9.880852699279785156e-02
1.009268760681152344e-01
9.998583793640136719e-02
9.939241409301757812e-02
1.021425724029541016e-01
9.864735603332519531e-02
1.041846275329589844e-01
1.031508445739746094e-01
1.028084754943847656e-01
1.040961742401123047e-01
1.796903610229492188e-01
1.005361080169677734e-01
1.027646064758300781e-01
1.031024456024169922e-01
1.021568775177001953e-01
1.009087562561035156e-01
1.024894714355468750e-01
1.095423698425292969e-01
1.027927398681640625e-01
9.981489181518554688e-02
1.012315750122070312e-01
1.024045944213867188e-01
9.982037544250488281e-02
9.790635108947753906e-02
9.754014015197753906e-02
1.004920005798339844e-01
1.015825271606445312e-01
1.450650691986083984e-01
1.042501926422119141e-01
9.734106063842773438e-02
9.979677200317382812e-02
9.891986846923828125e-02
9.858727455139160156e-02
1.796152591705322266e-01
1.406977176666259766e-01
9.916687011718750000e-02
1.002902984619140625e-01
9.795570373535156250e-02
1.033453941345214844e-01
1.045565605163574219e-01
1.837651729583740234e-01
1.765854358673095703e-01
1.008031368255615234e-01
1.017658710479736328e-01
1.893324851989746094e-01
1.808919906616210938e-01
1.793422698974609375e-01
1.522884368896484375e-01
9.502363204956054688e-02
1.384165287017822266e-01
9.588170051574707031e-02
9.814620018005371094e-02
1.008501052856445312e-01
9.313559532165527344e-02
1.746637821197509766e-01
1.020803451538085938e-01
1.001560688018798828e-01
9.150624275207519531e-02
9.589290618896484375e-02
9.596109390258789062e-02
9.681272506713867188e-02
9.686398506164550781e-02
9.829235076904296875e-02
9.607338905334472656e-02
9.392285346984863281e-02
9.540009498596191406e-02
9.419131278991699219e-02
9.713768959045410156e-02
9.631156921386718750e-02
9.641313552856445312e-02
9.728121757507324219e-02
1.732573509216308594e-01
1.736416816711425781e-01
1.664149761199951172e-01
1.628475189208984375e-01
1.667439937591552734e-01
1.632876396179199219e-01
1.648232936859130859e-01
1.616711616516113281e-01
1.840813159942626953e-01
1.761355400085449219e-01
1.784033775329589844e-01
1.745920181274414062e-01
1.577715873718261719e-01
9.748291969299316406e-02
9.516954421997070312e-02
9.629583358764648438e-02
9.674954414367675781e-02
9.421205520629882812e-02
1.806659698486328125e-01
1.748726367950439453e-01
1.741449832916259766e-01
1.587326526641845703e-01
9.774351119995117188e-02
9.737014770507812500e-02
9.574842453002929688e-02
1.717004776000976562e-01
1.780347824096679688e-01
1.781647205352783203e-01
1.776058673858642578e-01
1.789271831512451172e-01
1.708605289459228516e-01
1.746618747711181641e-01
1.670114994049072266e-01
1.664097309112548828e-01
1.663622856140136719e-01
1.716184616088867188e-01
1.651523113250732422e-01
1.635770797729492188e-01
1.709470748901367188e-01
1.618618965148925781e-01
1.741175651550292969e-01
1.630544662475585938e-01
1.718692779541015625e-01
1.715118885040283203e-01
1.716330051422119141e-01
1.261222362518310547e-01
8.835768699645996094e-02
9.108114242553710938e-02
9.349751472473144531e-02
9.478116035461425781e-02
9.196281433105468750e-02
9.414863586425781250e-02
8.860683441162109375e-02
8.885788917541503906e-02
8.789038658142089844e-02
1.617894172668457031e-01
9.262847900390625000e-02
8.822798728942871094e-02
9.191870689392089844e-02
1.701195240020751953e-01
1.719646453857421875e-01
8.873128890991210938e-02
1.634440422058105469e-01
1.686680316925048828e-01
1.745810508728027344e-01
9.598112106323242188e-02
9.439039230346679688e-02
9.631991386413574219e-02
1.664347648620605469e-01
1.679241657257080078e-01
1.661810874938964844e-01
1.022093296051025391e-01
8.897638320922851562e-02
9.402751922607421875e-02
9.165525436401367188e-02
8.997297286987304688e-02
9.227252006530761719e-02
9.387183189392089844e-02
1.692266464233398438e-01
1.427247524261474609e-01
9.472370147705078125e-02
9.541654586791992188e-02
9.227037429809570312e-02
9.480690956115722656e-02
1.023566722869873047e-01
9.205102920532226562e-02
1.672005653381347656e-01
1.381857395172119141e-01
9.328150749206542969e-02
9.234905242919921875e-02
1.746141910552978516e-01
9.398651123046875000e-02
1.829013824462890625e-01
1.882519721984863281e-01
1.746463775634765625e-01
9.844136238098144531e-02
9.749245643615722656e-02
9.955763816833496094e-02
1.027445793151855469e-01
9.537267684936523438e-02
9.566187858581542969e-02
9.830307960510253906e-02
9.629893302917480469e-02
9.688234329223632812e-02
9.588265419006347656e-02
1.705875396728515625e-01
1.781818866729736328e-01
1.579661369323730469e-01
9.966063499450683594e-02
9.830760955810546875e-02
9.990715980529785156e-02
9.808588027954101562e-02
9.858465194702148438e-02
9.995174407958984375e-02
9.498190879821777344e-02
9.902667999267578125e-02
1.728446483612060547e-01
1.633462905883789062e-01
1.030566692352294922e-01
1.009659767150878906e-01
9.557723999023437500e-02
9.734678268432617188e-02
9.670424461364746094e-02
9.097886085510253906e-02
9.429025650024414062e-02
9.589815139770507812e-02
9.936714172363281250e-02
1.620032787322998047e-01
9.632349014282226562e-02
1.613428592681884766e-01
9.393191337585449219e-02
1.687595844268798828e-01
1.747667789459228516e-01
1.675615310668945312e-01
9.971499443054199219e-02
1.677699089050292969e-01
1.678850650787353516e-01
1.692047119140625000e-01
1.659967899322509766e-01
9.331440925598144531e-02
9.671545028686523438e-02
9.585189819335937500e-02
9.582924842834472656e-02
9.428048133850097656e-02
9.205603599548339844e-02
9.254550933837890625e-02
9.895086288452148438e-02
9.371161460876464844e-02
1.721398830413818359e-01
1.476037502288818359e-01
9.699082374572753906e-02
9.234571456909179688e-02
9.122443199157714844e-02
9.403848648071289062e-02
1.709573268890380859e-01
1.707627773284912109e-01
9.083271026611328125e-02
9.713268280029296875e-02
9.198021888732910156e-02
8.868741989135742188e-02
9.405803680419921875e-02
9.320807456970214844e-02
9.343552589416503906e-02
9.431791305541992188e-02
9.292054176330566406e-02
9.312582015991210938e-02
9.544277191162109375e-02
9.718084335327148438e-02
9.675240516662597656e-02
1.488072872161865234e-01
9.506368637084960938e-02
9.435224533081054688e-02
1.689984798431396484e-01
1.625854969024658203e-01
9.753537178039550781e-02
9.523344039916992188e-02
9.480524063110351562e-02
1.731669902801513672e-01
9.946298599243164062e-02
1.434509754180908203e-01
1.717104911804199219e-01
9.138464927673339844e-02
9.836888313293457031e-02
1.010684967041015625e-01
9.884905815124511719e-02
9.462785720825195312e-02
1.738300323486328125e-01
9.003090858459472656e-02
9.787869453430175781e-02
9.577631950378417969e-02
1.689591407775878906e-01
1.713709831237792969e-01
1.764454841613769531e-01
1.708037853240966797e-01
9.554052352905273438e-02
9.125280380249023438e-02
1.501660346984863281e-01
9.083604812622070312e-02
9.507322311401367188e-02
9.817433357238769531e-02
9.435224533081054688e-02
9.616541862487792969e-02
9.389233589172363281e-02
9.078192710876464844e-02
9.050583839416503906e-02
9.228372573852539062e-02
1.687259674072265625e-01
1.683135032653808594e-01
1.630549430847167969e-01
9.312367439270019531e-02
9.689903259277343750e-02
9.536743164062500000e-02
9.778499603271484375e-02
9.478592872619628906e-02
9.426212310791015625e-02
1.733949184417724609e-01
1.596024036407470703e-01
9.081768989562988281e-02
9.260034561157226562e-02
9.311509132385253906e-02
1.725616455078125000e-01
9.548068046569824219e-02
9.715366363525390625e-02
9.337997436523437500e-02
9.440255165100097656e-02
9.657526016235351562e-02
9.424853324890136719e-02
9.371113777160644531e-02
9.657979011535644531e-02
9.162855148315429688e-02
9.325051307678222656e-02
9.368467330932617188e-02
9.648728370666503906e-02
9.589314460754394531e-02
9.749197959899902344e-02
9.293484687805175781e-02
9.469652175903320312e-02
9.442186355590820312e-02
9.193491935729980469e-02
9.550523757934570312e-02
9.206962585449218750e-02
8.977890014648437500e-02
9.810519218444824219e-02
9.638810157775878906e-02
9.341168403625488281e-02
9.412837028503417969e-02
9.510135650634765625e-02
9.917998313903808594e-02
9.101819992065429688e-02
9.179353713989257812e-02
8.881855010986328125e-02
9.288573265075683594e-02
9.423589706420898438e-02
9.267878532409667969e-02
4.568529129028320312e-02
1.016147136688232422e-01
1.015405654907226562e-01
1.051380634307861328e-01
1.020236015319824219e-01
1.013796329498291016e-01
1.028628349304199219e-01
1.009659767150878906e-01
1.008961200714111328e-01
1.025264263153076172e-01
1.004269123077392578e-01
9.854626655578613281e-02
9.735727310180664062e-02
9.611368179321289062e-02
9.820318222045898438e-02
1.020610332489013672e-01
1.004416942596435547e-01
9.645438194274902344e-02
9.902977943420410156e-02
9.965395927429199219e-02
1.682515144348144531e-01
1.773025989532470703e-01
1.003205776214599609e-01
9.601759910583496094e-02
1.014690399169921875e-01
9.704852104187011719e-02
1.032314300537109375e-01
9.804368019104003906e-02
9.755873680114746094e-02
1.715710163116455078e-01
9.519004821777343750e-02
9.707379341125488281e-02
9.901952743530273438e-02
9.548234939575195312e-02
9.444618225097656250e-02
9.429550170898437500e-02
9.474730491638183594e-02
9.765505790710449219e-02
9.676170349121093750e-02
9.867358207702636719e-02
9.946560859680175781e-02
9.895682334899902344e-02
9.937357902526855469e-02
1.813571453094482422e-01
1.818125247955322266e-01
1.790428161621093750e-01
1.754109859466552734e-01
9.009957313537597656e-02
9.242653846740722656e-02
9.251427650451660156e-02
9.577608108520507812e-02
9.350657463073730469e-02
9.410452842712402344e-02
1.711499691009521484e-01
9.434747695922851562e-02
9.279084205627441406e-02
9.500050544738769531e-02
8.979535102844238281e-02
1.772308349609375000e-01
1.638100147247314453e-01
9.560728073120117188e-02
9.569859504699707031e-02
9.552025794982910156e-02
9.183669090270996094e-02
9.198713302612304688e-02
9.542655944824218750e-02
9.650492668151855469e-02
8.932542800903320312e-02
9.228396415710449219e-02
9.345078468322753906e-02
9.529232978820800781e-02
9.208202362060546875e-02
9.375762939453125000e-02
9.933996200561523438e-02
9.021282196044921875e-02
1.761195659637451172e-01
9.549045562744140625e-02
9.739136695861816406e-02
9.776878356933593750e-02
9.806299209594726562e-02
9.529876708984375000e-02
9.082674980163574219e-02
9.260749816894531250e-02
1.693859100341796875e-01
1.723058223724365234e-01
1.742644309997558594e-01
1.716887950897216797e-01
1.739881038665771484e-01
1.732318401336669922e-01
1.777517795562744141e-01
9.542274475097656250e-02
9.565949440002441406e-02
9.666228294372558594e-02
9.235215187072753906e-02
9.679818153381347656e-02
9.477400779724121094e-02
9.183478355407714844e-02
1.606178283691406250e-01
1.803467273712158203e-01
1.773328781127929688e-01
9.913730621337890625e-02
9.712362289428710938e-02
9.038424491882324219e-02
8.891320228576660156e-02
8.958458900451660156e-02
9.181213378906250000e-02
9.339046478271484375e-02
9.616613388061523438e-02
9.154200553894042969e-02
9.155488014221191406e-02
1.457395553588867188e-01
1.730051040649414062e-01
1.546645164489746094e-01
9.220576286315917969e-02
1.726853847503662109e-01
1.715724468231201172e-01
1.713793277740478516e-01
9.788155555725097656e-02
9.640264511108398438e-02
9.571027755737304688e-02
9.839463233947753906e-02
9.875988960266113281e-02
9.226250648498535156e-02
9.799146652221679688e-02
9.444379806518554688e-02
9.659194946289062500e-02
1.787390708923339844e-01
1.640825271606445312e-01
9.024310111999511719e-02
9.696912765502929688e-02
9.473562240600585938e-02
9.194540977478027344e-02
9.411787986755371094e-02
9.330916404724121094e-02
9.466862678527832031e-02
9.789443016052246094e-02
9.239673614501953125e-02
9.595561027526855469e-02
9.450554847717285156e-02
9.535670280456542969e-02
9.383058547973632812e-02
9.938311576843261719e-02
9.709000587463378906e-02
9.600710868835449219e-02
9.552788734436035156e-02
9.070777893066406250e-02
9.137797355651855469e-02
1.760828495025634766e-01
1.754417419433593750e-01
1.560456752777099609e-01
1.714289188385009766e-01
9.238362312316894531e-02
9.662246704101562500e-02
9.508824348449707031e-02
9.514784812927246094e-02
9.441900253295898438e-02
9.597444534301757812e-02
9.576797485351562500e-02
1.022858619689941406e-01
1.487963199615478516e-01
9.971261024475097656e-02
1.659491062164306641e-01
1.717276573181152344e-01
9.000635147094726562e-02
1.888136863708496094e-01
1.733491420745849609e-01
9.980130195617675781e-02
1.027805805206298828e-01
1.020457744598388672e-01
9.660553932189941406e-02
1.010532379150390625e-01
1.003072261810302734e-01
1.021864414215087891e-01
1.022040843963623047e-01
1.261334419250488281e-01
1.019525527954101562e-01
1.013181209564208984e-01
9.907341003417968750e-02
9.979295730590820312e-02
1.706717014312744141e-01
1.026606559753417969e-01
1.914134025573730469e-01
1.897153854370117188e-01
1.800825595855712891e-01
1.863942146301269531e-01
1.736919879913330078e-01
9.562706947326660156e-02
9.285998344421386719e-02
9.685587882995605469e-02
9.532141685485839844e-02
9.426307678222656250e-02
9.776949882507324219e-02
9.548926353454589844e-02
9.630274772644042969e-02
1.408677101135253906e-01
1.000311374664306641e-01
9.988236427307128906e-02
9.855699539184570312e-02
9.739232063293457031e-02
9.423995018005371094e-02
9.769201278686523438e-02
1.735167503356933594e-01
1.766479015350341797e-01
1.738898754119873047e-01
1.696386337280273438e-01
2.552375793457031250e-01
1.605627536773681641e-01
1.747543811798095703e-01
1.755106449127197266e-01
1.803381443023681641e-01
1.696181297302246094e-01
9.044885635375976562e-02
9.556388854980468750e-02
9.600830078125000000e-02
9.414625167846679688e-02
1.707429885864257812e-01
1.734988689422607422e-01
1.732757091522216797e-01
1.697075366973876953e-01
1.708106994628906250e-01
1.734766960144042969e-01
1.649851799011230469e-01
9.293556213378906250e-02
8.993673324584960938e-02
9.628915786743164062e-02
9.640073776245117188e-02
1.020472049713134766e-01
9.538841247558593750e-02
9.916186332702636719e-02
9.734869003295898438e-02
9.487652778625488281e-02
1.629834175109863281e-01
8.812856674194335938e-02
9.073495864868164062e-02
9.008169174194335938e-02
9.410643577575683594e-02
1.660008430480957031e-01
1.649339199066162109e-01
1.684679985046386719e-01
1.680555343627929688e-01
1.723597049713134766e-01
9.297204017639160156e-02
9.753346443176269531e-02
9.117317199707031250e-02
9.116125106811523438e-02
9.147262573242187500e-02
9.488892555236816406e-02
9.544825553894042969e-02
9.748101234436035156e-02
9.171247482299804688e-02
9.223175048828125000e-02
9.337019920349121094e-02
9.326052665710449219e-02
9.171390533447265625e-02
9.108281135559082031e-02
1.461772918701171875e-01
1.633691787719726562e-01
1.174957752227783203e-01
9.206128120422363281e-02
9.366226196289062500e-02
8.886790275573730469e-02
9.559750556945800781e-02
9.059143066406250000e-02
9.481835365295410156e-02
9.673094749450683594e-02
9.525394439697265625e-02
9.107494354248046875e-02
9.385228157043457031e-02
9.166431427001953125e-02
1.664290428161621094e-01
1.686122417449951172e-01
1.494858264923095703e-01
1.392216682434082031e-01
9.116101264953613281e-02
1.733705997467041016e-01
1.719903945922851562e-01
1.705977916717529297e-01
1.734523773193359375e-01
1.710393428802490234e-01
9.434890747070312500e-02
9.646654129028320312e-02
9.240555763244628906e-02
1.033120155334472656e-01
9.327459335327148438e-02
9.849119186401367188e-02
9.246397018432617188e-02
9.807467460632324219e-02
9.480094909667968750e-02
1.811699867248535156e-01
1.780133247375488281e-01
1.801333427429199219e-01
1.714890003204345703e-01
9.037256240844726562e-02
9.222817420959472656e-02
1.742341518402099609e-01
1.716413497924804688e-01
8.909058570861816406e-02
9.171676635742187500e-02
9.091830253601074219e-02
9.175300598144531250e-02
9.232497215270996094e-02
9.424901008605957031e-02
9.324741363525390625e-02
8.547568321228027344e-02
8.794355392456054688e-02
9.327650070190429688e-02
1.625382900238037109e-01
8.831477165222167969e-02
9.205150604248046875e-02
1.760964393615722656e-01
9.194850921630859375e-02
9.491610527038574219e-02
9.205508232116699219e-02
8.787536621093750000e-02
9.234642982482910156e-02
9.195351600646972656e-02
1.776170730590820312e-01
1.663122177124023438e-01
9.155726432800292969e-02
9.369540214538574219e-02
9.162998199462890625e-02
9.487676620483398438e-02
9.069418907165527344e-02
9.221696853637695312e-02
1.121373176574707031e-01
9.091830253601074219e-02
4.673838615417480469e-02
1.008729934692382812e-01
1.042287349700927734e-01
1.019701957702636719e-01
9.754157066345214844e-02
9.433579444885253906e-02
9.863233566284179688e-02
1.782724857330322266e-01
1.680798530578613281e-01
9.671235084533691406e-02
9.678459167480468750e-02
9.908246994018554688e-02
1.013276576995849609e-01
1.004257202148437500e-01
9.439277648925781250e-02
9.694790840148925781e-02
9.847235679626464844e-02
9.606647491455078125e-02
9.581518173217773438e-02
9.584426879882812500e-02
9.540772438049316406e-02
9.805607795715332031e-02
9.556293487548828125e-02
1.001982688903808594e-01
1.013059616088867188e-01
9.846067428588867188e-02
1.005866527557373047e-01
9.468054771423339844e-02
9.752297401428222656e-02
9.934949874877929688e-02
9.903883934020996094e-02
9.843301773071289062e-02
1.007921695709228516e-01
9.784793853759765625e-02
9.747219085693359375e-02
9.557747840881347656e-02
9.679865837097167969e-02
9.446859359741210938e-02
9.399819374084472656e-02
9.520363807678222656e-02
9.102416038513183594e-02
9.900331497192382812e-02
9.653162956237792969e-02
9.591937065124511719e-02
9.717488288879394531e-02
1.781589984893798828e-01
1.669793128967285156e-01
1.431884765625000000e-01
1.015269756317138672e-01
9.778308868408203125e-02
9.604406356811523438e-02
1.013970375061035156e-01
9.852766990661621094e-02
9.779477119445800781e-02
1.013457775115966797e-01
9.445619583129882812e-02
9.433650970458984375e-02
9.892392158508300781e-02
9.854745864868164062e-02
1.770937442779541016e-01
1.547737121582031250e-01
9.638833999633789062e-02
9.838771820068359375e-02
9.981322288513183594e-02
1.036331653594970703e-01
9.991621971130371094e-02
9.937834739685058594e-02
9.765744209289550781e-02
9.822654724121093750e-02
9.739065170288085938e-02
9.451580047607421875e-02
9.533023834228515625e-02
1.746127605438232422e-01
1.003816127777099609e-01
9.826803207397460938e-02
1.776745319366455078e-01
1.673641204833984375e-01
9.237623214721679688e-02
9.903955459594726562e-02
1.717021465301513672e-01
1.769523620605468750e-01
1.745002269744873047e-01
1.751248836517333984e-01
1.742503643035888672e-01
9.565281867980957031e-02
9.617805480957031250e-02
9.335207939147949219e-02
9.383010864257812500e-02
9.376692771911621094e-02
9.506011009216308594e-02
9.688925743103027344e-02
9.708404541015625000e-02
9.662222862243652344e-02
9.570980072021484375e-02
9.743261337280273438e-02
9.295630455017089844e-02
9.929442405700683594e-02
1.009163856506347656e-01
9.572887420654296875e-02
9.217762947082519531e-02
9.568142890930175781e-02
9.765863418579101562e-02
9.725975990295410156e-02
9.444427490234375000e-02
9.783649444580078125e-02
1.741576194763183594e-01
9.829878807067871094e-02
9.320855140686035156e-02
1.691935062408447266e-01
1.682181358337402344e-01
1.373720169067382812e-01
1.429734230041503906e-01
1.810691356658935547e-01
9.518551826477050781e-02
1.043090820312500000e-01
9.730648994445800781e-02
9.443473815917968750e-02
9.795546531677246094e-02
1.002576351165771484e-01
1.703827381134033203e-01
1.791133880615234375e-01
1.490268707275390625e-01
1.718165874481201172e-01
1.513807773590087891e-01
9.394097328186035156e-02
9.396171569824218750e-02
9.795022010803222656e-02
9.588885307312011719e-02
1.697087287902832031e-01
1.665313243865966797e-01
1.334025859832763672e-01
9.499692916870117188e-02
9.480953216552734375e-02
9.546375274658203125e-02
9.795260429382324219e-02
9.473729133605957031e-02
9.710001945495605469e-02
1.695320606231689453e-01
1.388893127441406250e-01
9.645247459411621094e-02
9.456086158752441406e-02
9.275174140930175781e-02
9.563112258911132812e-02
9.221553802490234375e-02
1.000688076019287109e-01
1.423768997192382812e-01
8.767676353454589844e-02
9.746217727661132812e-02
9.293532371520996094e-02
1.173560619354248047e-01
9.720778465270996094e-02
1.038427352905273438e-01
9.477472305297851562e-02
1.808326244354248047e-01
1.435120105743408203e-01
1.456296443939208984e-01
9.736514091491699219e-02
9.789824485778808594e-02
1.792926788330078125e-01
1.743712425231933594e-01
1.758656501770019531e-01
1.717185974121093750e-01
1.798918247222900391e-01
8.887505531311035156e-02
1.842665672302246094e-01
1.946322917938232422e-01
1.877884864807128906e-01
1.830677986145019531e-01
1.816623210906982422e-01
1.881175041198730469e-01
1.828954219818115234e-01
1.860244274139404297e-01
1.844933032989501953e-01
1.842885017395019531e-01
1.809175014495849609e-01
1.888818740844726562e-01
1.454856395721435547e-01
9.849309921264648438e-02
9.642529487609863281e-02
1.007311344146728516e-01
1.031069755554199219e-01
9.899210929870605469e-02
1.800463199615478516e-01
1.734921932220458984e-01
1.809911727905273438e-01
1.176903247833251953e-01
1.026766300201416016e-01
9.559369087219238281e-02
1.004452705383300781e-01
9.904718399047851562e-02
9.625363349914550781e-02
9.752511978149414062e-02
9.559559822082519531e-02
9.727072715759277344e-02
1.713902950286865234e-01
1.747701168060302734e-01
1.434059143066406250e-01
9.943222999572753906e-02
9.603571891784667969e-02
9.655332565307617188e-02
9.223961830139160156e-02
1.744554042816162109e-01
1.713626384735107422e-01
1.705262660980224609e-01
1.657466888427734375e-01
1.782014369964599609e-01
1.837887763977050781e-01
1.769070625305175781e-01
1.736664772033691406e-01
1.722090244293212891e-01
1.547851562500000000e-01
1.744379997253417969e-01
1.728558540344238281e-01
1.679124832153320312e-01
1.686282157897949219e-01
1.655099391937255859e-01
1.771650314331054688e-01
1.725547313690185547e-01
1.776556968688964844e-01
1.718997955322265625e-01
9.266018867492675781e-02
9.525346755981445312e-02
9.435653686523437500e-02
1.748952865600585938e-01
1.700229644775390625e-01
1.713221073150634766e-01
9.312582015991210938e-02
9.279012680053710938e-02
9.308457374572753906e-02
9.307003021240234375e-02
9.317874908447265625e-02
8.850741386413574219e-02
9.393954277038574219e-02
8.417487144470214844e-02
8.636927604675292969e-02
1.698400974273681641e-01
1.636960506439208984e-01
8.956646919250488281e-02
9.065628051757812500e-02
8.869910240173339844e-02
9.261727333068847656e-02
8.972167968750000000e-02
8.938312530517578125e-02
8.924508094787597656e-02
8.961725234985351562e-02
9.438300132751464844e-02
9.539031982421875000e-02
9.484863281250000000e-02
9.387636184692382812e-02
8.900809288024902344e-02
1.306607723236083984e-01
9.641551971435546875e-02
1.617114543914794922e-01
9.386706352233886719e-02
9.318566322326660156e-02
1.773226261138916016e-01
1.723430156707763672e-01
1.754982471466064453e-01
1.733009815216064453e-01
1.760923862457275391e-01
1.585841178894042969e-01
9.081888198852539062e-02
9.424686431884765625e-02
9.590506553649902344e-02
9.623646736145019531e-02
9.186077117919921875e-02
9.938526153564453125e-02
9.510326385498046875e-02
9.712481498718261719e-02
9.308719635009765625e-02
9.620451927185058594e-02
9.558463096618652344e-02
9.534692764282226562e-02
9.427690505981445312e-02
9.411048889160156250e-02
9.322834014892578125e-02
9.877419471740722656e-02
9.583997726440429688e-02
9.576535224914550781e-02
9.312725067138671875e-02
9.383964538574218750e-02
9.599542617797851562e-02
9.537887573242187500e-02
9.579968452453613281e-02
9.562373161315917969e-02
1.770331859588623047e-01
1.757905483245849609e-01
1.794497966766357422e-01
9.457302093505859375e-02
1.682114601135253906e-01
9.575796127319335938e-02
9.360098838806152344e-02
9.381031990051269531e-02
9.703755378723144531e-02
9.936809539794921875e-02
9.497952461242675781e-02
9.542202949523925781e-02
1.685359477996826172e-01
9.390091896057128906e-02
9.683990478515625000e-02
1.717801094055175781e-01
9.613060951232910156e-02
9.653997421264648438e-02
1.575241088867187500e-01
1.000676155090332031e-01
9.886431694030761719e-02
9.832119941711425781e-02
1.005325317382812500e-01
1.793255805969238281e-01
1.788146495819091797e-01
1.733596324920654297e-01
1.665375232696533203e-01
1.684627532958984375e-01
1.687645912170410156e-01
1.545310020446777344e-01
1.742041110992431641e-01
1.760377883911132812e-01
1.721830368041992188e-01
1.720049381256103516e-01
1.690828800201416016e-01
1.668219566345214844e-01
1.768310070037841797e-01
1.664867401123046875e-01
9.471249580383300781e-02
9.558582305908203125e-02
9.510397911071777344e-02
4.869055747985839844e-02
1.030704975128173828e-01
1.872794628143310547e-01
1.634073257446289062e-01
1.759369373321533203e-01
9.851074218750000000e-02
9.947967529296875000e-02
1.003384590148925781e-01
1.012554168701171875e-01
9.690546989440917969e-02
1.020209789276123047e-01
1.607701778411865234e-01
9.818005561828613281e-02
1.807706356048583984e-01
1.616070270538330078e-01
9.694790840148925781e-02
1.680915355682373047e-01
9.996104240417480469e-02
1.795935630798339844e-01
1.759097576141357422e-01
9.798455238342285156e-02
1.640186309814453125e-01
9.589052200317382812e-02
9.508490562438964844e-02
1.656184196472167969e-01
1.030566692352294922e-01
9.671902656555175781e-02
9.928631782531738281e-02
1.760666370391845703e-01
1.737279891967773438e-01
1.734137535095214844e-01
1.711170673370361328e-01
1.670794486999511719e-01
9.392333030700683594e-02
9.839344024658203125e-02
9.434294700622558594e-02
1.001949310302734375e-01
1.766018867492675781e-01
1.158628463745117188e-01
9.339308738708496094e-02
9.529256820678710938e-02
9.518980979919433594e-02
9.810185432434082031e-02
1.005513668060302734e-01
9.600949287414550781e-02
9.607291221618652344e-02
9.447956085205078125e-02
1.783282756805419922e-01
1.613230705261230469e-01
9.649872779846191406e-02
9.362554550170898438e-02
9.297585487365722656e-02
9.466266632080078125e-02
9.450936317443847656e-02
9.660458564758300781e-02
9.651017189025878906e-02
1.754689216613769531e-01
1.702575683593750000e-01
1.666302680969238281e-01
1.734018325805664062e-01
1.805446147918701172e-01
1.648037433624267578e-01
1.834485530853271484e-01
1.868379116058349609e-01
1.353754997253417969e-01
9.164547920227050781e-02
1.761591434478759766e-01
1.799125671386718750e-01
1.410996913909912109e-01
9.621572494506835938e-02
9.672069549560546875e-02
1.702957153320312500e-01
9.202361106872558594e-02
9.622263908386230469e-02
1.701898574829101562e-01
1.713294982910156250e-01
1.704041957855224609e-01
1.711945533752441406e-01
1.758325099945068359e-01
1.609420776367187500e-01
1.723296642303466797e-01
1.625180244445800781e-01
1.648840904235839844e-01
1.736662387847900391e-01
1.675999164581298828e-01
9.642934799194335938e-02
1.091136932373046875e-01
1.213090419769287109e-01
1.786248683929443359e-01
1.702301502227783203e-01
1.012806892395019531e-01
9.353494644165039062e-02
9.796667098999023438e-02
1.729640960693359375e-01
1.641979217529296875e-01
1.647489070892333984e-01
1.806943416595458984e-01
1.436293125152587891e-01
1.070594787597656250e-01
1.037223339080810547e-01
9.165549278259277344e-02
1.692464351654052734e-01
1.497831344604492188e-01
1.051504611968994141e-01
1.781446933746337891e-01
1.481418609619140625e-01
1.045901775360107422e-01
1.719913482666015625e-01
9.369325637817382812e-02
9.616613388061523438e-02
1.190400123596191406e-01
2.442648410797119141e-01
9.703540802001953125e-02
1.575226783752441406e-01
1.774277687072753906e-01
1.348369121551513672e-01
1.060869693756103516e-01
1.069605350494384766e-01
1.028938293457031250e-01
1.024210453033447266e-01
9.519028663635253906e-02
1.542959213256835938e-01
1.720831394195556641e-01
1.692054271697998047e-01
1.630439758300781250e-01
9.638047218322753906e-02
9.601283073425292969e-02
9.902691841125488281e-02
9.783649444580078125e-02
9.578418731689453125e-02
9.909939765930175781e-02
1.702322959899902344e-01
1.728596687316894531e-01
1.759572029113769531e-01
1.758434772491455078e-01
1.637914180755615234e-01
9.757900238037109375e-02
9.462833404541015625e-02
9.314131736755371094e-02
9.778952598571777344e-02
9.364199638366699219e-02
9.257459640502929688e-02
9.470438957214355469e-02
9.523677825927734375e-02
9.877252578735351562e-02
9.449696540832519531e-02
9.877085685729980469e-02
9.926366806030273438e-02
9.855508804321289062e-02
1.085007190704345703e-01
9.711408615112304688e-02
9.905219078063964844e-02
9.824824333190917969e-02
9.978175163269042969e-02
1.001887321472167969e-01
9.671401977539062500e-02
1.001751422882080078e-01
1.011795997619628906e-01
9.801101684570312500e-02
9.890031814575195312e-02
9.762954711914062500e-02
9.682583808898925781e-02
9.397506713867187500e-02
4.501581192016601562e-02
9.575390815734863281e-02
9.422254562377929688e-02
9.279561042785644531e-02
9.583282470703125000e-02
1.444990634918212891e-01
1.378991603851318359e-01
1.476325988769531250e-01
9.715628623962402344e-02
9.708499908447265625e-02
9.725427627563476562e-02
1.006186008453369141e-01
1.031565666198730469e-01
1.734099388122558594e-01
1.755475997924804688e-01
1.764237880706787109e-01
9.618806838989257812e-02
9.623861312866210938e-02
9.986376762390136719e-02
1.020264625549316406e-01
1.016883850097656250e-01
9.658098220825195312e-02
1.797394752502441406e-01
1.711165904998779297e-01
1.709201335906982422e-01
1.729147434234619141e-01
1.557960510253906250e-01
1.000144481658935547e-01
1.015872955322265625e-01
9.745573997497558594e-02
9.823179244995117188e-02
1.159210205078125000e-01
1.034023761749267578e-01
9.852457046508789062e-02
1.016805171966552734e-01
1.051020622253417969e-01
1.801273822784423828e-01
9.688186645507812500e-02
9.822893142700195312e-02
1.013803482055664062e-01
9.798717498779296875e-02
9.752798080444335938e-02
1.614735126495361328e-01
1.799478530883789062e-01
1.698231697082519531e-01
1.694247722625732422e-01
1.679887771606445312e-01
1.721718311309814453e-01
1.740982532501220703e-01
1.764841079711914062e-01
1.755411624908447266e-01
1.656613349914550781e-01
9.934115409851074219e-02
9.914422035217285156e-02
1.364495754241943359e-01
9.304785728454589844e-02
9.781670570373535156e-02
9.193229675292968750e-02
1.590847969055175781e-01
9.354996681213378906e-02
1.628155708312988281e-01
1.675090789794921875e-01
1.674306392669677734e-01
1.685824394226074219e-01
1.706621646881103516e-01
1.429924964904785156e-01
1.018450260162353516e-01
1.001913547515869141e-01
1.055386066436767578e-01
1.724197864532470703e-01
1.520388126373291016e-01
1.033246517181396484e-01
9.684014320373535156e-02
1.093018054962158203e-01
9.484815597534179688e-02
9.403514862060546875e-02
9.974217414855957031e-02
1.704864501953125000e-01
1.066131591796875000e-01
1.769526004791259766e-01
1.741507053375244141e-01
1.222579479217529297e-01
1.002230644226074219e-01
1.727542877197265625e-01
9.813332557678222656e-02
1.022119522094726562e-01
1.664359569549560547e-01
9.215044975280761719e-02
9.343338012695312500e-02
9.825134277343750000e-02
9.395337104797363281e-02
9.252762794494628906e-02
9.347653388977050781e-02
9.512019157409667969e-02
9.324979782104492188e-02
9.531307220458984375e-02
9.321665763854980469e-02
9.176278114318847656e-02
9.392690658569335938e-02
9.477686882019042969e-02
9.104585647583007812e-02
9.407186508178710938e-02
1.073281764984130859e-01
1.422848701477050781e-01
9.522199630737304688e-02
1.032338142395019531e-01
1.027886867523193359e-01
9.875082969665527344e-02
1.664822101593017578e-01
1.097786426544189453e-01
8.705663681030273438e-02
9.060883522033691406e-02
9.470438957214355469e-02
8.924293518066406250e-02
9.155440330505371094e-02
9.010457992553710938e-02
9.220647811889648438e-02
9.311866760253906250e-02
8.986854553222656250e-02
9.535121917724609375e-02
9.057164192199707031e-02
9.204626083374023438e-02
8.985114097595214844e-02
9.101533889770507812e-02
9.492731094360351562e-02
9.214591979980468750e-02
8.956265449523925781e-02
9.201216697692871094e-02
9.061861038208007812e-02
9.047293663024902344e-02
9.530854225158691406e-02
9.095335006713867188e-02
9.159302711486816406e-02
9.274029731750488281e-02
1.004533767700195312e-01
9.994459152221679688e-02
8.914875984191894531e-02
9.633755683898925781e-02
8.905339241027832031e-02
8.899569511413574219e-02
9.447336196899414062e-02
9.156537055969238281e-02
8.970928192138671875e-02
9.649372100830078125e-02
9.543132781982421875e-02
9.372019767761230469e-02
9.332084655761718750e-02
9.175801277160644531e-02
9.401655197143554688e-02
9.421563148498535156e-02
9.297251701354980469e-02
1.672959327697753906e-01
1.703619956970214844e-01
1.712672710418701172e-01
8.945369720458984375e-02
8.899569511413574219e-02
9.343123435974121094e-02
8.826589584350585938e-02
1.636090278625488281e-01
1.619846820831298828e-01
1.589481830596923828e-01
1.660249233245849609e-01
1.652011871337890625e-01
8.339309692382812500e-02
1.832766532897949219e-01
1.815087795257568359e-01
1.727697849273681641e-01
1.790106296539306641e-01
1.856243610382080078e-01
1.763799190521240234e-01
1.847801208496093750e-01
9.673213958740234375e-02
9.684324264526367188e-02
1.002340316772460938e-01
9.919071197509765625e-02
1.024324893951416016e-01
9.982514381408691406e-02
9.544229507446289062e-02
1.761870384216308594e-01
1.711413860321044922e-01
1.716258525848388672e-01
1.793942451477050781e-01
1.720962524414062500e-01
1.022088527679443359e-01
1.030318737030029297e-01
1.010780334472656250e-01
1.017005443572998047e-01
1.013410091400146484e-01
9.979128837585449219e-02
1.816911697387695312e-01
1.783168315887451172e-01
1.628539562225341797e-01
9.784007072448730469e-02
9.738087654113769531e-02
1.013166904449462891e-01
9.394001960754394531e-02
9.385490417480468750e-02
9.528207778930664062e-02
1.734063625335693359e-01
1.796400547027587891e-01
1.764869689941406250e-01
1.687135696411132812e-01
1.700348854064941406e-01
1.706268787384033203e-01
1.701152324676513672e-01
1.771919727325439453e-01
1.735444068908691406e-01
1.623117923736572266e-01
1.244683265686035156e-01
9.897065162658691406e-02
9.806990623474121094e-02
9.590435028076171875e-02
9.849166870117187500e-02
1.703302860260009766e-01
1.423523426055908203e-01
1.449110507965087891e-01
9.350681304931640625e-02
9.563708305358886719e-02
9.438490867614746094e-02
9.528541564941406250e-02
9.465050697326660156e-02
9.433484077453613281e-02
9.352827072143554688e-02
1.824979782104492188e-01
1.694467067718505859e-01
9.957671165466308594e-02
1.689746379852294922e-01
1.002817153930664062e-01
9.789824485778808594e-02
1.742801666259765625e-01
9.859561920166015625e-02
9.120130538940429688e-02
1.765735149383544922e-01
1.218442916870117188e-01
1.744179725646972656e-01
1.038544178009033203e-01
9.989714622497558594e-02
1.602077484130859375e-01
1.385798454284667969e-01
1.145575046539306641e-01
1.076116561889648438e-01
1.793258190155029297e-01
1.717731952667236328e-01
1.826064586639404297e-01
1.788473129272460938e-01
1.670579910278320312e-01
1.008467674255371094e-01
1.672046184539794922e-01
9.048414230346679688e-02
9.787583351135253906e-02
9.878945350646972656e-02
1.003198623657226562e-01
9.602022171020507812e-02
1.691365242004394531e-01
9.853291511535644531e-02
9.939455986022949219e-02
8.726453781127929688e-02
9.120130538940429688e-02
1.675395965576171875e-01
1.606588363647460938e-01
1.638076305389404297e-01
1.808466911315917969e-01
1.743092536926269531e-01
1.763095855712890625e-01
1.663229465484619141e-01
1.648900508880615234e-01
1.575615406036376953e-01
1.385285854339599609e-01
1.716279983520507812e-01
1.691339015960693359e-01
1.525435447692871094e-01
1.692738533020019531e-01
1.666114330291748047e-01
1.653428077697753906e-01
9.134984016418457031e-02
1.708922386169433594e-01
1.758849620819091797e-01
1.699755191802978516e-01
1.737935543060302734e-01
1.796722412109375000e-01
1.742355823516845703e-01
1.422107219696044922e-01
1.711535453796386719e-01
1.681470870971679688e-01
1.666729450225830078e-01
1.582152843475341797e-01
1.636328697204589844e-01
1.667780876159667969e-01
1.586706638336181641e-01
1.567666530609130859e-01
8.934473991394042969e-02
8.921170234680175781e-02
9.036397933959960938e-02
8.740782737731933594e-02
9.286403656005859375e-02
1.712393760681152344e-01
1.449024677276611328e-01
9.828090667724609375e-02
9.162116050720214844e-02
1.663718223571777344e-01
1.284654140472412109e-01
9.291458129882812500e-02
9.052968025207519531e-02
9.424161911010742188e-02
1.079361438751220703e-01
1.010882854461669922e-01
1.184980869293212891e-01
9.509325027465820312e-02
9.890818595886230469e-02
1.655025482177734375e-01
1.713166236877441406e-01
1.663231849670410156e-01
9.088635444641113281e-02
9.370732307434082031e-02
1.661121845245361328e-01
1.765959262847900391e-01
1.484277248382568359e-01
9.250926971435546875e-02
9.335732460021972656e-02
9.794163703918457031e-02
1.575524806976318359e-01
1.608281135559082031e-01
1.510710716247558594e-01
8.947205543518066406e-02
9.711527824401855469e-02
1.014397144317626953e-01
8.444237709045410156e-02
1.843614578247070312e-01
1.158008575439453125e-01
1.042103767395019531e-01
1.671512126922607422e-01
1.880559921264648438e-01
1.712293624877929688e-01
1.175351142883300781e-01
1.727993488311767578e-01
1.823000907897949219e-01
1.562397480010986328e-01
1.120767593383789062e-01
1.028583049774169922e-01
1.086051464080810547e-01
9.951353073120117188e-02
1.787717342376708984e-01
1.039571762084960938e-01
1.784110069274902344e-01
1.221172809600830078e-01
1.908626556396484375e-01
1.055109500885009766e-01
1.141474246978759766e-01
1.158552169799804688e-01
1.625471115112304688e-01
1.457653045654296875e-01
1.245980262756347656e-01
1.093378067016601562e-01
1.103315353393554688e-01
1.819887161254882812e-01
1.706504821777343750e-01
1.538021564483642578e-01
9.514307975769042969e-02
1.000456809997558594e-01
1.729915142059326172e-01
1.774468421936035156e-01
1.771008968353271484e-01
1.783785820007324219e-01
1.780846118927001953e-01
1.766409873962402344e-01
1.370606422424316406e-01
9.232187271118164062e-02
9.879660606384277344e-02
9.590077400207519531e-02
9.744191169738769531e-02
9.596347808837890625e-02
1.699995994567871094e-01
9.919404983520507812e-02
1.016674041748046875e-01
1.786046028137207031e-01
9.998011589050292969e-02
9.809422492980957031e-02
9.812974929809570312e-02
9.646654129028320312e-02
9.412479400634765625e-02
9.709787368774414062e-02
9.906816482543945312e-02
9.802746772766113281e-02
1.046755313873291016e-01
9.612369537353515625e-02
9.769988059997558594e-02
9.688210487365722656e-02
9.597182273864746094e-02
9.225916862487792969e-02
9.378123283386230469e-02
9.453725814819335938e-02
1.003501415252685547e-01
1.010386943817138672e-01
1.006224155426025391e-01
1.678202152252197266e-01
1.852934360504150391e-01
1.781449317932128906e-01
1.762173175811767578e-01
1.054902076721191406e-01
9.834551811218261719e-02
9.567856788635253906e-02
1.001567840576171875e-01
1.004157066345214844e-01
9.626245498657226562e-02
9.828424453735351562e-02
9.439659118652343750e-02
9.654664993286132812e-02
9.620785713195800781e-02
1.011044979095458984e-01
1.723976135253906250e-01
1.291317939758300781e-01
9.601306915283203125e-02
9.709930419921875000e-02
1.008687019348144531e-01
1.039931774139404297e-01
9.917545318603515625e-02
1.780505180358886719e-01
1.641402244567871094e-01
1.003508567810058594e-01
1.377747058868408203e-01
1.417908668518066406e-01
1.632082462310791016e-01
1.667983531951904297e-01
1.726403236389160156e-01
1.588830947875976562e-01
1.590626239776611328e-01
1.732194423675537109e-01
1.758158206939697266e-01
1.235527992248535156e-01
9.013962745666503906e-02
1.694941520690917969e-01
1.622350215911865234e-01
9.125232696533203125e-02
1.586298942565917969e-01
1.626958847045898438e-01
9.555649757385253906e-02
1.064093112945556641e-01
1.752319335937500000e-01
1.691727638244628906e-01
1.475625038146972656e-01
9.785246849060058594e-02
1.721410751342773438e-01
1.655285358428955078e-01
1.797404289245605469e-01
1.847653388977050781e-01
9.123706817626953125e-02
1.754634380340576172e-01
1.605715751647949219e-01
9.194779396057128906e-02
9.470987319946289062e-02
9.110593795776367188e-02
1.679024696350097656e-01
1.718134880065917969e-01
1.718280315399169922e-01
9.512042999267578125e-02
9.212088584899902344e-02
8.964681625366210938e-02
8.700180053710937500e-02
