9.082508087158203125e-02
1.049268245697021484e-01
9.291982650756835938e-02
9.200620651245117188e-02
1.607658863067626953e-01
8.990025520324707031e-02
9.966850280761718750e-02
8.759522438049316406e-02
9.401535987854003906e-02
9.013414382934570312e-02
1.616342067718505859e-01
1.580710411071777344e-01
1.595578193664550781e-01
1.568586826324462891e-01
1.644449234008789062e-01
1.660234928131103516e-01
1.331977844238281250e-01
9.192466735839843750e-02
9.280729293823242188e-02
9.053015708923339844e-02
8.949351310729980469e-02
1.588442325592041016e-01
8.814072608947753906e-02
9.448695182800292969e-02
9.196472167968750000e-02
9.140825271606445312e-02
9.294629096984863281e-02
8.866000175476074219e-02
9.388065338134765625e-02
9.366607666015625000e-02
1.006054878234863281e-01
9.429669380187988281e-02
1.010336875915527344e-01
9.803915023803710938e-02
9.439682960510253906e-02
9.311842918395996094e-02
9.560608863830566406e-02
9.267354011535644531e-02
8.908724784851074219e-02
9.234905242919921875e-02
8.883023262023925781e-02
8.855485916137695312e-02
9.201669692993164062e-02
8.672142028808593750e-02
9.020018577575683594e-02
8.746671676635742188e-02
8.732748031616210938e-02
9.012269973754882812e-02
8.869910240173339844e-02
9.343457221984863281e-02
9.416985511779785156e-02
9.122371673583984375e-02
9.216260910034179688e-02
9.072971343994140625e-02
1.375334262847900391e-01
9.062552452087402344e-02
9.382462501525878906e-02
8.853864669799804688e-02
9.273052215576171875e-02
1.728019714355468750e-01
1.727654933929443359e-01
1.740429401397705078e-01
9.017157554626464844e-02
8.771252632141113281e-02
9.149360656738281250e-02
8.921289443969726562e-02
9.142732620239257812e-02
8.927154541015625000e-02
9.271621704101562500e-02
9.221959114074707031e-02
9.216499328613281250e-02
9.001278877258300781e-02
8.999347686767578125e-02
8.958578109741210938e-02
9.174847602844238281e-02
1.636481285095214844e-01
1.704022884368896484e-01
1.683187484741210938e-01
1.696774959564208984e-01
1.661601066589355469e-01
1.659986972808837891e-01
1.423735618591308594e-01
9.736180305480957031e-02
9.362506866455078125e-02
9.049344062805175781e-02
9.271287918090820312e-02
9.444236755371093750e-02
9.622550010681152344e-02
9.338951110839843750e-02
9.295821189880371094e-02
2.157421112060546875e-01
8.402109146118164062e-02
8.851695060729980469e-02
9.483695030212402344e-02
8.546185493469238281e-02
9.434008598327636719e-02
9.450721740722656250e-02
9.177017211914062500e-02
9.334039688110351562e-02
9.442496299743652344e-02
9.375119209289550781e-02
9.946537017822265625e-02
9.759044647216796875e-02
9.357810020446777344e-02
9.515142440795898438e-02
9.888792037963867188e-02
1.803429126739501953e-01
1.400804519653320312e-01
9.038090705871582031e-02
9.032773971557617188e-02
9.195804595947265625e-02
9.635615348815917969e-02
1.327128410339355469e-01
9.736514091491699219e-02
1.401827335357666016e-01
9.266018867492675781e-02
9.169602394104003906e-02
9.344172477722167969e-02
1.625564098358154297e-01
9.498620033264160156e-02
9.782648086547851562e-02
9.223866462707519531e-02
9.095144271850585938e-02
9.293866157531738281e-02
1.682190895080566406e-01
9.213471412658691406e-02
9.265732765197753906e-02
9.904170036315917969e-02
9.341073036193847656e-02
9.424710273742675781e-02
1.744401454925537109e-01
1.743071079254150391e-01
9.267663955688476562e-02
1.802184581756591797e-01
1.420259475708007812e-01
1.719377040863037109e-01
1.341624259948730469e-01
1.662447452545166016e-01
9.564638137817382812e-02
9.107542037963867188e-02
9.641265869140625000e-02
9.484338760375976562e-02
9.336185455322265625e-02
9.573578834533691406e-02
9.400510787963867188e-02
9.124660491943359375e-02
9.592413902282714844e-02
1.370849609375000000e-01
9.103584289550781250e-02
9.148311614990234375e-02
9.199810028076171875e-02
9.136128425598144531e-02
9.890127182006835938e-02
9.598517417907714844e-02
9.233760833740234375e-02
1.695587635040283203e-01
1.667857170104980469e-01
1.707301139831542969e-01
1.721863746643066406e-01
1.682932376861572266e-01
1.696369647979736328e-01
1.693692207336425781e-01
8.673143386840820312e-02
1.819963455200195312e-01
1.794817447662353516e-01
1.727862358093261719e-01
1.726574897766113281e-01
1.757116317749023438e-01
1.750469207763671875e-01
1.795735359191894531e-01
1.199235916137695312e-01
9.749794006347656250e-02
9.619355201721191406e-02
9.875774383544921875e-02
1.020064353942871094e-01
1.003592014312744141e-01
9.560060501098632812e-02
9.964823722839355469e-02
9.432601928710937500e-02
1.743857860565185547e-01
1.752634048461914062e-01
1.684405803680419922e-01
1.735472679138183594e-01
1.695561408996582031e-01
1.726775169372558594e-01
1.704821586608886719e-01
1.712944507598876953e-01
1.724619865417480469e-01
1.706328392028808594e-01
1.706871986389160156e-01
1.685757637023925781e-01
1.683712005615234375e-01
1.717054843902587891e-01
1.711173057556152344e-01
1.710271835327148438e-01
1.758716106414794922e-01
1.703126430511474609e-01
1.768870353698730469e-01
1.717114448547363281e-01
1.552197933197021484e-01
9.404492378234863281e-02
9.219789505004882812e-02
9.545874595642089844e-02
9.702801704406738281e-02
9.563279151916503906e-02
9.456396102905273438e-02
9.398007392883300781e-02
9.178209304809570312e-02
9.364485740661621094e-02
1.019132137298583984e-01
9.629893302917480469e-02
9.076166152954101562e-02
9.537267684936523438e-02
1.108648777008056641e-01
9.973812103271484375e-02
9.642720222473144531e-02
1.655302047729492188e-01
1.377506256103515625e-01
9.358620643615722656e-02
9.055304527282714844e-02
1.699454784393310547e-01
1.806054115295410156e-01
1.422686576843261719e-01
1.382827758789062500e-01
1.751589775085449219e-01
1.392509937286376953e-01
1.699402332305908203e-01
1.650002002716064453e-01
9.360885620117187500e-02
1.691346168518066406e-01
1.583933830261230469e-01
1.755857467651367188e-01
9.467339515686035156e-02
9.307241439819335938e-02
9.280443191528320312e-02
9.344959259033203125e-02
1.709415912628173828e-01
1.506552696228027344e-01
1.649785041809082031e-01
1.613342761993408203e-01
1.666345596313476562e-01
9.750843048095703125e-02
9.540748596191406250e-02
9.237551689147949219e-02
9.352207183837890625e-02
9.730815887451171875e-02
1.682937145233154297e-01
1.722867488861083984e-01
1.054553985595703125e-01
1.645596027374267578e-01
1.717565059661865234e-01
1.829164028167724609e-01
1.746394634246826172e-01
1.044015884399414062e-01
1.687986850738525391e-01
1.006488800048828125e-01
8.541393280029296875e-02
8.816313743591308594e-02
1.660892963409423828e-01
1.159768104553222656e-01
9.166455268859863281e-02
9.136295318603515625e-02
8.979582786560058594e-02
9.121322631835937500e-02
9.269976615905761719e-02
1.679458618164062500e-01
1.808042526245117188e-01
1.174101829528808594e-01
1.007220745086669922e-01
1.313517093658447266e-01
1.157593727111816406e-01
1.257436275482177734e-01
1.652371883392333984e-01
1.650302410125732422e-01
9.609484672546386719e-02
9.711694717407226562e-02
9.396100044250488281e-02
9.281873703002929688e-02
8.882451057434082031e-02
9.048342704772949219e-02
9.207820892333984375e-02
9.284305572509765625e-02
9.212899208068847656e-02
9.139990806579589844e-02
1.656844615936279297e-01
1.634278297424316406e-01
9.718132019042968750e-02
9.630823135375976562e-02
1.707680225372314453e-01
1.758000850677490234e-01
1.763598918914794922e-01
1.699671745300292969e-01
1.550838947296142578e-01
1.694872379302978516e-01
1.395943164825439453e-01
9.111022949218750000e-02
1.695153713226318359e-01
1.691226959228515625e-01
9.505033493041992188e-02
9.330558776855468750e-02
1.647624969482421875e-01
1.410319805145263672e-01
9.524869918823242188e-02
9.160947799682617188e-02
1.139211654663085938e-01
1.681518554687500000e-01
1.707222461700439453e-01
1.789159774780273438e-01
1.654543876647949219e-01
1.630046367645263672e-01
1.552188396453857422e-01
1.650798320770263672e-01
8.940076828002929688e-02
9.212350845336914062e-02
1.003286838531494141e-01
9.410786628723144531e-02
9.130287170410156250e-02
9.353971481323242188e-02
8.949899673461914062e-02
8.849644660949707031e-02
9.588003158569335938e-02
1.221866607666015625e-01
9.283542633056640625e-02
1.586170196533203125e-01
9.284830093383789062e-02
4.694366455078125000e-02
1.046137809753417969e-01
1.091594696044921875e-01
9.843230247497558594e-02
1.153945922851562500e-01
1.016483306884765625e-01
9.937047958374023438e-02
9.516644477844238281e-02
9.325671195983886719e-02
9.648060798645019531e-02
1.783070564270019531e-01
1.012110710144042969e-01
1.024837493896484375e-01
1.027967929840087891e-01
1.053264141082763672e-01
1.026153564453125000e-01
1.021063327789306641e-01
1.106476783752441406e-01
9.898686408996582031e-02
1.742060184478759766e-01
1.686530113220214844e-01
1.720170974731445312e-01
1.690518856048583984e-01
9.767007827758789062e-02
9.487986564636230469e-02
9.474849700927734375e-02
9.787201881408691406e-02
9.666085243225097656e-02
9.461140632629394531e-02
8.949351310729980469e-02
1.000525951385498047e-01
1.000075340270996094e-01
9.071063995361328125e-02
9.106397628784179688e-02
9.743690490722656250e-02
1.839919090270996094e-01
1.878216266632080078e-01
1.816658973693847656e-01
1.802678108215332031e-01
1.763427257537841797e-01
1.849355697631835938e-01
1.477522850036621094e-01
1.704971790313720703e-01
1.741683483123779297e-01
1.370944976806640625e-01
1.683855056762695312e-01
1.618731021881103516e-01
1.764948368072509766e-01
1.061646938323974609e-01
9.963226318359375000e-02
1.134455204010009766e-01
1.045050621032714844e-01
9.448742866516113281e-02
9.759688377380371094e-02
9.377884864807128906e-02
9.250879287719726562e-02
9.218215942382812500e-02
9.499049186706542969e-02
9.773111343383789062e-02
9.790611267089843750e-02
9.940576553344726562e-02
9.381842613220214844e-02
1.733860969543457031e-01
1.670088768005371094e-01
1.707723140716552734e-01
1.612560749053955078e-01
9.424948692321777344e-02
9.615802764892578125e-02
1.059346199035644531e-01
9.816455841064453125e-02
1.067049503326416016e-01
9.749484062194824219e-02
9.504437446594238281e-02
9.968709945678710938e-02
1.031265258789062500e-01
1.001358032226562500e-01
9.990906715393066406e-02
9.423089027404785156e-02
9.149694442749023438e-02
8.983564376831054688e-02
9.092783927917480469e-02
9.199643135070800781e-02
8.601880073547363281e-02
8.797860145568847656e-02
8.774805068969726562e-02
8.924746513366699219e-02
9.142208099365234375e-02
8.562731742858886719e-02
9.490227699279785156e-02
9.496068954467773438e-02
9.697628021240234375e-02
9.303283691406250000e-02
9.214496612548828125e-02
9.291863441467285156e-02
9.470796585083007812e-02
9.034848213195800781e-02
8.707952499389648438e-02
8.770823478698730469e-02
8.995437622070312500e-02
9.140992164611816406e-02
9.210753440856933594e-02
9.327006340026855469e-02
9.516930580139160156e-02
9.295535087585449219e-02
9.541153907775878906e-02
8.873867988586425781e-02
8.900880813598632812e-02
9.042716026306152344e-02
9.407830238342285156e-02
9.428191184997558594e-02
9.023451805114746094e-02
9.648776054382324219e-02
9.831023216247558594e-02
9.295725822448730469e-02
9.473848342895507812e-02
9.492731094360351562e-02
1.796686649322509766e-01
1.790215969085693359e-01
1.719300746917724609e-01
1.731815338134765625e-01
1.732115745544433594e-01
1.675982475280761719e-01
8.798980712890625000e-02
8.951807022094726562e-02
8.817076683044433594e-02
9.013485908508300781e-02
9.815073013305664062e-02
9.001445770263671875e-02
1.715927124023437500e-01
1.721258163452148438e-01
1.779997348785400391e-01
1.386263370513916016e-01
9.515452384948730469e-02
1.544747352600097656e-01
8.834385871887207031e-02
8.983063697814941406e-02
9.181952476501464844e-02
9.242224693298339844e-02
9.586858749389648438e-02
9.153056144714355469e-02
9.123873710632324219e-02
8.908891677856445312e-02
8.986377716064453125e-02
9.237575531005859375e-02
9.045195579528808594e-02
1.756217479705810547e-01
1.625220775604248047e-01
9.640121459960937500e-02
9.780573844909667969e-02
9.644103050231933594e-02
9.554219245910644531e-02
1.003367900848388672e-01
9.353160858154296875e-02
9.217905998229980469e-02
9.122204780578613281e-02
9.331703186035156250e-02
9.540414810180664062e-02
1.510462760925292969e-01
8.857965469360351562e-02
9.207677841186523438e-02
9.041714668273925781e-02
8.856272697448730469e-02
9.161949157714843750e-02
5.256843566894531250e-02
1.039552688598632812e-01
1.048507690429687500e-01
1.034994125366210938e-01
9.975433349609375000e-02
1.087825298309326172e-01
9.948158264160156250e-02
1.734485626220703125e-01
9.694766998291015625e-02
9.474372863769531250e-02
9.539031982421875000e-02
1.664443016052246094e-01
1.041097640991210938e-01
9.581065177917480469e-02
9.703111648559570312e-02
1.726679801940917969e-01
9.477210044860839844e-02
1.819152832031250000e-01
1.734819412231445312e-01
9.935736656188964844e-02
9.764981269836425781e-02
9.517192840576171875e-02
9.909629821777343750e-02
9.148740768432617188e-02
8.398079872131347656e-02
9.205150604248046875e-02
1.688737869262695312e-01
1.720900535583496094e-01
1.153495311737060547e-01
8.816432952880859375e-02
9.290146827697753906e-02
8.957886695861816406e-02
9.005022048950195312e-02
8.917975425720214844e-02
8.930420875549316406e-02
9.015965461730957031e-02
1.656801700592041016e-01
1.724247932434082031e-01
1.729350090026855469e-01
1.729035377502441406e-01
1.727466583251953125e-01
1.729724407196044922e-01
1.641786098480224609e-01
1.390314102172851562e-01
9.318351745605468750e-02
1.001615524291992188e-01
9.354043006896972656e-02
9.382629394531250000e-02
9.453868865966796875e-02
9.843230247497558594e-02
9.610342979431152344e-02
9.044671058654785156e-02
9.279274940490722656e-02
8.760023117065429688e-02
1.798169612884521484e-01
1.716525554656982422e-01
1.718292236328125000e-01
9.247565269470214844e-02
9.127449989318847656e-02
9.256458282470703125e-02
9.204506874084472656e-02
9.409737586975097656e-02
1.767868995666503906e-01
9.591984748840332031e-02
9.031248092651367188e-02
1.823251247406005859e-01
1.697242259979248047e-01
1.741876602172851562e-01
1.682412624359130859e-01
1.687829494476318359e-01
1.752858161926269531e-01
1.686439514160156250e-01
9.298539161682128906e-02
9.569787979125976562e-02
1.708378791809082031e-01
1.713976860046386719e-01
1.707406044006347656e-01
1.696488857269287109e-01
1.677162647247314453e-01
1.701090335845947266e-01
1.426737308502197266e-01
9.151387214660644531e-02
9.068560600280761719e-02
9.334349632263183594e-02
9.159731864929199219e-02
1.602647304534912109e-01
9.045338630676269531e-02
9.105563163757324219e-02
1.722538471221923828e-01
1.606702804565429688e-01
9.364724159240722656e-02
9.035229682922363281e-02
9.274363517761230469e-02
9.341645240783691406e-02
9.079194068908691406e-02
9.240031242370605469e-02
9.228134155273437500e-02
9.080410003662109375e-02
9.146595001220703125e-02
9.606504440307617188e-02
8.852291107177734375e-02
8.754730224609375000e-02
8.883643150329589844e-02
9.058260917663574219e-02
1.685762405395507812e-01
1.643183231353759766e-01
1.671755313873291016e-01
1.667568683624267578e-01
1.651546955108642578e-01
1.639349460601806641e-01
1.706616878509521484e-01
1.642088890075683594e-01
9.372925758361816406e-02
2.472729682922363281e-01
9.193515777587890625e-02
1.621611118316650391e-01
1.683075428009033203e-01
1.036736965179443359e-01
9.042453765869140625e-02
9.724879264831542969e-02
9.515547752380371094e-02
9.004926681518554688e-02
9.741306304931640625e-02
9.642338752746582031e-02
9.371948242187500000e-02
9.268617630004882812e-02
9.196424484252929688e-02
9.170579910278320312e-02
9.087753295898437500e-02
9.164452552795410156e-02
8.936405181884765625e-02
9.250307083129882812e-02
9.282088279724121094e-02
9.153771400451660156e-02
9.355330467224121094e-02
9.074187278747558594e-02
9.395670890808105469e-02
9.326577186584472656e-02
9.501910209655761719e-02
8.971548080444335938e-02
1.693558692932128906e-01
1.709179878234863281e-01
9.270620346069335938e-02
9.161543846130371094e-02
9.205746650695800781e-02
9.524011611938476562e-02
9.267091751098632812e-02
1.650061607360839844e-01
1.587054729461669922e-01
1.599714756011962891e-01
9.863972663879394531e-02
9.634685516357421875e-02
9.524130821228027344e-02
1.679692268371582031e-01
1.686260700225830078e-01
1.675908565521240234e-01
1.670777797698974609e-01
1.628019809722900391e-01
1.575186252593994141e-01
1.013631820678710938e-01
9.146165847778320312e-02
8.735394477844238281e-02
9.447455406188964844e-02
4.669499397277832031e-02
1.005301475524902344e-01
1.004896163940429688e-01
1.748175621032714844e-01
1.009197235107421875e-01
1.054115295410156250e-01
1.023895740509033203e-01
1.000902652740478516e-01
9.972453117370605469e-02
1.009886264801025391e-01
1.035237312316894531e-01
1.007666587829589844e-01
1.013455390930175781e-01
1.048476696014404297e-01
9.898734092712402344e-02
9.855270385742187500e-02
1.012990474700927734e-01
9.920167922973632812e-02
9.908580780029296875e-02
9.834265708923339844e-02
1.006529331207275391e-01
1.026549339294433594e-01
9.836387634277343750e-02
9.903764724731445312e-02
9.782743453979492188e-02
1.005604267120361328e-01
9.874963760375976562e-02
9.979248046875000000e-02
1.000871658325195312e-01
1.794660091400146484e-01
1.794657707214355469e-01
1.809699535369873047e-01
1.770424842834472656e-01
1.752774715423583984e-01
1.748721599578857422e-01
1.733541488647460938e-01
1.787862777709960938e-01
1.567878723144531250e-01
9.899568557739257812e-02
1.008653640747070312e-01
9.588599205017089844e-02
9.902477264404296875e-02
9.671401977539062500e-02
9.670543670654296875e-02
9.869265556335449219e-02
1.017386913299560547e-01
9.812760353088378906e-02
9.740948677062988281e-02
9.367251396179199219e-02
9.637665748596191406e-02
9.498429298400878906e-02
1.735835075378417969e-01
1.710777282714843750e-01
1.726062297821044922e-01
1.672661304473876953e-01
9.385585784912109375e-02
9.531331062316894531e-02
9.416437149047851562e-02
9.003710746765136719e-02
9.091067314147949219e-02
9.280109405517578125e-02
9.607148170471191406e-02
8.953523635864257812e-02
9.016799926757812500e-02
9.171247482299804688e-02
8.931756019592285156e-02
9.130024909973144531e-02
9.230303764343261719e-02
8.985471725463867188e-02
8.933782577514648438e-02
9.061765670776367188e-02
8.830809593200683594e-02
8.674669265747070312e-02
8.935046195983886719e-02
8.920741081237792969e-02
8.808279037475585938e-02
9.120845794677734375e-02
9.402108192443847656e-02
8.990573883056640625e-02
8.912849426269531250e-02
9.182500839233398438e-02
8.947896957397460938e-02
9.175348281860351562e-02
8.880233764648437500e-02
8.963346481323242188e-02
9.514784812927246094e-02
8.857417106628417969e-02
8.771824836730957031e-02
9.033226966857910156e-02
9.022736549377441406e-02
9.529948234558105469e-02
9.659528732299804688e-02
9.376525878906250000e-02
9.244394302368164062e-02
9.006190299987792969e-02
9.209203720092773438e-02
9.148573875427246094e-02
1.643500328063964844e-01
1.555891036987304688e-01
9.119319915771484375e-02
9.438800811767578125e-02
9.294199943542480469e-02
9.439611434936523438e-02
9.591317176818847656e-02
9.362459182739257812e-02
1.618001461029052734e-01
9.250140190124511719e-02
8.893823623657226562e-02
1.654505729675292969e-01
1.671676635742187500e-01
1.045067310333251953e-01
9.178519248962402344e-02
9.147953987121582031e-02
9.457039833068847656e-02
9.417176246643066406e-02
8.993005752563476562e-02
9.111475944519042969e-02
8.747577667236328125e-02
1.552360057830810547e-01
1.595556735992431641e-01
1.613445281982421875e-01
1.431467533111572266e-01
8.800864219665527344e-02
8.901858329772949219e-02
1.638464927673339844e-01
1.508507728576660156e-01
1.559956073760986328e-01
8.735656738281250000e-02
8.911442756652832031e-02
1.591911315917968750e-01
1.593303680419921875e-01
8.911395072937011719e-02
9.327578544616699219e-02
1.187350749969482422e-01
8.705711364746093750e-02
8.958649635314941406e-02
1.678144931793212891e-01
1.636059284210205078e-01
9.096503257751464844e-02
8.888173103332519531e-02
8.927440643310546875e-02
1.696147918701171875e-01
1.224212646484375000e-01
1.604640483856201172e-01
1.064729690551757812e-01
9.080481529235839844e-02
1.554038524627685547e-01
1.650109291076660156e-01
1.375195980072021484e-01
9.002566337585449219e-02
9.543633460998535156e-02
9.025835990905761719e-02
8.810019493103027344e-02
9.075188636779785156e-02
9.062290191650390625e-02
9.220743179321289062e-02
9.037256240844726562e-02
8.656120300292968750e-02
8.620977401733398438e-02
9.250521659851074219e-02
8.767461776733398438e-02
9.197092056274414062e-02
8.892083168029785156e-02
4.701781272888183594e-02
1.006391048431396484e-01
1.025741100311279297e-01
1.015472412109375000e-01
1.004703044891357422e-01
9.713673591613769531e-02
1.009290218353271484e-01
9.654831886291503906e-02
9.866881370544433594e-02
9.768700599670410156e-02
9.276127815246582031e-02
1.009857654571533203e-01
9.252238273620605469e-02
1.004834175109863281e-01
9.577846527099609375e-02
1.751122474670410156e-01
9.580993652343750000e-02
9.724760055541992188e-02
9.868979454040527344e-02
9.736776351928710938e-02
9.584069252014160156e-02
9.922552108764648438e-02
9.606599807739257812e-02
9.545564651489257812e-02
9.562730789184570312e-02
9.762787818908691406e-02
9.395813941955566406e-02
9.535908699035644531e-02
9.561681747436523438e-02
9.790325164794921875e-02
9.647536277770996094e-02
1.610200405120849609e-01
9.792995452880859375e-02
9.326195716857910156e-02
1.786923408508300781e-01
1.497871875762939453e-01
1.169438362121582031e-01
9.692621231079101562e-02
9.614443778991699219e-02
9.110379219055175781e-02
9.605431556701660156e-02
9.402298927307128906e-02
9.810662269592285156e-02
9.889698028564453125e-02
9.306144714355468750e-02
9.572291374206542969e-02
9.497833251953125000e-02
9.296011924743652344e-02
9.411430358886718750e-02
9.796071052551269531e-02
9.447336196899414062e-02
9.523367881774902344e-02
9.505248069763183594e-02
9.533262252807617188e-02
9.530854225158691406e-02
9.851145744323730469e-02
9.301614761352539062e-02
9.399676322937011719e-02
9.239220619201660156e-02
9.481263160705566406e-02
9.276199340820312500e-02
9.546184539794921875e-02
9.374737739562988281e-02
9.536743164062500000e-02
9.647059440612792969e-02
9.303712844848632812e-02
9.251809120178222656e-02
9.780693054199218750e-02
9.240794181823730469e-02
9.468579292297363281e-02
9.400725364685058594e-02
9.144902229309082031e-02
9.440851211547851562e-02
9.444355964660644531e-02
9.680819511413574219e-02
9.723949432373046875e-02
9.567260742187500000e-02
1.042222976684570312e-01
1.732487678527832031e-01
1.689078807830810547e-01
1.643579006195068359e-01
1.698915958404541016e-01
1.621377468109130859e-01
1.843588352203369141e-01
1.738867759704589844e-01
9.712004661560058594e-02
9.801268577575683594e-02
1.023468971252441406e-01
9.734463691711425781e-02
9.949755668640136719e-02
1.015450954437255859e-01
1.019151210784912109e-01
9.685158729553222656e-02
1.034941673278808594e-01
1.012895107269287109e-01
9.076428413391113281e-02
9.223842620849609375e-02
9.986591339111328125e-02
9.725260734558105469e-02
1.755504608154296875e-01
1.765832901000976562e-01
9.690380096435546875e-02
9.975028038024902344e-02
1.722326278686523438e-01
1.736171245574951172e-01
1.665861606597900391e-01
1.780574321746826172e-01
1.723885536193847656e-01
1.779315471649169922e-01
1.762242317199707031e-01
1.692087650299072266e-01
1.694774627685546875e-01
1.704037189483642578e-01
1.696097850799560547e-01
1.678087711334228516e-01
1.627545356750488281e-01
1.717994213104248047e-01
1.733853816986083984e-01
9.655308723449707031e-02
9.869575500488281250e-02
9.951639175415039062e-02
9.991431236267089844e-02
9.729957580566406250e-02
9.978985786437988281e-02
9.995698928833007812e-02
9.472036361694335938e-02
9.507322311401367188e-02
9.726929664611816406e-02
9.501409530639648438e-02
9.808158874511718750e-02
1.018939018249511719e-01
1.624655723571777344e-01
1.732807159423828125e-01
1.709284782409667969e-01
9.646844863891601562e-02
1.394064426422119141e-01
1.634323596954345703e-01
9.292006492614746094e-02
8.823418617248535156e-02
9.879302978515625000e-02
9.804010391235351562e-02
1.666705608367919922e-01
1.711404323577880859e-01
9.112548828125000000e-02
9.573483467102050781e-02
9.395956993103027344e-02
9.396195411682128906e-02
1.711912155151367188e-01
1.748893260955810547e-01
1.689727306365966797e-01
1.674351692199707031e-01
1.596579551696777344e-01
9.131431579589843750e-02
9.635519981384277344e-02
9.369015693664550781e-02
9.675908088684082031e-02
9.660649299621582031e-02
9.592866897583007812e-02
1.133370399475097656e+00
9.006237983703613281e-02
9.599566459655761719e-02
9.294056892395019531e-02
1.012215614318847656e-01
4.714965820312500000e-02
1.074502468109130859e-01
1.057176589965820312e-01
1.855123043060302734e-01
1.872916221618652344e-01
1.837015151977539062e-01
1.015996932983398438e-01
1.002190113067626953e-01
1.000463962554931641e-01
1.759877204895019531e-01
1.729686260223388672e-01
1.743292808532714844e-01
1.694450378417968750e-01
1.740026473999023438e-01
1.742613315582275391e-01
1.746015548706054688e-01
1.692850589752197266e-01
9.760260581970214844e-02
9.602260589599609375e-02
1.016745567321777344e-01
9.163951873779296875e-02
9.467744827270507812e-02
1.010692119598388672e-01
1.748006343841552734e-01
1.800777912139892578e-01
1.694817543029785156e-01
9.126019477844238281e-02
1.007275581359863281e-01
9.413647651672363281e-02
9.413266181945800781e-02
1.681156158447265625e-01
1.497628688812255859e-01
9.365677833557128906e-02
8.838081359863281250e-02
9.534645080566406250e-02
9.112119674682617188e-02
1.703107357025146484e-01
1.751713752746582031e-01
1.791429519653320312e-01
1.744718551635742188e-01
1.706345081329345703e-01
1.697413921356201172e-01
1.775276660919189453e-01
1.840965747833251953e-01
1.480820178985595703e-01
9.182429313659667969e-02
9.727334976196289062e-02
1.601357460021972656e-01
1.568140983581542969e-01
1.628670692443847656e-01
1.289861202239990234e-01
1.610779762268066406e-01
1.679654121398925781e-01
1.473238468170166016e-01
1.402873992919921875e-01
8.985161781311035156e-02
8.917737007141113281e-02
8.694458007812500000e-02
8.835577964782714844e-02
9.422969818115234375e-02
8.998703956604003906e-02
9.127092361450195312e-02
9.137678146362304688e-02
9.248089790344238281e-02
8.717560768127441406e-02
9.129524230957031250e-02
9.049415588378906250e-02
1.643993854522705078e-01
9.078931808471679688e-02
8.745598793029785156e-02
8.855891227722167969e-02
8.941245079040527344e-02
9.141039848327636719e-02
9.021067619323730469e-02
1.606607437133789062e-01
8.916330337524414062e-02
1.423287391662597656e-01
9.764647483825683594e-02
9.406256675720214844e-02
9.165382385253906250e-02
1.660594940185546875e-01
1.612739562988281250e-01
1.679177284240722656e-01
1.172170639038085938e-01
9.106206893920898438e-02
9.237337112426757812e-02
9.142637252807617188e-02
9.303116798400878906e-02
9.304594993591308594e-02
9.185338020324707031e-02
9.112215042114257812e-02
1.297085285186767578e-01
8.893370628356933594e-02
8.781147003173828125e-02
8.736586570739746094e-02
8.976054191589355469e-02
8.946013450622558594e-02
8.629798889160156250e-02
9.064388275146484375e-02
1.712665557861328125e-01
1.659417152404785156e-01
1.633582115173339844e-01
1.593117713928222656e-01
1.615390777587890625e-01
1.623337268829345703e-01
1.563551425933837891e-01
1.629841327667236328e-01
1.682083606719970703e-01
1.642336845397949219e-01
1.597955226898193359e-01
1.292998790740966797e-01
8.730363845825195312e-02
9.690332412719726562e-02
1.668472290039062500e-01
8.734393119812011719e-02
8.933186531066894531e-02
8.861398696899414062e-02
8.773899078369140625e-02
9.152889251708984375e-02
8.635401725769042969e-02
9.008193016052246094e-02
8.782339096069335938e-02
9.631276130676269531e-02
1.575849056243896484e-01
9.102225303649902344e-02
9.061455726623535156e-02
9.154343605041503906e-02
9.566378593444824219e-02
9.663224220275878906e-02
9.160304069519042969e-02
9.189629554748535156e-02
1.667919158935546875e-01
1.531023979187011719e-01
1.652286052703857422e-01
1.612012386322021484e-01
8.515334129333496094e-02
1.562812328338623047e-01
1.646156311035156250e-01
1.584658622741699219e-01
8.908820152282714844e-02
8.689832687377929688e-02
8.858132362365722656e-02
1.626546382904052734e-01
1.690411567687988281e-01
1.656138896942138672e-01
1.586828231811523438e-01
1.569523811340332031e-01
8.752822875976562500e-02
9.386420249938964844e-02
9.051394462585449219e-02
1.669602394104003906e-01
1.581649780273437500e-01
1.658594608306884766e-01
1.664142608642578125e-01
8.986210823059082031e-02
9.093117713928222656e-02
9.431815147399902344e-02
8.985066413879394531e-02
8.835864067077636719e-02
9.251785278320312500e-02
9.249615669250488281e-02
8.926987648010253906e-02
9.156727790832519531e-02
8.755159378051757812e-02
1.839618682861328125e-01
1.702563762664794922e-01
1.028389930725097656e-01
9.923386573791503906e-02
1.010692119598388672e-01
9.588170051574707031e-02
1.018373966217041016e-01
9.956121444702148438e-02
9.899401664733886719e-02
1.833322048187255859e-01
1.800031661987304688e-01
1.736238002777099609e-01
1.761004924774169922e-01
2.621388435363769531e-01
9.574580192565917969e-02
9.519171714782714844e-02
9.418010711669921875e-02
9.822058677673339844e-02
9.931015968322753906e-02
1.761372089385986328e-01
9.726572036743164062e-02
9.768247604370117188e-02
9.185528755187988281e-02
1.702845096588134766e-01
1.783130168914794922e-01
1.744418144226074219e-01
9.427618980407714844e-02
9.526801109313964844e-02
9.241771697998046875e-02
9.222626686096191406e-02
1.451973915100097656e-01
9.921073913574218750e-02
1.024034023284912109e-01
9.696245193481445312e-02
9.964704513549804688e-02
9.724879264831542969e-02
9.396696090698242188e-02
9.582805633544921875e-02
9.516859054565429688e-02
9.507608413696289062e-02
9.444117546081542969e-02
9.414434432983398438e-02
9.312677383422851562e-02
1.742324829101562500e-01
1.755928993225097656e-01
1.800355911254882812e-01
9.424638748168945312e-02
1.753280162811279297e-01
1.750705242156982422e-01
1.738557815551757812e-01
1.788349151611328125e-01
1.768112182617187500e-01
1.784403324127197266e-01
1.789052486419677734e-01
1.758551597595214844e-01
1.737351417541503906e-01
1.753697395324707031e-01
1.740596294403076172e-01
9.434294700622558594e-02
1.505980491638183594e-01
9.817123413085937500e-02
9.983897209167480469e-02
9.867835044860839844e-02
1.014912128448486328e-01
1.814596652984619141e-01
1.737244129180908203e-01
9.801244735717773438e-02
9.298372268676757812e-02
9.668588638305664062e-02
9.443640708923339844e-02
9.591770172119140625e-02
9.380078315734863281e-02
9.417271614074707031e-02
9.395480155944824219e-02
9.512066841125488281e-02
9.151816368103027344e-02
9.170699119567871094e-02
9.464526176452636719e-02
1.006357669830322266e-01
1.682612895965576172e-01
1.672067642211914062e-01
1.622035503387451172e-01
9.636187553405761719e-02
1.000359058380126953e-01
1.005287170410156250e-01
1.666543483734130859e-01
1.659142971038818359e-01
1.707406044006347656e-01
1.711277961730957031e-01
1.730561256408691406e-01
1.677277088165283203e-01
1.608448028564453125e-01
1.697082519531250000e-01
1.611986160278320312e-01
1.776430606842041016e-01
1.737835407257080078e-01
1.658296585083007812e-01
1.709582805633544922e-01
1.049311161041259766e-01
9.832096099853515625e-02
9.968233108520507812e-02
1.028277873992919922e-01
1.005582809448242188e-01
9.594988822937011719e-02
9.421181678771972656e-02
9.471559524536132812e-02
9.609055519104003906e-02
9.693574905395507812e-02
9.518766403198242188e-02
1.673026084899902344e-01
1.733410358428955078e-01
1.798181533813476562e-01
1.806023120880126953e-01
1.622490882873535156e-01
1.741876602172851562e-01
1.730780601501464844e-01
1.841115951538085938e-01
1.780002117156982422e-01
1.818282604217529297e-01
1.779034137725830078e-01
1.825902462005615234e-01
1.778964996337890625e-01
9.202456474304199219e-02
9.511685371398925781e-02
9.360313415527343750e-02
9.884476661682128906e-02
1.028416156768798828e-01
9.795331954956054688e-02
1.676144599914550781e-01
1.667973995208740234e-01
1.455426216125488281e-01
9.610319137573242188e-02
8.866143226623535156e-02
9.054255485534667969e-02
9.053492546081542969e-02
9.442210197448730469e-02
1.686868667602539062e-01
1.707949638366699219e-01
1.702113151550292969e-01
1.493914127349853516e-01
8.850669860839843750e-02
1.143863201141357422e-01
1.620478630065917969e-01
1.638286113739013672e-01
1.584534645080566406e-01
9.044647216796875000e-02
9.007692337036132812e-02
1.611053943634033203e-01
1.574540138244628906e-01
1.676058769226074219e-01
1.659991741180419922e-01
1.660032272338867188e-01
9.463000297546386719e-02
9.544348716735839844e-02
9.523987770080566406e-02
9.270000457763671875e-02
9.169220924377441406e-02
1.672844886779785156e-01
1.360983848571777344e-01
1.357705593109130859e-01
1.043930053710937500e-01
9.331870079040527344e-02
4.636836051940917969e-02
9.903049468994140625e-02
1.059317588806152344e-01
1.586887836456298828e-01
1.433410644531250000e-01
1.763815879821777344e-01
1.550805568695068359e-01
9.833526611328125000e-02
1.706135272979736328e-01
9.673643112182617188e-02
9.705448150634765625e-02
9.709882736206054688e-02
1.779866218566894531e-01
1.751666069030761719e-01
1.733477115631103516e-01
1.715254783630371094e-01
1.757519245147705078e-01
1.679029464721679688e-01
9.639549255371093750e-02
1.688597202301025391e-01
1.689083576202392578e-01
1.689980030059814453e-01
1.713597774505615234e-01
1.790838241577148438e-01
1.650505065917968750e-01
1.647410392761230469e-01
9.568786621093750000e-02
9.815883636474609375e-02
9.099221229553222656e-02
1.011452674865722656e-01
9.403705596923828125e-02
9.781551361083984375e-02
9.463787078857421875e-02
9.829282760620117188e-02
9.658312797546386719e-02
9.747004508972167969e-02
9.650897979736328125e-02
9.467911720275878906e-02
9.270644187927246094e-02
9.402799606323242188e-02
9.837603569030761719e-02
9.823131561279296875e-02
9.776425361633300781e-02
9.314918518066406250e-02
9.554195404052734375e-02
1.755068302154541016e-01
9.733891487121582031e-02
9.439897537231445312e-02
1.816384792327880859e-01
1.417078971862792969e-01
9.451079368591308594e-02
1.030297279357910156e-01
1.036260128021240234e-01
9.562587738037109375e-02
9.847545623779296875e-02
9.803009033203125000e-02
1.002750396728515625e-01
1.751883029937744141e-01
1.708223819732666016e-01
1.003696918487548828e-01
9.767532348632812500e-02
9.859538078308105469e-02
9.997034072875976562e-02
1.014394760131835938e-01
9.523105621337890625e-02
9.759664535522460938e-02
9.691476821899414062e-02
9.482932090759277344e-02
9.728622436523437500e-02
9.288144111633300781e-02
9.273600578308105469e-02
9.225440025329589844e-02
9.266471862792968750e-02
9.639310836791992188e-02
9.134316444396972656e-02
9.423184394836425781e-02
9.294891357421875000e-02
1.696629524230957031e-01
1.713964939117431641e-01
1.739697456359863281e-01
1.725106239318847656e-01
1.732327938079833984e-01
1.713266372680664062e-01
1.705815792083740234e-01
1.646537780761718750e-01
1.733570098876953125e-01
9.381699562072753906e-02
9.444236755371093750e-02
9.885954856872558594e-02
9.685230255126953125e-02
1.772351264953613281e-01
1.786382198333740234e-01
1.797678470611572266e-01
1.713986396789550781e-01
1.773414611816406250e-01
1.725764274597167969e-01
1.654219627380371094e-01
1.747803688049316406e-01
1.741697788238525391e-01
1.654186248779296875e-01
1.758947372436523438e-01
1.830432415008544922e-01
1.717905998229980469e-01
1.801826953887939453e-01
1.742360591888427734e-01
1.622824668884277344e-01
1.806974411010742188e-01
1.630184650421142578e-01
1.726500988006591797e-01
1.691594123840332031e-01
1.419677734375000000e-01
9.947943687438964844e-02
9.722661972045898438e-02
9.657859802246093750e-02
9.361624717712402344e-02
9.614872932434082031e-02
1.774134635925292969e-01
1.788072586059570312e-01
1.712288856506347656e-01
1.298551559448242188e-01
9.568190574645996094e-02
9.764647483825683594e-02
9.381604194641113281e-02
9.496521949768066406e-02
9.292578697204589844e-02
1.678433418273925781e-01
1.610388755798339844e-01
9.384846687316894531e-02
9.576821327209472656e-02
9.540653228759765625e-02
9.625530242919921875e-02
9.929919242858886719e-02
9.737133979797363281e-02
9.318947792053222656e-02
9.456562995910644531e-02
9.482908248901367188e-02
9.545660018920898438e-02
9.400606155395507812e-02
9.901237487792968750e-02
9.376502037048339844e-02
9.579539299011230469e-02
9.529805183410644531e-02
9.257388114929199219e-02
9.514379501342773438e-02
9.846544265747070312e-02
9.718179702758789062e-02
9.327673912048339844e-02
1.065006256103515625e-01
1.022379398345947266e-01
1.004135608673095703e-01
9.526848793029785156e-02
9.592080116271972656e-02
9.581851959228515625e-02
1.786179542541503906e-01
1.400454044342041016e-01
9.646105766296386719e-02
9.611868858337402344e-02
9.791779518127441406e-02
9.703946113586425781e-02
9.595680236816406250e-02
9.442567825317382812e-02
9.302830696105957031e-02
9.877753257751464844e-02
4.675173759460449219e-02
1.059484481811523438e-01
1.042459011077880859e-01
1.083757877349853516e-01
1.001706123352050781e-01
9.968638420104980469e-02
9.752011299133300781e-02
9.448313713073730469e-02
9.602522850036621094e-02
9.966707229614257812e-02
1.011059284210205078e-01
1.016807556152343750e-01
1.902143955230712891e-01
9.723639488220214844e-02
1.773121356964111328e-01
1.319482326507568359e-01
1.002490520477294922e-01
9.961032867431640625e-02
9.651112556457519531e-02
9.607720375061035156e-02
9.892153739929199219e-02
1.009151935577392578e-01
9.558725357055664062e-02
1.006927490234375000e-01
9.150910377502441406e-02
9.413003921508789062e-02
1.016988754272460938e-01
9.878015518188476562e-02
9.759640693664550781e-02
9.444332122802734375e-02
1.581892967224121094e-01
9.486103057861328125e-02
1.753835678100585938e-01
1.567790508270263672e-01
1.490209102630615234e-01
1.037962436676025391e-01
9.550809860229492188e-02
1.018915176391601562e-01
1.067807674407958984e-01
9.920787811279296875e-02
9.926676750183105469e-02
9.850955009460449219e-02
9.777283668518066406e-02
9.879899024963378906e-02
9.081053733825683594e-02
9.517097473144531250e-02
9.880256652832031250e-02
9.474778175354003906e-02
9.592866897583007812e-02
1.001858711242675781e-01
9.533929824829101562e-02
1.699473857879638672e-01
1.695106029510498047e-01
9.760308265686035156e-02
9.501624107360839844e-02
9.790349006652832031e-02
9.402823448181152344e-02
9.577178955078125000e-02
9.985971450805664062e-02
9.969186782836914062e-02
9.451389312744140625e-02
9.963536262512207031e-02
9.818243980407714844e-02
9.178900718688964844e-02
1.782464981079101562e-01
1.730396747589111328e-01
1.513528823852539062e-01
9.240126609802246094e-02
8.907270431518554688e-02
9.127044677734375000e-02
8.812499046325683594e-02
8.804082870483398438e-02
9.306502342224121094e-02
9.240055084228515625e-02
9.101605415344238281e-02
1.720645427703857422e-01
1.589450836181640625e-01
9.260797500610351562e-02
9.330534934997558594e-02
9.366464614868164062e-02
9.429836273193359375e-02
1.688733100891113281e-01
1.699023246765136719e-01
1.777172088623046875e-01
1.730272769927978516e-01
9.327340126037597656e-02
9.630179405212402344e-02
9.492659568786621094e-02
9.638881683349609375e-02
9.210205078125000000e-02
9.094429016113281250e-02
9.436559677124023438e-02
9.080529212951660156e-02
1.009705066680908203e-01
9.225225448608398438e-02
9.407854080200195312e-02
9.195971488952636719e-02
9.470701217651367188e-02
9.264183044433593750e-02
9.254527091979980469e-02
9.000301361083984375e-02
9.144091606140136719e-02
8.861374855041503906e-02
9.172344207763671875e-02
9.619641304016113281e-02
9.461784362792968750e-02
9.037208557128906250e-02
9.058976173400878906e-02
9.280371665954589844e-02
9.203338623046875000e-02
9.641671180725097656e-02
9.290671348571777344e-02
9.135365486145019531e-02
9.471321105957031250e-02
9.330749511718750000e-02
9.194993972778320312e-02
9.421658515930175781e-02
9.231376647949218750e-02
9.064054489135742188e-02
9.092688560485839844e-02
8.638572692871093750e-02
9.266734123229980469e-02
9.772253036499023438e-02
9.489321708679199219e-02
9.729647636413574219e-02
9.447193145751953125e-02
8.923411369323730469e-02
8.924293518066406250e-02
9.176731109619140625e-02
9.063529968261718750e-02
9.179043769836425781e-02
9.310102462768554688e-02
9.329032897949218750e-02
9.150648117065429688e-02
9.143161773681640625e-02
9.561204910278320312e-02
1.729314327239990234e-01
9.530544281005859375e-02
1.751337051391601562e-01
9.344840049743652344e-02
9.436607360839843750e-02
9.349513053894042969e-02
1.748588085174560547e-01
1.739225387573242188e-01
1.726753711700439453e-01
1.166889667510986328e-01
9.117078781127929688e-02
9.558749198913574219e-02
9.387445449829101562e-02
9.091234207153320312e-02
9.020161628723144531e-02
9.253835678100585938e-02
1.742804050445556641e-01
1.746499538421630859e-01
1.751484870910644531e-01
1.364746093750000000e-01
9.668493270874023438e-02
9.857821464538574219e-02
9.703707695007324219e-02
9.733891487121582031e-02
9.560108184814453125e-02
9.621024131774902344e-02
9.575891494750976562e-02
4.841709136962890625e-02
1.031670570373535156e-01
1.871583461761474609e-01
1.640324592590332031e-01
9.869694709777832031e-02
9.850573539733886719e-02
9.876251220703125000e-02
1.067905426025390625e-01
9.777665138244628906e-02
9.777283668518066406e-02
1.017868518829345703e-01
1.808016300201416016e-01
1.433434486389160156e-01
9.794235229492187500e-02
9.399652481079101562e-02
9.957242012023925781e-02
9.797000885009765625e-02
9.847068786621093750e-02
9.896707534790039062e-02
1.009192466735839844e-01
1.003704071044921875e-01
1.405167579650878906e-01
9.515762329101562500e-02
9.316492080688476562e-02
9.710764884948730469e-02
1.754224300384521484e-01
1.325180530548095703e-01
9.347224235534667969e-02
1.706755161285400391e-01
9.809970855712890625e-02
9.470653533935546875e-02
8.910131454467773438e-02
8.882284164428710938e-02
1.397364139556884766e-01
9.742689132690429688e-02
9.443807601928710938e-02
9.327292442321777344e-02
1.026942729949951172e-01
9.573411941528320312e-02
9.769225120544433594e-02
9.154987335205078125e-02
9.691143035888671875e-02
9.114956855773925781e-02
9.235143661499023438e-02
8.818912506103515625e-02
9.333133697509765625e-02
9.325861930847167969e-02
9.353685379028320312e-02
9.456968307495117188e-02
9.509110450744628906e-02
9.158492088317871094e-02
9.355235099792480469e-02
1.683111190795898438e-01
9.377717971801757812e-02
9.801626205444335938e-02
9.372782707214355469e-02
9.654259681701660156e-02
9.661173820495605469e-02
9.517192840576171875e-02
9.694671630859375000e-02
1.012465953826904297e-01
9.415268898010253906e-02
1.821393966674804688e-01
1.858203411102294922e-01
9.104704856872558594e-02
9.289479255676269531e-02
9.608316421508789062e-02
9.432864189147949219e-02
9.571337699890136719e-02
8.929061889648437500e-02
1.569757461547851562e-01
8.573341369628906250e-02
1.179599761962890625e-01
9.220623970031738281e-02
9.798860549926757812e-02
1.819202899932861328e-01
1.710302829742431641e-01
1.711094379425048828e-01
1.782450675964355469e-01
1.685326099395751953e-01
9.912347793579101562e-02
9.284806251525878906e-02
1.022987365722656250e-01
1.043558120727539062e-01
9.846019744873046875e-02
1.788775920867919922e-01
1.086025238037109375e-01
1.755969524383544922e-01
1.788446903228759766e-01
1.746327877044677734e-01
2.594256401062011719e-01
1.429748535156250000e-01
9.406304359436035156e-02
9.355950355529785156e-02
1.015987396240234375e-01
9.916687011718750000e-02
1.047036647796630859e-01
9.770917892456054688e-02
1.130926609039306641e-01
9.792733192443847656e-02
1.630961894989013672e-01
9.576106071472167969e-02
1.730186939239501953e-01
1.739065647125244141e-01
1.055855751037597656e-01
1.690363883972167969e-01
9.450268745422363281e-02
9.423542022705078125e-02
9.184265136718750000e-02
9.438610076904296875e-02
1.142857074737548828e-01
1.747851371765136719e-01
1.731855869293212891e-01
1.729290485382080078e-01
1.776149272918701172e-01
1.834704875946044922e-01
1.900901794433593750e-01
1.716892719268798828e-01
1.022238731384277344e-01
9.777951240539550781e-02
1.705093383789062500e-01
1.627588272094726562e-01
8.894038200378417969e-02
8.998203277587890625e-02
9.464359283447265625e-02
1.430325508117675781e-01
9.751129150390625000e-02
9.215092658996582031e-02
1.718802452087402344e-01
1.714880466461181641e-01
1.762485504150390625e-01
9.312176704406738281e-02
1.727733612060546875e-01
1.722862720489501953e-01
1.715669631958007812e-01
1.716899871826171875e-01
1.766693592071533203e-01
1.766111850738525391e-01
1.760640144348144531e-01
1.661324501037597656e-01
1.652002334594726562e-01
1.682667732238769531e-01
1.675112247467041016e-01
1.587126255035400391e-01
1.586163043975830078e-01
9.965801239013671875e-02
1.003935337066650391e-01
1.624941825866699219e-01
1.762456893920898438e-01
1.792197227478027344e-01
1.823401451110839844e-01
1.765069961547851562e-01
9.502482414245605469e-02
1.055433750152587891e-01
1.711897850036621094e-01
1.776757240295410156e-01
1.741874217987060547e-01
1.421661376953125000e-01
1.687517166137695312e-01
1.832242012023925781e-01
1.865987777709960938e-01
1.800897121429443359e-01
9.458589553833007812e-02
4.564499855041503906e-02
9.698176383972167969e-02
9.253454208374023438e-02
9.533715248107910156e-02
9.651422500610351562e-02
1.457562446594238281e-01
9.865283966064453125e-02
1.427021026611328125e-01
9.762048721313476562e-02
9.438967704772949219e-02
1.785800457000732422e-01
1.798548698425292969e-01
1.774060726165771484e-01
9.716081619262695312e-02
9.678745269775390625e-02
1.023647785186767578e-01
1.749784946441650391e-01
9.522342681884765625e-02
1.783664226531982422e-01
1.839344501495361328e-01
1.821267604827880859e-01
1.698725223541259766e-01
1.138553619384765625e-01
9.489870071411132812e-02
1.687827110290527344e-01
9.316301345825195312e-02
9.699463844299316406e-02
1.844589710235595703e-01
1.659169197082519531e-01
9.816718101501464844e-02
9.121870994567871094e-02
1.485726833343505859e-01
9.865880012512207031e-02
9.795570373535156250e-02
9.535574913024902344e-02
1.759207248687744141e-01
9.797573089599609375e-02
9.624767303466796875e-02
1.529858112335205078e-01
9.537100791931152344e-02
9.709358215332031250e-02
9.996604919433593750e-02
1.019594669342041016e-01
9.948968887329101562e-02
9.511780738830566406e-02
9.090113639831542969e-02
9.488630294799804688e-02
9.331202507019042969e-02
9.464454650878906250e-02
9.867191314697265625e-02
9.737229347229003906e-02
9.445738792419433594e-02
9.584331512451171875e-02
9.800910949707031250e-02
9.862256050109863281e-02
1.751406192779541016e-01
1.779820919036865234e-01
1.283855438232421875e-01
9.905362129211425781e-02
9.738612174987792969e-02
9.668445587158203125e-02
9.618902206420898438e-02
9.480309486389160156e-02
9.666252136230468750e-02
9.571409225463867188e-02
1.802091598510742188e-01
1.782472133636474609e-01
1.813921928405761719e-01
1.751880645751953125e-01
1.069772243499755859e-01
9.694743156433105469e-02
1.180906295776367188e-01
9.730935096740722656e-02
1.090567111968994141e-01
9.477901458740234375e-02
1.729824542999267578e-01
1.459660530090332031e-01
9.783697128295898438e-02
1.757907867431640625e-01
1.098446846008300781e-01
1.058473587036132812e-01
1.774411201477050781e-01
1.340408325195312500e-01
9.989404678344726562e-02
9.595227241516113281e-02
1.764230728149414062e-01
9.544253349304199219e-02
1.075539588928222656e-01
9.258413314819335938e-02
9.934926033020019531e-02
9.538006782531738281e-02
9.686827659606933594e-02
9.477305412292480469e-02
9.838390350341796875e-02
9.931206703186035156e-02
9.231615066528320312e-02
9.067606925964355469e-02
1.790447235107421875e-01
1.724944114685058594e-01
9.789609909057617188e-02
9.953236579895019531e-02
9.829854965209960938e-02
1.058030128479003906e-01
1.015787124633789062e-01
1.012241840362548828e-01
1.787822246551513672e-01
1.781380176544189453e-01
1.780114173889160156e-01
1.701164245605468750e-01
9.536027908325195312e-02
8.970856666564941406e-02
1.023194789886474609e-01
9.493327140808105469e-02
1.707980632781982422e-01
1.743004322052001953e-01
1.623249053955078125e-01
9.176063537597656250e-02
9.875941276550292969e-02
1.120681762695312500e-01
9.945750236511230469e-02
1.008496284484863281e-01
9.585714340209960938e-02
9.395384788513183594e-02
9.454369544982910156e-02
9.953260421752929688e-02
9.373283386230468750e-02
9.090852737426757812e-02
9.922719001770019531e-02
9.294009208679199219e-02
9.730482101440429688e-02
9.398984909057617188e-02
9.282636642456054688e-02
9.779810905456542969e-02
9.774756431579589844e-02
9.904432296752929688e-02
9.713721275329589844e-02
1.010882854461669922e-01
1.001653671264648438e-01
9.678697586059570312e-02
9.704208374023437500e-02
9.506392478942871094e-02
9.401583671569824219e-02
9.519696235656738281e-02
9.779787063598632812e-02
9.699511528015136719e-02
9.947299957275390625e-02
9.875702857971191406e-02
9.663295745849609375e-02
9.693527221679687500e-02
9.964656829833984375e-02
9.996724128723144531e-02
1.673483848571777344e-01
9.654664993286132812e-02
9.944272041320800781e-02
9.801840782165527344e-02
9.134888648986816406e-02
9.653472900390625000e-02
9.094858169555664062e-02
1.695082187652587891e-01
1.637668609619140625e-01
1.615843772888183594e-01
1.640298366546630859e-01
1.679124832153320312e-01
9.154248237609863281e-02
1.859660148620605469e-01
1.832773685455322266e-01
9.822010993957519531e-02
9.860348701477050781e-02
1.794767379760742188e-01
1.664178371429443359e-01
9.724640846252441406e-02
9.755873680114746094e-02
1.002562046051025391e-01
1.032583713531494141e-01
9.921097755432128906e-02
1.039009094238281250e-01
1.053874492645263672e-01
9.755706787109375000e-02
9.665560722351074219e-02
9.612226486206054688e-02
9.958052635192871094e-02
9.741163253784179688e-02
9.770989418029785156e-02
1.018753051757812500e-01
9.699892997741699219e-02
1.807863712310791016e-01
1.013643741607666016e-01
9.511899948120117188e-02
1.009066104888916016e-01
9.567999839782714844e-02
9.589934349060058594e-02
9.684252738952636719e-02
1.006064414978027344e-01
9.935593605041503906e-02
1.790072917938232422e-01
1.769883632659912109e-01
1.708540916442871094e-01
9.151172637939453125e-02
9.676384925842285156e-02
9.751439094543457031e-02
9.691500663757324219e-02
9.658908843994140625e-02
9.611511230468750000e-02
9.742259979248046875e-02
9.679698944091796875e-02
9.616827964782714844e-02
9.427261352539062500e-02
9.195780754089355469e-02
9.436702728271484375e-02
9.777498245239257812e-02
9.974861145019531250e-02
9.540486335754394531e-02
9.895205497741699219e-02
9.487080574035644531e-02
1.188874244689941406e-01
9.737777709960937500e-02
1.717784404754638672e-01
1.699697971343994141e-01
1.522088050842285156e-01
1.631550788879394531e-01
9.537148475646972656e-02
1.759769916534423828e-01
9.430527687072753906e-02
1.568710803985595703e-01
1.600134372711181641e-01
1.599123477935791016e-01
9.570455551147460938e-02
1.770224571228027344e-01
1.683418750762939453e-01
9.901857376098632812e-02
1.766071319580078125e-01
1.687037944793701172e-01
1.625344753265380859e-01
9.692692756652832031e-02
1.065182685852050781e-01
9.973311424255371094e-02
1.631379127502441406e-01
9.624505043029785156e-02
1.769201755523681641e-01
1.826550960540771484e-01
1.109633445739746094e-01
1.173660755157470703e-01
1.064462661743164062e-01
1.038930416107177734e-01
1.027011871337890625e-01
9.571862220764160156e-02
9.546852111816406250e-02
9.919786453247070312e-02
9.732770919799804688e-02
9.760427474975585938e-02
9.545445442199707031e-02
9.667301177978515625e-02
9.594964981079101562e-02
1.003563404083251953e-01
9.666633605957031250e-02
1.009509563446044922e-01
9.095096588134765625e-02
9.557008743286132812e-02
1.704270839691162109e-01
1.340847015380859375e-01
1.653220653533935547e-01
1.062278747558593750e-01
1.665179729461669922e-01
9.576988220214843750e-02
1.021733283996582031e-01
9.601092338562011719e-02
9.878444671630859375e-02
9.548974037170410156e-02
9.902691841125488281e-02
9.462285041809082031e-02
9.261441230773925781e-02
1.016116142272949219e-01
1.023259162902832031e-01
9.821701049804687500e-02
1.050629615783691406e-01
1.761550903320312500e-01
1.766326427459716797e-01
1.006019115447998047e-01
9.496402740478515625e-02
1.184442043304443359e-01
1.091935634613037109e-01
9.510207176208496094e-02
1.013576984405517578e-01
9.547519683837890625e-02
9.467506408691406250e-02
9.719777107238769531e-02
1.683988571166992188e-01
1.729500293731689453e-01
1.665360927581787109e-01
1.644637584686279297e-01
1.725547313690185547e-01
9.485220909118652344e-02
1.655976772308349609e-01
8.995652198791503906e-02
9.656929969787597656e-02
1.603198051452636719e-01
1.460123062133789062e-01
1.001920700073242188e-01
9.752082824707031250e-02
9.704709053039550781e-02
9.481382369995117188e-02
9.755921363830566406e-02
1.740481853485107422e-01
1.769738197326660156e-01
1.172237396240234375e-01
1.070735454559326172e-01
1.776866912841796875e-01
1.638610363006591797e-01
1.673951148986816406e-01
1.701185703277587891e-01
1.742308139801025391e-01
1.740627288818359375e-01
9.960818290710449219e-02
1.575632095336914062e-01
1.761662960052490234e-01
1.830852031707763672e-01
1.776244640350341797e-01
1.721115112304687500e-01
1.719229221343994141e-01
1.675126552581787109e-01
1.010551452636718750e-01
1.696064472198486328e-01
9.618306159973144531e-02
9.178876876831054688e-02
1.714572906494140625e-01
1.732664108276367188e-01
5.245542526245117188e-02
1.112434864044189453e-01
1.921880245208740234e-01
1.829791069030761719e-01
1.024122238159179688e-01
1.504042148590087891e-01
1.048531532287597656e-01
1.042616367340087891e-01
9.690046310424804688e-02
9.883594512939453125e-02
1.087024211883544922e-01
1.107683181762695312e-01
9.741234779357910156e-02
1.056547164916992188e-01
1.062228679656982422e-01
1.022624969482421875e-01
1.036617755889892578e-01
1.015679836273193359e-01
1.035926342010498047e-01
1.824569702148437500e-01
1.827712059020996094e-01
1.883203983306884766e-01
1.859705448150634766e-01
1.802484989166259766e-01
1.838650703430175781e-01
1.828958988189697266e-01
1.808354854583740234e-01
1.813809871673583984e-01
1.072099208831787109e-01
1.021692752838134766e-01
9.510850906372070312e-02
9.978437423706054688e-02
1.011824607849121094e-01
9.723281860351562500e-02
9.572720527648925781e-02
9.231066703796386719e-02
9.804844856262207031e-02
9.630918502807617188e-02
9.599947929382324219e-02
9.874558448791503906e-02
1.004347801208496094e-01
1.037549972534179688e-01
9.397482872009277344e-02
9.815859794616699219e-02
9.936642646789550781e-02
1.077563762664794922e-01
1.837861537933349609e-01
1.785228252410888672e-01
1.769523620605468750e-01
1.002326011657714844e-01
9.714913368225097656e-02
9.961843490600585938e-02
9.350681304931640625e-02
1.410691738128662109e-01
9.559583663940429688e-02
1.051273345947265625e-01
9.589672088623046875e-02
1.872971057891845703e-01
1.746346950531005859e-01
1.709597110748291016e-01
1.651136875152587891e-01
9.732842445373535156e-02
9.361982345581054688e-02
9.643769264221191406e-02
1.742613315582275391e-01
1.813676357269287109e-01
1.691129207611083984e-01
1.382949352264404297e-01
1.009235382080078125e-01
9.811162948608398438e-02
9.699487686157226562e-02
9.862184524536132812e-02
9.695816040039062500e-02
9.774112701416015625e-02
9.378433227539062500e-02
9.828233718872070312e-02
9.641981124877929688e-02
9.488034248352050781e-02
1.441180706024169922e-01
9.397554397583007812e-02
8.893561363220214844e-02
9.607839584350585938e-02
1.755852699279785156e-01
9.438681602478027344e-02
9.119844436645507812e-02
9.032201766967773438e-02
9.713411331176757812e-02
9.943604469299316406e-02
1.000058650970458984e-01
1.606757640838623047e-01
9.608864784240722656e-02
1.725363731384277344e-01
9.179854393005371094e-02
9.494256973266601562e-02
1.736633777618408203e-01
9.962964057922363281e-02
9.512329101562500000e-02
1.726386547088623047e-01
1.587622165679931641e-01
8.820843696594238281e-02
9.414696693420410156e-02
9.491825103759765625e-02
1.674251556396484375e-01
1.720054149627685547e-01
1.696786880493164062e-01
1.702024936676025391e-01
1.710503101348876953e-01
9.121322631835937500e-02
1.079413890838623047e-01
9.804201126098632812e-02
1.007936000823974609e-01
1.733798980712890625e-01
1.721565723419189453e-01
1.632714271545410156e-01
1.579082012176513672e-01
9.842324256896972656e-02
9.767174720764160156e-02
1.738343238830566406e-01
1.773426532745361328e-01
9.465646743774414062e-02
1.705715656280517578e-01
9.387278556823730469e-02
9.823513031005859375e-02
1.657407283782958984e-01
1.594223976135253906e-01
9.480428695678710938e-02
1.010923385620117188e-01
1.737258434295654297e-01
1.621706485748291016e-01
9.033727645874023438e-02
8.788633346557617188e-02
8.906435966491699219e-02
