9.045982360839843750e-02
1.645767688751220703e-01
1.620397567749023438e-01
1.647117137908935547e-01
1.535921096801757812e-01
8.862566947937011719e-02
8.967471122741699219e-02
8.762121200561523438e-02
9.568333625793457031e-02
1.620092391967773438e-01
1.640758514404296875e-01
1.663386821746826172e-01
1.668131351470947266e-01
8.502125740051269531e-02
1.558160781860351562e-01
9.093403816223144531e-02
8.776283264160156250e-02
1.656651496887207031e-01
1.690335273742675781e-01
1.396381855010986328e-01
8.966851234436035156e-02
8.926320075988769531e-02
1.461868286132812500e-01
1.316816806793212891e-01
1.725330352783203125e-01
1.671936511993408203e-01
1.760883331298828125e-01
1.597313880920410156e-01
1.670064926147460938e-01
1.683194637298583984e-01
1.694743633270263672e-01
9.423184394836425781e-02
9.912872314453125000e-02
1.016585826873779297e-01
1.510915756225585938e-01
9.546017646789550781e-02
1.609861850738525391e-01
9.183549880981445312e-02
9.302091598510742188e-02
9.098792076110839844e-02
9.251165390014648438e-02
8.982443809509277344e-02
8.861184120178222656e-02
9.503793716430664062e-02
9.183549880981445312e-02
1.295030117034912109e-01
1.299633979797363281e-01
1.642682552337646484e-01
1.713204383850097656e-01
1.417889595031738281e-01
1.699364185333251953e-01
1.112048625946044922e-01
1.611721515655517578e-01
9.737157821655273438e-02
9.254693984985351562e-02
9.399080276489257812e-02
8.999419212341308594e-02
9.274744987487792969e-02
9.145593643188476562e-02
8.757448196411132812e-02
9.300374984741210938e-02
9.137988090515136719e-02
8.965587615966796875e-02
9.157633781433105469e-02
8.755111694335937500e-02
9.006953239440917969e-02
9.062266349792480469e-02
8.881163597106933594e-02
8.962821960449218750e-02
8.963489532470703125e-02
8.686423301696777344e-02
8.695125579833984375e-02
8.928775787353515625e-02
9.083938598632812500e-02
9.177637100219726562e-02
9.027791023254394531e-02
9.151792526245117188e-02
8.920955657958984375e-02
9.284687042236328125e-02
9.254288673400878906e-02
9.142684936523437500e-02
9.824991226196289062e-02
1.743509769439697266e-01
9.279251098632812500e-02
8.974194526672363281e-02
9.079003334045410156e-02
1.761949062347412109e-01
1.717431545257568359e-01
1.352741718292236328e-01
1.707246303558349609e-01
1.661059856414794922e-01
1.566300392150878906e-01
2.692692279815673828e-01
1.676785945892333984e-01
1.649267673492431641e-01
1.737649440765380859e-01
1.690244674682617188e-01
1.621057987213134766e-01
1.565001010894775391e-01
1.751782894134521484e-01
1.683557033538818359e-01
1.589717864990234375e-01
1.727154254913330078e-01
1.694591045379638672e-01
1.706171035766601562e-01
1.734504699707031250e-01
9.289216995239257812e-02
1.693146228790283203e-01
1.103348731994628906e-01
1.638824939727783203e-01
1.808733940124511719e-01
1.284325122833251953e-01
9.537315368652343750e-02
9.466910362243652344e-02
9.624409675598144531e-02
1.599705219268798828e-01
1.689915657043457031e-01
1.732826232910156250e-01
9.323811531066894531e-02
1.744916439056396484e-01
1.705052852630615234e-01
1.645700931549072266e-01
1.646182537078857422e-01
1.324760913848876953e-01
1.729218959808349609e-01
9.693264961242675781e-02
9.751534461975097656e-02
9.172296524047851562e-02
9.824514389038085938e-02
9.376215934753417969e-02
1.723487377166748047e-01
1.706216335296630859e-01
1.736719608306884766e-01
1.681032180786132812e-01
1.706373691558837891e-01
1.697154045104980469e-01
1.350798606872558594e-01
9.209609031677246094e-02
9.436035156250000000e-02
9.214448928833007812e-02
9.365034103393554688e-02
9.655094146728515625e-02
1.010177135467529297e-01
9.613156318664550781e-02
9.383058547973632812e-02
9.254550933837890625e-02
9.144735336303710938e-02
9.011173248291015625e-02
1.577067375183105469e-01
1.476573944091796875e-01
1.671121120452880859e-01
1.685793399810791016e-01
1.694350242614746094e-01
1.663126945495605469e-01
1.709315776824951172e-01
1.423292160034179688e-01
1.661581993103027344e-01
1.711978912353515625e-01
1.688015460968017578e-01
1.661009788513183594e-01
1.666331291198730469e-01
1.490612030029296875e-01
8.719301223754882812e-02
1.804490089416503906e-01
1.751697063446044922e-01
9.605979919433593750e-02
8.943819999694824219e-02
1.765723228454589844e-01
1.713340282440185547e-01
1.390891075134277344e-01
1.782112121582031250e-01
1.786036491394042969e-01
1.801636219024658203e-01
1.812505722045898438e-01
1.843945980072021484e-01
1.452970504760742188e-01
9.551191329956054688e-02
9.752964973449707031e-02
1.745133399963378906e-01
1.294660568237304688e-01
9.971761703491210938e-02
9.753704071044921875e-02
9.556341171264648438e-02
1.744000911712646484e-01
1.791179180145263672e-01
1.749112606048583984e-01
1.715841293334960938e-01
1.692595481872558594e-01
1.755337715148925781e-01
1.735174655914306641e-01
9.843063354492187500e-02
1.716020107269287109e-01
1.656453609466552734e-01
1.278004646301269531e-01
9.742975234985351562e-02
9.581112861633300781e-02
9.581494331359863281e-02
9.581661224365234375e-02
9.240174293518066406e-02
9.350895881652832031e-02
1.804673671722412109e-01
1.783134937286376953e-01
1.757905483245849609e-01
1.662962436676025391e-01
1.760585308074951172e-01
1.519289016723632812e-01
1.760044097900390625e-01
1.742825508117675781e-01
1.706888675689697266e-01
1.715288162231445312e-01
1.654405593872070312e-01
1.778402328491210938e-01
1.053311824798583984e-01
1.171519756317138672e-01
1.063477993011474609e-01
9.914469718933105469e-02
9.744834899902343750e-02
1.426391601562500000e-01
1.753287315368652344e-01
1.686329841613769531e-01
9.109139442443847656e-02
9.850192070007324219e-02
9.796094894409179688e-02
1.426861286163330078e-01
9.519004821777343750e-02
9.742093086242675781e-02
9.821772575378417969e-02
1.694173812866210938e-01
1.587743759155273438e-01
1.738774776458740234e-01
1.575682163238525391e-01
1.447281837463378906e-01
1.734480857849121094e-01
9.558844566345214844e-02
1.769056320190429688e-01
1.591026782989501953e-01
1.683914661407470703e-01
1.697378158569335938e-01
1.757524013519287109e-01
1.744086742401123047e-01
1.598839759826660156e-01
1.715700626373291016e-01
1.791059970855712891e-01
1.670444011688232422e-01
1.782650947570800781e-01
1.799678802490234375e-01
1.130177974700927734e-01
1.239500045776367188e-01
1.076741218566894531e-01
1.048600673675537109e-01
1.765222549438476562e-01
1.834495067596435547e-01
1.002664566040039062e-01
1.411228179931640625e-01
1.696465015411376953e-01
1.024143695831298828e-01
1.582357883453369141e-01
1.412386894226074219e-01
9.766936302185058594e-02
9.126186370849609375e-02
9.683156013488769531e-02
9.237241744995117188e-02
1.083509922027587891e-01
9.930610656738281250e-02
9.349107742309570312e-02
1.471238136291503906e-01
1.072983741760253906e-01
1.066298484802246094e-01
1.345975399017333984e-01
1.781899929046630859e-01
1.828289031982421875e-01
1.734061241149902344e-01
1.612854003906250000e-01
9.220790863037109375e-02
1.020777225494384766e-01
1.019408702850341797e-01
9.944653511047363281e-02
9.694790840148925781e-02
1.499423980712890625e-01
1.600441932678222656e-01
1.566231250762939453e-01
1.680254936218261719e-01
1.695477962493896484e-01
1.695730686187744141e-01
1.566345691680908203e-01
1.664247512817382812e-01
1.682977676391601562e-01
1.740899085998535156e-01
1.725046634674072266e-01
1.724238395690917969e-01
1.779215335845947266e-01
1.500546932220458984e-01
1.690971851348876953e-01
1.741969585418701172e-01
1.657330989837646484e-01
1.634001731872558594e-01
1.730964183807373047e-01
1.725411415100097656e-01
1.789114475250244141e-01
1.413080692291259766e-01
9.233403205871582031e-02
9.182167053222656250e-02
1.014235019683837891e-01
9.568548202514648438e-02
1.488530635833740234e-01
9.726977348327636719e-02
1.028330326080322266e-01
1.780052185058593750e-01
1.726214885711669922e-01
1.358330249786376953e-01
9.211850166320800781e-02
1.026785373687744141e-01
1.603047847747802734e-01
1.720581054687500000e-01
1.628468036651611328e-01
1.677820682525634766e-01
1.679291725158691406e-01
1.657357215881347656e-01
1.645812988281250000e-01
1.631920337677001953e-01
1.748118400573730469e-01
1.783559322357177734e-01
1.425879001617431641e-01
1.634433269500732422e-01
1.714785099029541016e-01
9.022307395935058594e-02
1.772165298461914062e-01
1.036343574523925781e-01
9.966611862182617188e-02
1.165745258331298828e-01
1.019473075866699219e-01
9.551167488098144531e-02
9.936904907226562500e-02
9.545993804931640625e-02
1.005833148956298828e-01
1.740934848785400391e-01
1.726741790771484375e-01
1.816625595092773438e-01
1.744256019592285156e-01
1.788034439086914062e-01
1.073393821716308594e-01
1.042814254760742188e-01
1.106262207031250000e-01
1.687951087951660156e-01
1.706643104553222656e-01
1.703803539276123047e-01
1.560299396514892578e-01
1.565022468566894531e-01
9.581756591796875000e-02
9.912133216857910156e-02
9.706926345825195312e-02
1.793212890625000000e-01
1.710853576660156250e-01
1.607902050018310547e-01
1.689846515655517578e-01
1.723434925079345703e-01
1.344418525695800781e-01
9.562349319458007812e-02
8.943629264831542969e-02
9.477353096008300781e-02
1.872696876525878906e-01
1.865036487579345703e-01
1.880881786346435547e-01
1.806206703186035156e-01
1.755287647247314453e-01
1.857948303222656250e-01
1.451072692871093750e-01
1.683115959167480469e-01
1.674575805664062500e-01
1.636831760406494141e-01
1.671562194824218750e-01
1.122527122497558594e-01
9.898519515991210938e-02
1.724910736083984375e-01
1.758744716644287109e-01
1.136338710784912109e-01
1.002266407012939453e-01
1.799495220184326172e-01
1.801173686981201172e-01
1.718969345092773438e-01
1.695852279663085938e-01
1.747858524322509766e-01
1.686139106750488281e-01
1.742219924926757812e-01
1.751806735992431641e-01
1.666204929351806641e-01
1.719152927398681641e-01
9.645557403564453125e-02
9.953904151916503906e-02
1.746108531951904297e-01
1.666250228881835938e-01
1.598811149597167969e-01
1.587398052215576172e-01
1.035900115966796875e-01
1.744897365570068359e-01
1.662194728851318359e-01
1.647276878356933594e-01
1.736266613006591797e-01
1.574335098266601562e-01
1.691477298736572266e-01
1.817688941955566406e-01
1.578214168548583984e-01
9.429740905761718750e-02
1.698913574218750000e-01
1.671981811523437500e-01
1.651177406311035156e-01
1.652498245239257812e-01
1.726226806640625000e-01
1.095633506774902344e-01
8.912301063537597656e-02
1.612634658813476562e-01
1.677930355072021484e-01
1.384289264678955078e-01
1.653585433959960938e-01
1.691977977752685547e-01
1.727232933044433594e-01
1.291947364807128906e-01
1.672463417053222656e-01
1.347632408142089844e-01
9.880113601684570312e-02
1.683149337768554688e-01
1.659469604492187500e-01
1.555154323577880859e-01
1.687684059143066406e-01
1.722738742828369141e-01
1.673526763916015625e-01
1.506614685058593750e-01
1.627955436706542969e-01
9.602022171020507812e-02
9.231138229370117188e-02
1.634125709533691406e-01
1.646044254302978516e-01
1.674337387084960938e-01
1.659581661224365234e-01
1.676990985870361328e-01
1.672787666320800781e-01
1.681127548217773438e-01
1.569485664367675781e-01
1.425783634185791016e-01
1.738820075988769531e-01
1.661567687988281250e-01
1.803493499755859375e-01
1.762578487396240234e-01
1.735942363739013672e-01
1.743764877319335938e-01
1.767432689666748047e-01
1.756808757781982422e-01
1.676456928253173828e-01
1.667678356170654297e-01
1.673007011413574219e-01
1.657075881958007812e-01
1.649270057678222656e-01
1.649627685546875000e-01
1.739220619201660156e-01
1.423180103302001953e-01
1.800014972686767578e-01
1.421942710876464844e-01
1.016192436218261719e-01
1.016187667846679688e-01
1.655681133270263672e-01
1.690151691436767578e-01
1.329720020294189453e-01
1.681911945343017578e-01
1.700029373168945312e-01
1.654732227325439453e-01
1.624302864074707031e-01
1.538543701171875000e-01
9.271478652954101562e-02
1.667797565460205078e-01
1.645293235778808594e-01
9.351539611816406250e-02
9.818434715270996094e-02
9.164166450500488281e-02
9.341430664062500000e-02
9.657883644104003906e-02
9.247875213623046875e-02
9.481287002563476562e-02
9.445071220397949219e-02
9.206724166870117188e-02
8.674216270446777344e-02
9.386539459228515625e-02
1.636950969696044922e-01
1.738507747650146484e-01
1.480026245117187500e-01
1.107900142669677734e-01
1.008870601654052734e-01
1.620528697967529297e-01
1.045405864715576172e-01
4.976558685302734375e-02
1.020784378051757812e-01
1.077778339385986328e-01
1.026191711425781250e-01
1.836590766906738281e-01
1.583340167999267578e-01
1.733436584472656250e-01
9.750461578369140625e-02
9.909582138061523438e-02
9.349131584167480469e-02
1.744539737701416016e-01
1.658258438110351562e-01
1.617586612701416016e-01
1.588201522827148438e-01
1.724936962127685547e-01
1.780438423156738281e-01
1.557834148406982422e-01
1.343092918395996094e-01
1.024620532989501953e-01
1.412849426269531250e-01
9.654259681701660156e-02
9.751343727111816406e-02
1.004989147186279297e-01
9.551167488098144531e-02
1.698446273803710938e-01
1.716108322143554688e-01
1.648056507110595703e-01
1.527717113494873047e-01
1.672236919403076172e-01
1.166975498199462891e-01
9.061479568481445312e-02
1.695961952209472656e-01
1.684355735778808594e-01
1.700859069824218750e-01
1.679310798645019531e-01
1.328790187835693359e-01
9.343075752258300781e-02
9.346079826354980469e-02
9.233188629150390625e-02
9.300255775451660156e-02
9.609460830688476562e-02
9.282898902893066406e-02
9.391760826110839844e-02
9.527301788330078125e-02
1.620960235595703125e-01
9.545230865478515625e-02
9.444236755371093750e-02
9.554123878479003906e-02
9.028697013854980469e-02
9.729671478271484375e-02
9.643864631652832031e-02
8.897209167480468750e-02
9.073734283447265625e-02
9.262657165527343750e-02
9.302473068237304688e-02
9.551119804382324219e-02
9.955120086669921875e-02
1.718993186950683594e-01
1.721973419189453125e-01
1.508548259735107422e-01
1.649935245513916016e-01
1.483530998229980469e-01
1.711997985839843750e-01
1.753909587860107422e-01
1.713228225708007812e-01
1.780931949615478516e-01
1.440312862396240234e-01
9.500956535339355469e-02
9.690356254577636719e-02
9.606170654296875000e-02
9.396815299987792969e-02
9.724593162536621094e-02
9.439563751220703125e-02
9.656262397766113281e-02
9.308838844299316406e-02
9.579849243164062500e-02
9.547281265258789062e-02
9.508562088012695312e-02
9.551143646240234375e-02
9.531259536743164062e-02
9.806323051452636719e-02
9.145975112915039062e-02
9.669470787048339844e-02
1.668651103973388672e-01
1.606762409210205078e-01
1.656880378723144531e-01
1.635329723358154297e-01
1.678006649017333984e-01
1.758189201354980469e-01
1.731851100921630859e-01
1.717193126678466797e-01
1.648676395416259766e-01
1.728277206420898438e-01
1.714727878570556641e-01
1.692011356353759766e-01
1.752395629882812500e-01
1.319007873535156250e-01
9.390234947204589844e-02
9.269881248474121094e-02
9.264254570007324219e-02
9.208202362060546875e-02
9.284257888793945312e-02
1.717193126678466797e-01
1.673498153686523438e-01
9.796333312988281250e-02
9.553122520446777344e-02
9.225678443908691406e-02
9.138250350952148438e-02
9.119367599487304688e-02
9.081578254699707031e-02
9.619164466857910156e-02
9.524536132812500000e-02
1.693921089172363281e-01
1.555776596069335938e-01
1.670930385589599609e-01
1.679553985595703125e-01
1.462981700897216797e-01
1.653513908386230469e-01
1.673743724822998047e-01
1.760988235473632812e-01
1.479942798614501953e-01
1.713943481445312500e-01
1.587622165679931641e-01
1.481943130493164062e-01
1.696503162384033203e-01
1.719741821289062500e-01
1.718304157257080078e-01
1.707081794738769531e-01
1.664462089538574219e-01
1.696367263793945312e-01
1.760475635528564453e-01
1.724600791931152344e-01
1.714768409729003906e-01
1.705334186553955078e-01
1.460766792297363281e-01
1.678643226623535156e-01
1.310839653015136719e-01
9.485411643981933594e-02
9.447693824768066406e-02
9.367394447326660156e-02
1.699321269989013672e-01
1.757197380065917969e-01
1.713578701019287109e-01
1.708052158355712891e-01
1.801099777221679688e-01
1.686749458312988281e-01
1.701858043670654297e-01
1.636624336242675781e-01
1.629695892333984375e-01
2.398240566253662109e-01
8.899474143981933594e-02
9.225153923034667969e-02
1.748445034027099609e-01
1.696758270263671875e-01
1.688246726989746094e-01
1.666541099548339844e-01
1.667022705078125000e-01
1.701934337615966797e-01
9.497356414794921875e-02
1.770577430725097656e-01
1.457185745239257812e-01
1.587162017822265625e-01
1.539974212646484375e-01
8.805060386657714844e-02
1.791470050811767578e-01
1.882617473602294922e-01
1.774861812591552734e-01
1.023037433624267578e-01
1.047666072845458984e-01
9.940052032470703125e-02
1.009418964385986328e-01
1.034104824066162109e-01
9.772181510925292969e-02
9.904837608337402344e-02
1.817834377288818359e-01
1.917293071746826172e-01
1.778948307037353516e-01
1.806304454803466797e-01
1.842820644378662109e-01
1.799187660217285156e-01
1.645152568817138672e-01
1.616199016571044922e-01
1.438548564910888672e-01
1.885528564453125000e-01
1.861124038696289062e-01
1.739833354949951172e-01
1.768062114715576172e-01
1.758198738098144531e-01
1.746304035186767578e-01
1.755526065826416016e-01
1.600790023803710938e-01
1.768112182617187500e-01
1.769082546234130859e-01
1.792147159576416016e-01
1.728780269622802734e-01
1.504840850830078125e-01
1.615092754364013672e-01
1.747486591339111328e-01
1.359722614288330078e-01
1.791877746582031250e-01
1.438879966735839844e-01
1.772770881652832031e-01
1.780362129211425781e-01
1.875488758087158203e-01
1.736991405487060547e-01
1.746246814727783203e-01
1.798636913299560547e-01
1.548230648040771484e-01
1.823477745056152344e-01
1.759085655212402344e-01
1.408135890960693359e-01
9.966731071472167969e-02
1.809742450714111328e-01
1.393547058105468750e-01
9.322905540466308594e-02
1.008322238922119141e-01
9.650802612304687500e-02
9.337973594665527344e-02
9.697961807250976562e-02
1.807491779327392578e-01
1.399886608123779297e-01
9.254217147827148438e-02
1.672284603118896484e-01
1.752700805664062500e-01
1.444222927093505859e-01
9.424471855163574219e-02
9.604120254516601562e-02
9.153318405151367188e-02
9.245896339416503906e-02
9.359097480773925781e-02
1.018564701080322266e-01
1.785953044891357422e-01
1.814069747924804688e-01
1.800854206085205078e-01
1.766669750213623047e-01
1.730272769927978516e-01
1.745569705963134766e-01
1.624259948730468750e-01
9.325480461120605469e-02
1.642763614654541016e-01
9.546923637390136719e-02
1.666557788848876953e-01
1.625659465789794922e-01
1.809887886047363281e-01
1.787381172180175781e-01
1.798431873321533203e-01
1.445081233978271484e-01
1.805257797241210938e-01
1.808164119720458984e-01
1.725285053253173828e-01
1.787631511688232422e-01
1.746754646301269531e-01
1.764307022094726562e-01
1.714010238647460938e-01
1.018128395080566406e-01
9.596610069274902344e-02
9.741830825805664062e-02
1.675739288330078125e-01
1.456227302551269531e-01
1.645777225494384766e-01
9.166908264160156250e-02
9.385204315185546875e-02
1.781322956085205078e-01
1.842265129089355469e-01
1.860454082489013672e-01
1.560423374176025391e-01
9.330558776855468750e-02
9.412980079650878906e-02
9.890460968017578125e-02
9.431624412536621094e-02
8.800220489501953125e-02
8.963942527770996094e-02
9.324359893798828125e-02
1.718361377716064453e-01
9.691333770751953125e-02
9.194135665893554688e-02
9.445381164550781250e-02
9.785747528076171875e-02
9.383392333984375000e-02
9.453630447387695312e-02
1.609065532684326172e-01
1.203939914703369141e-01
9.022617340087890625e-02
9.260749816894531250e-02
9.444832801818847656e-02
1.737871170043945312e-01
1.703591346740722656e-01
8.931231498718261719e-02
8.981108665466308594e-02
9.142637252807617188e-02
1.641466617584228516e-01
1.493678092956542969e-01
9.119844436645507812e-02
9.311366081237792969e-02
9.211635589599609375e-02
9.245300292968750000e-02
9.360671043395996094e-02
1.421315670013427734e-01
9.647583961486816406e-02
1.817157268524169922e-01
1.707096099853515625e-01
1.667232513427734375e-01
1.634588241577148438e-01
9.312677383422851562e-02
9.242892265319824219e-02
9.854865074157714844e-02
9.419894218444824219e-02
9.244036674499511719e-02
9.407281875610351562e-02
9.081339836120605469e-02
9.411764144897460938e-02
8.757400512695312500e-02
8.832550048828125000e-02
1.633009910583496094e-01
1.493589878082275391e-01
1.662006378173828125e-01
9.871196746826171875e-02
9.475779533386230469e-02
9.763813018798828125e-02
1.671617031097412109e-01
1.521186828613281250e-01
1.704089641571044922e-01
1.374595165252685547e-01
1.672608852386474609e-01
1.508960723876953125e-01
1.600594520568847656e-01
5.026364326477050781e-02
1.038980484008789062e-01
1.037375926971435547e-01
9.984064102172851562e-02
1.845726966857910156e-01
1.770713329315185547e-01
9.861946105957031250e-02
9.893870353698730469e-02
9.998965263366699219e-02
9.846997261047363281e-02
9.383678436279296875e-02
9.897232055664062500e-02
9.657311439514160156e-02
1.019272804260253906e-01
1.712703704833984375e-01
9.032845497131347656e-02
9.881377220153808594e-02
9.970307350158691406e-02
1.767995357513427734e-01
1.705489158630371094e-01
1.771903038024902344e-01
1.595120429992675781e-01
9.616446495056152344e-02
1.568424701690673828e-01
1.736843585968017578e-01
1.760723590850830078e-01
1.731934547424316406e-01
1.837549209594726562e-01
1.748032569885253906e-01
1.709423065185546875e-01
1.762259006500244141e-01
1.726675033569335938e-01
1.723036766052246094e-01
1.573612689971923828e-01
1.786541938781738281e-01
1.789109706878662109e-01
1.609272956848144531e-01
1.628892421722412109e-01
1.584136486053466797e-01
1.672403812408447266e-01
1.677181720733642578e-01
1.565022468566894531e-01
1.737227439880371094e-01
1.662549972534179688e-01
1.653490066528320312e-01
1.636242866516113281e-01
1.671085357666015625e-01
1.598787307739257812e-01
1.622159481048583984e-01
1.721467971801757812e-01
1.621181964874267578e-01
1.438963413238525391e-01
1.659660339355468750e-01
1.572473049163818359e-01
9.372234344482421875e-02
9.336829185485839844e-02
1.671309471130371094e-01
1.698715686798095703e-01
1.362371444702148438e-01
1.719260215759277344e-01
1.688325405120849609e-01
1.693267822265625000e-01
1.047618389129638672e-01
9.604501724243164062e-02
1.594114303588867188e-01
1.527330875396728516e-01
1.702575683593750000e-01
1.591432094573974609e-01
1.694145202636718750e-01
1.610903739929199219e-01
1.665239334106445312e-01
1.691441535949707031e-01
1.668081283569335938e-01
1.729595661163330078e-01
1.703207492828369141e-01
1.587092876434326172e-01
1.790907382965087891e-01
1.238298416137695312e-01
1.321544647216796875e-01
1.729702949523925781e-01
9.525585174560546875e-02
9.393596649169921875e-02
9.343647956848144531e-02
1.848940849304199219e-01
1.629953384399414062e-01
9.746670722961425781e-02
9.196162223815917969e-02
9.880113601684570312e-02
9.310698509216308594e-02
9.623026847839355469e-02
1.640343666076660156e-01
1.769335269927978516e-01
1.757493019104003906e-01
1.730811595916748047e-01
1.694569587707519531e-01
1.687977313995361328e-01
1.690595149993896484e-01
1.699528694152832031e-01
1.509804725646972656e-01
9.232401847839355469e-02
9.623742103576660156e-02
9.256935119628906250e-02
9.382510185241699219e-02
9.796380996704101562e-02
9.526157379150390625e-02
9.251022338867187500e-02
9.153485298156738281e-02
9.411692619323730469e-02
9.456300735473632812e-02
9.237289428710937500e-02
9.513998031616210938e-02
9.391951560974121094e-02
9.315085411071777344e-02
8.995318412780761719e-02
9.449434280395507812e-02
9.542322158813476562e-02
9.298324584960937500e-02
1.657538414001464844e-01
1.765060424804687500e-01
1.769945621490478516e-01
1.788938045501708984e-01
1.767005920410156250e-01
1.772420406341552734e-01
1.758091449737548828e-01
1.746995449066162109e-01
1.599280834197998047e-01
1.009843349456787109e-01
9.928035736083984375e-02
1.613330841064453125e-01
9.616994857788085938e-02
9.831261634826660156e-02
9.676146507263183594e-02
1.680400371551513672e-01
1.700229644775390625e-01
1.707446575164794922e-01
1.395812034606933594e-01
1.662385463714599609e-01
1.648192405700683594e-01
1.642181873321533203e-01
9.537339210510253906e-02
9.293174743652343750e-02
1.620359420776367188e-01
9.381628036499023438e-02
1.673972606658935547e-01
9.148359298706054688e-02
9.313654899597167969e-02
9.140539169311523438e-02
1.669881343841552734e-01
1.688070297241210938e-01
1.672129631042480469e-01
9.344124794006347656e-02
9.233140945434570312e-02
9.391117095947265625e-02
9.293580055236816406e-02
9.596991539001464844e-02
9.521293640136718750e-02
9.138226509094238281e-02
1.621489524841308594e-01
9.149980545043945312e-02
9.076118469238281250e-02
1.735782623291015625e-01
1.776044368743896484e-01
9.602451324462890625e-02
8.744478225708007812e-02
1.876153945922851562e-01
1.897718906402587891e-01
1.854248046875000000e-01
1.941397190093994141e-01
1.847789287567138672e-01
1.935358047485351562e-01
1.876432895660400391e-01
1.699750423431396484e-01
9.899806976318359375e-02
9.789085388183593750e-02
9.445428848266601562e-02
9.949183464050292969e-02
9.532713890075683594e-02
9.731531143188476562e-02
1.007821559906005859e-01
9.835362434387207031e-02
1.776432991027832031e-01
1.782588958740234375e-01
1.640903949737548828e-01
9.596943855285644531e-02
1.849572658538818359e-01
1.412589550018310547e-01
9.094452857971191406e-02
9.683465957641601562e-02
1.805379390716552734e-01
1.690640449523925781e-01
1.594653129577636719e-01
9.227180480957031250e-02
9.141063690185546875e-02
1.686677932739257812e-01
1.539664268493652344e-01
1.688961982727050781e-01
1.584131717681884766e-01
1.627771854400634766e-01
9.246826171875000000e-02
1.674981117248535156e-01
1.705808639526367188e-01
1.711935997009277344e-01
1.739792823791503906e-01
1.761071681976318359e-01
1.612205505371093750e-01
1.760075092315673828e-01
1.811273097991943359e-01
1.808431148529052734e-01
1.756975650787353516e-01
1.727941036224365234e-01
1.543154716491699219e-01
1.535997390747070312e-01
1.651196479797363281e-01
1.329610347747802734e-01
1.618542671203613281e-01
1.678936481475830078e-01
1.509854793548583984e-01
1.423246860504150391e-01
1.677436828613281250e-01
9.213423728942871094e-02
8.474016189575195312e-02
1.679348945617675781e-01
1.470084190368652344e-01
1.743054389953613281e-01
1.712310314178466797e-01
1.658532619476318359e-01
1.453576087951660156e-01
1.730189323425292969e-01
1.688201427459716797e-01
1.695311069488525391e-01
1.203985214233398438e-01
9.400582313537597656e-02
8.981299400329589844e-02
8.919835090637207031e-02
9.014177322387695312e-02
1.550409793853759766e-01
1.574289798736572266e-01
8.901786804199218750e-02
1.722941398620605469e-01
1.742906570434570312e-01
1.728694438934326172e-01
1.754698753356933594e-01
1.392135620117187500e-01
9.243679046630859375e-02
9.127616882324218750e-02
9.027171134948730469e-02
1.727287769317626953e-01
1.703221797943115234e-01
1.775591373443603516e-01
1.664631366729736328e-01
1.663801670074462891e-01
1.737296581268310547e-01
1.701321601867675781e-01
1.714456081390380859e-01
1.760540008544921875e-01
1.517367362976074219e-01
9.545803070068359375e-02
9.129023551940917969e-02
9.130334854125976562e-02
9.132933616638183594e-02
1.546432971954345703e-01
9.409546852111816406e-02
1.719295978546142578e-01
1.685905456542968750e-01
1.641647815704345703e-01
1.607842445373535156e-01
1.622030735015869141e-01
1.593503952026367188e-01
1.590881347656250000e-01
1.665716171264648438e-01
1.665337085723876953e-01
1.650445461273193359e-01
1.634037494659423828e-01
1.282975673675537109e-01
9.549975395202636719e-02
1.267039775848388672e-01
1.690456867218017578e-01
1.705620288848876953e-01
1.699273586273193359e-01
1.599979400634765625e-01
1.700718402862548828e-01
1.745352745056152344e-01
1.708061695098876953e-01
1.686778068542480469e-01
1.507368087768554688e-01
1.573629379272460938e-01
1.543676853179931641e-01
1.737916469573974609e-01
1.603579521179199219e-01
9.202647209167480469e-02
9.882903099060058594e-02
1.706969738006591797e-01
1.380162239074707031e-01
1.396718025207519531e-01
9.815192222595214844e-02
9.200763702392578125e-02
9.003019332885742188e-02
9.435892105102539062e-02
9.315943717956542969e-02
9.274315834045410156e-02
9.365725517272949219e-02
9.557652473449707031e-02
9.190058708190917969e-02
9.595942497253417969e-02
1.536777019500732422e-01
1.712594032287597656e-01
1.626551151275634766e-01
1.680710315704345703e-01
1.619687080383300781e-01
1.614162921905517578e-01
1.707859039306640625e-01
1.786193847656250000e-01
1.540632247924804688e-01
1.746823787689208984e-01
1.648573875427246094e-01
1.698296070098876953e-01
1.697704792022705078e-01
1.753525733947753906e-01
1.480262279510498047e-01
1.745798587799072266e-01
1.655585765838623047e-01
9.809136390686035156e-02
9.711265563964843750e-02
1.013605594635009766e-01
9.363985061645507812e-02
9.413003921508789062e-02
4.559826850891113281e-02
1.008267402648925781e-01
9.979200363159179688e-02
9.841918945312500000e-02
1.041522026062011719e-01
1.000046730041503906e-01
1.795098781585693359e-01
1.878771781921386719e-01
1.845963001251220703e-01
1.612935066223144531e-01
1.752774715423583984e-01
1.293296813964843750e-01
1.001429557800292969e-01
1.023323535919189453e-01
1.044642925262451172e-01
9.708714485168457031e-02
1.793222427368164062e-01
9.876728057861328125e-02
1.001982688903808594e-01
1.005859375000000000e-01
9.966135025024414062e-02
9.835362434387207031e-02
9.815979003906250000e-02
9.459114074707031250e-02
1.679744720458984375e-01
1.766200065612792969e-01
1.792497634887695312e-01
1.687781810760498047e-01
1.707422733306884766e-01
1.740140914916992188e-01
1.727199554443359375e-01
1.431157588958740234e-01
1.791186332702636719e-01
1.777079105377197266e-01
1.825716495513916016e-01
1.803734302520751953e-01
1.416027545928955078e-01
1.637284755706787109e-01
1.704349517822265625e-01
1.717443466186523438e-01
9.606719017028808594e-02
9.300470352172851562e-02
9.355068206787109375e-02
9.177613258361816406e-02
9.790349006652832031e-02
9.163546562194824219e-02
9.701561927795410156e-02
1.653640270233154297e-01
9.566259384155273438e-02
9.424591064453125000e-02
9.464573860168457031e-02
9.349846839904785156e-02
9.642124176025390625e-02
9.637284278869628906e-02
9.604191780090332031e-02
9.735870361328125000e-02
9.471392631530761719e-02
9.367156028747558594e-02
9.218144416809082031e-02
1.630644798278808594e-01
1.717402935028076172e-01
1.796338558197021484e-01
1.689622402191162109e-01
1.618998050689697266e-01
1.555941104888916016e-01
1.731953620910644531e-01
1.666159629821777344e-01
1.665766239166259766e-01
9.215855598449707031e-02
9.003114700317382812e-02
9.523129463195800781e-02
8.975934982299804688e-02
9.556031227111816406e-02
9.115934371948242188e-02
9.189033508300781250e-02
8.911347389221191406e-02
9.327602386474609375e-02
9.242296218872070312e-02
9.232258796691894531e-02
9.567499160766601562e-02
1.659538745880126953e-01
1.625649929046630859e-01
1.537854671478271484e-01
9.502029418945312500e-02
9.394431114196777344e-02
9.712195396423339844e-02
9.902095794677734375e-02
9.498786926269531250e-02
9.695649147033691406e-02
9.173727035522460938e-02
9.091091156005859375e-02
2.133836746215820312e-01
9.116625785827636719e-02
8.706784248352050781e-02
8.992886543273925781e-02
9.633374214172363281e-02
9.266567230224609375e-02
8.894562721252441406e-02
9.242868423461914062e-02
1.615545749664306641e-01
1.715967655181884766e-01
1.486949920654296875e-01
1.670572757720947266e-01
8.771967887878417969e-02
9.202265739440917969e-02
9.623456001281738281e-02
1.667723655700683594e-01
8.923912048339843750e-02
9.138798713684082031e-02
8.802175521850585938e-02
1.626260280609130859e-01
1.746871471405029297e-01
1.751534938812255859e-01
1.687495708465576172e-01
1.729972362518310547e-01
1.693832874298095703e-01
9.182500839233398438e-02
9.135699272155761719e-02
9.639930725097656250e-02
9.871077537536621094e-02
9.458327293395996094e-02
9.018158912658691406e-02
1.716012954711914062e-01
1.658210754394531250e-01
1.545760631561279297e-01
1.793973445892333984e-01
1.733095645904541016e-01
1.760869026184082031e-01
1.778528690338134766e-01
1.662919521331787109e-01
1.597690582275390625e-01
1.480953693389892578e-01
1.662297248840332031e-01
1.610496044158935547e-01
1.656291484832763672e-01
1.719937324523925781e-01
1.570410728454589844e-01
1.649942398071289062e-01
1.655714511871337891e-01
1.647725105285644531e-01
1.521928310394287109e-01
1.419603824615478516e-01
1.593275070190429688e-01
1.638240814208984375e-01
8.941125869750976562e-02
8.982944488525390625e-02
8.740401268005371094e-02
1.585140228271484375e-01
1.606459617614746094e-01
1.556873321533203125e-01
8.552598953247070312e-02
9.197878837585449219e-02
8.819580078125000000e-02
9.267401695251464844e-02
9.396553039550781250e-02
8.937430381774902344e-02
8.757042884826660156e-02
8.698320388793945312e-02
1.654808521270751953e-01
1.321325302124023438e-01
1.351706981658935547e-01
1.063950061798095703e-01
9.091687202453613281e-02
4.622912406921386719e-02
9.785556793212890625e-02
1.790864467620849609e-01
1.569228172302246094e-01
1.800816059112548828e-01
1.155040264129638672e-01
9.785223007202148438e-02
1.656990051269531250e-01
1.709334850311279297e-01
1.740937232971191406e-01
1.390991210937500000e-01
1.705019474029541016e-01
9.902715682983398438e-02
9.868669509887695312e-02
1.688017845153808594e-01
1.699202060699462891e-01
1.377384662628173828e-01
1.526427268981933594e-01
1.692104339599609375e-01
1.631407737731933594e-01
9.204077720642089844e-02
9.898567199707031250e-02
9.516668319702148438e-02
9.215354919433593750e-02
9.624528884887695312e-02
9.496235847473144531e-02
1.824524402618408203e-01
1.767590045928955078e-01
1.708698272705078125e-01
1.640987396240234375e-01
1.495313644409179688e-01
1.699097156524658203e-01
9.546852111816406250e-02
9.659647941589355469e-02
9.649372100830078125e-02
9.830188751220703125e-02
9.634256362915039062e-02
1.745767593383789062e-01
1.708090305328369141e-01
1.766791343688964844e-01
1.723439693450927734e-01
1.651575565338134766e-01
1.634976863861083984e-01
1.638953685760498047e-01
1.441898345947265625e-01
1.664984226226806641e-01
8.753228187561035156e-02
9.220266342163085938e-02
1.758084297180175781e-01
1.411750316619873047e-01
1.851682662963867188e-01
1.762051582336425781e-01
9.761595726013183594e-02
9.622240066528320312e-02
9.781527519226074219e-02
9.757542610168457031e-02
9.686756134033203125e-02
1.573767662048339844e-01
1.671857833862304688e-01
1.757140159606933594e-01
1.715764999389648438e-01
1.765203475952148438e-01
1.841664314270019531e-01
1.688041687011718750e-01
9.567618370056152344e-02
1.736335754394531250e-01
1.785986423492431641e-01
1.451652050018310547e-01
1.660943031311035156e-01
1.677393913269042969e-01
1.658046245574951172e-01
1.612212657928466797e-01
1.750798225402832031e-01
1.716544628143310547e-01
1.721434593200683594e-01
9.041047096252441406e-02
9.423804283142089844e-02
1.696481704711914062e-01
1.754591464996337891e-01
1.694760322570800781e-01
1.704413890838623047e-01
1.716217994689941406e-01
1.711602210998535156e-01
1.681056022644042969e-01
1.660418510437011719e-01
1.714534759521484375e-01
1.702451705932617188e-01
1.640930175781250000e-01
1.643967628479003906e-01
1.359913349151611328e-01
1.717786788940429688e-01
1.765110492706298828e-01
1.758391857147216797e-01
1.664650440216064453e-01
1.676483154296875000e-01
1.700413227081298828e-01
1.659591197967529297e-01
1.679348945617675781e-01
9.259295463562011719e-02
9.390211105346679688e-02
9.632825851440429688e-02
9.634375572204589844e-02
9.978580474853515625e-02
9.792900085449218750e-02
9.815049171447753906e-02
9.506297111511230469e-02
1.009962558746337891e-01
1.000263690948486328e-01
9.520792961120605469e-02
9.510016441345214844e-02
9.147191047668457031e-02
1.826386451721191406e-01
1.762278079986572266e-01
1.727588176727294922e-01
1.719226837158203125e-01
1.713643074035644531e-01
1.707553863525390625e-01
1.827065944671630859e-01
1.675746440887451172e-01
9.429478645324707031e-02
9.431552886962890625e-02
1.709840297698974609e-01
1.701943874359130859e-01
1.687765121459960938e-01
1.684870719909667969e-01
1.795296669006347656e-01
1.726725101470947266e-01
1.636962890625000000e-01
1.705121994018554688e-01
1.720657348632812500e-01
9.155344963073730469e-02
1.712629795074462891e-01
1.749949455261230469e-01
1.696259975433349609e-01
1.778008937835693359e-01
1.711065769195556641e-01
1.657874584197998047e-01
1.710937023162841797e-01
1.463196277618408203e-01
1.746292114257812500e-01
1.763119697570800781e-01
1.673667430877685547e-01
9.361696243286132812e-02
1.668539047241210938e-01
9.960603713989257812e-02
9.170413017272949219e-02
1.663510799407958984e-01
1.497392654418945312e-01
1.710572242736816406e-01
1.516935825347900391e-01
1.712472438812255859e-01
1.562659740447998047e-01
1.618590354919433594e-01
1.712439060211181641e-01
1.546387672424316406e-01
1.703271865844726562e-01
1.757922172546386719e-01
1.710996627807617188e-01
1.733157634735107422e-01
1.765654087066650391e-01
1.411566734313964844e-01
1.361758708953857422e-01
1.721529960632324219e-01
9.290790557861328125e-02
1.862554550170898438e-01
1.910784244537353516e-01
1.451175212860107422e-01
9.923815727233886719e-02
1.013307571411132812e-01
8.627796173095703125e-02
9.733200073242187500e-02
9.238696098327636719e-02
9.870266914367675781e-02
1.000084877014160156e-01
1.754066944122314453e-01
1.851234436035156250e-01
1.821751594543457031e-01
1.779596805572509766e-01
1.773397922515869141e-01
1.716418266296386719e-01
1.815278530120849609e-01
1.826584339141845703e-01
1.818525791168212891e-01
1.811084747314453125e-01
1.725778579711914062e-01
9.676313400268554688e-02
1.694686412811279297e-01
1.726891994476318359e-01
1.753776073455810547e-01
1.754512786865234375e-01
1.750478744506835938e-01
9.635353088378906250e-02
1.689155101776123047e-01
9.894108772277832031e-02
1.733558177947998047e-01
1.742854118347167969e-01
1.425840854644775391e-01
1.418929100036621094e-01
1.715462207794189453e-01
1.682045459747314453e-01
1.611745357513427734e-01
1.714065074920654297e-01
1.667249202728271484e-01
1.786651611328125000e-01
1.751277446746826172e-01
1.743583679199218750e-01
1.761858463287353516e-01
1.727018356323242188e-01
1.675570011138916016e-01
9.438848495483398438e-02
1.749033927917480469e-01
1.767315864562988281e-01
9.708356857299804688e-02
1.770098209381103516e-01
1.707143783569335938e-01
1.585133075714111328e-01
1.750638484954833984e-01
1.737802028656005859e-01
1.744024753570556641e-01
1.820514202117919922e-01
1.771435737609863281e-01
1.754724979400634766e-01
1.794927120208740234e-01
1.756684780120849609e-01
1.728918552398681641e-01
1.733119487762451172e-01
1.589753627777099609e-01
1.787936687469482422e-01
1.708531379699707031e-01
1.496725082397460938e-01
1.376852989196777344e-01
1.683328151702880859e-01
1.708965301513671875e-01
1.583828926086425781e-01
1.618134975433349609e-01
1.642413139343261719e-01
1.665372848510742188e-01
1.633131504058837891e-01
1.643831729888916016e-01
1.615786552429199219e-01
1.656866073608398438e-01
1.676497459411621094e-01
1.661946773529052734e-01
1.700830459594726562e-01
1.686227321624755859e-01
1.439323425292968750e-01
1.768777370452880859e-01
9.388494491577148438e-02
9.082245826721191406e-02
8.986711502075195312e-02
8.941054344177246094e-02
9.655642509460449219e-02
9.546566009521484375e-02
1.347601413726806641e-01
1.637737751007080078e-01
1.349155902862548828e-01
9.848523139953613281e-02
9.879565238952636719e-02
9.570479393005371094e-02
9.541225433349609375e-02
9.354948997497558594e-02
1.675758361816406250e-01
1.660058498382568359e-01
1.519196033477783203e-01
1.667587757110595703e-01
1.779673099517822266e-01
1.354677677154541016e-01
9.023857116699218750e-02
9.247016906738281250e-02
1.707317829132080078e-01
1.390783786773681641e-01
8.966302871704101562e-02
8.852744102478027344e-02
9.645605087280273438e-02
9.372425079345703125e-02
9.869647026062011719e-02
9.424996376037597656e-02
9.335637092590332031e-02
9.428191184997558594e-02
1.714789867401123047e-01
1.762166023254394531e-01
1.695601940155029297e-01
1.717309951782226562e-01
1.620717048645019531e-01
1.669349670410156250e-01
1.706616878509521484e-01
1.501438617706298828e-01
1.702108383178710938e-01
1.668186187744140625e-01
1.028153896331787109e-01
1.695683002471923828e-01
1.722488403320312500e-01
9.006571769714355469e-02
9.304952621459960938e-02
9.831571578979492188e-02
9.497427940368652344e-02
9.285807609558105469e-02
1.673433780670166016e-01
1.479282379150390625e-01
9.578323364257812500e-02
9.679913520812988281e-02
9.800863265991210938e-02
9.583091735839843750e-02
9.421586990356445312e-02
9.543943405151367188e-02
9.227490425109863281e-02
1.000504493713378906e-01
9.167313575744628906e-02
1.686596870422363281e-01
1.711757183074951172e-01
1.695146560668945312e-01
9.164094924926757812e-02
9.035992622375488281e-02
9.000325202941894531e-02
8.889412879943847656e-02
9.033250808715820312e-02
9.399914741516113281e-02
9.364771842956542969e-02
9.703874588012695312e-02
9.058284759521484375e-02
1.678626537322998047e-01
9.535598754882812500e-02
9.323668479919433594e-02
1.747415065765380859e-01
1.707715988159179688e-01
1.703789234161376953e-01
9.454512596130371094e-02
1.715757846832275391e-01
1.034820079803466797e-01
1.809563636779785156e-01
1.736078262329101562e-01
1.796522140502929688e-01
1.773598194122314453e-01
1.724259853363037109e-01
1.664669513702392578e-01
1.526041030883789062e-01
1.474008560180664062e-01
1.757192611694335938e-01
1.857697963714599609e-01
1.378788948059082031e-01
9.476280212402343750e-02
9.687781333923339844e-02
9.869456291198730469e-02
9.467315673828125000e-02
9.623956680297851562e-02
1.004528999328613281e-01
9.713077545166015625e-02
1.715190410614013672e-01
1.633660793304443359e-01
1.666874885559082031e-01
9.170508384704589844e-02
9.511899948120117188e-02
1.761054992675781250e-01
1.593058109283447266e-01
1.779987812042236328e-01
1.690220832824707031e-01
1.636409759521484375e-01
9.447574615478515625e-02
9.262466430664062500e-02
1.676678657531738281e-01
1.706314086914062500e-01
1.748726367950439453e-01
1.735467910766601562e-01
1.789443492889404297e-01
1.693606376647949219e-01
1.721329689025878906e-01
1.681015491485595703e-01
1.649429798126220703e-01
1.669878959655761719e-01
1.655418872833251953e-01
1.620631217956542969e-01
1.739859580993652344e-01
1.607244014739990234e-01
1.715385913848876953e-01
1.707484722137451172e-01
1.684217453002929688e-01
1.393985748291015625e-01
9.202003479003906250e-02
9.167122840881347656e-02
9.670543670654296875e-02
9.562826156616210938e-02
9.450531005859375000e-02
9.688234329223632812e-02
9.751772880554199219e-02
9.241366386413574219e-02
9.554409980773925781e-02
9.741997718811035156e-02
1.828188896179199219e-01
1.870632171630859375e-01
1.923656463623046875e-01
1.307322978973388672e-01
9.087729454040527344e-02
1.865229606628417969e-01
1.766691207885742188e-01
1.728549003601074219e-01
1.716506481170654297e-01
1.768567562103271484e-01
1.644802093505859375e-01
1.239640712738037109e-01
9.761142730712890625e-02
9.156584739685058594e-02
9.843277931213378906e-02
9.678387641906738281e-02
9.830999374389648438e-02
1.005065441131591797e-01
1.028141975402832031e-01
1.653676033020019531e-01
9.748363494873046875e-02
1.029295921325683594e-01
1.765959262847900391e-01
1.747875213623046875e-01
9.891009330749511719e-02
1.829564571380615234e-01
1.785478591918945312e-01
1.109061241149902344e-01
1.716282367706298828e-01
1.063053607940673828e-01
1.831555366516113281e-01
1.837048530578613281e-01
1.784121990203857422e-01
1.713969707489013672e-01
1.704335212707519531e-01
1.803255081176757812e-01
9.864664077758789062e-02
9.848546981811523438e-02
1.089212894439697266e-01
9.913063049316406250e-02
1.765091419219970703e-01
1.529307365417480469e-01
1.196439266204833984e-01
1.496772766113281250e-01
1.740038394927978516e-01
1.020400524139404297e-01
1.729061603546142578e-01
1.681618690490722656e-01
1.583502292633056641e-01
1.887717247009277344e-01
1.774230003356933594e-01
1.811480522155761719e-01
1.226387023925781250e-01
1.782724857330322266e-01
1.917517185211181641e-01
1.880171298980712891e-01
1.771955490112304688e-01
1.091315746307373047e-01
1.046149730682373047e-01
9.985232353210449219e-02
9.957575798034667969e-02
9.669446945190429688e-02
9.524393081665039062e-02
9.508967399597167969e-02
1.822123527526855469e-01
1.817727088928222656e-01
1.771414279937744141e-01
9.853577613830566406e-02
9.834122657775878906e-02
9.897828102111816406e-02
1.003811359405517578e-01
9.671616554260253906e-02
9.651899337768554688e-02
9.755039215087890625e-02
9.868836402893066406e-02
9.908866882324218750e-02
9.817075729370117188e-02
9.866333007812500000e-02
1.053249835968017578e-01
1.765809059143066406e-01
1.779863834381103516e-01
1.509301662445068359e-01
9.935998916625976562e-02
1.657290458679199219e-01
1.694726943969726562e-01
9.434509277343750000e-02
1.046345233917236328e-01
1.017718315124511719e-01
1.813097000122070312e-01
1.733715534210205078e-01
1.799345016479492188e-01
1.663389205932617188e-01
1.694750785827636719e-01
1.743865013122558594e-01
1.742832660675048828e-01
1.786618232727050781e-01
1.486616134643554688e-01
1.748759746551513672e-01
1.848807334899902344e-01
1.864862442016601562e-01
1.521158218383789062e-01
1.734702587127685547e-01
8.163428306579589844e-02
1.674249172210693359e-01
1.785428524017333984e-01
1.717319488525390625e-01
1.619453430175781250e-01
1.437530517578125000e-01
9.538269042968750000e-02
9.730243682861328125e-02
1.758480072021484375e-01
1.756992340087890625e-01
1.785576343536376953e-01
1.689443588256835938e-01
1.838812828063964844e-01
9.630370140075683594e-02
9.713745117187500000e-02
1.786069869995117188e-01
1.700406074523925781e-01
1.745259761810302734e-01
9.802842140197753906e-02
1.712300777435302734e-01
1.838135719299316406e-01
1.873085498809814453e-01
1.640708446502685547e-01
1.743314266204833984e-01
9.804964065551757812e-02
9.416198730468750000e-02
9.485483169555664062e-02
1.818222999572753906e-01
1.631023883819580078e-01
1.740536689758300781e-01
1.386044025421142578e-01
1.798071861267089844e-01
1.457133293151855469e-01
1.421792507171630859e-01
1.733620166778564453e-01
1.734380722045898438e-01
9.645128250122070312e-02
1.698799133300781250e-01
1.653983592987060547e-01
1.772959232330322266e-01
1.700091361999511719e-01
9.612751007080078125e-02
1.026964187622070312e-01
9.436464309692382812e-02
2.550871372222900391e-01
1.674556732177734375e-01
1.498928070068359375e-01
1.398785114288330078e-01
9.619569778442382812e-02
9.624361991882324219e-02
9.542369842529296875e-02
1.829440593719482422e-01
1.642906665802001953e-01
9.451413154602050781e-02
9.367418289184570312e-02
9.171748161315917969e-02
9.605836868286132812e-02
9.668254852294921875e-02
1.735854148864746094e-01
9.687113761901855469e-02
9.481859207153320312e-02
9.614133834838867188e-02
9.770965576171875000e-02
9.636449813842773438e-02
9.465718269348144531e-02
1.025779247283935547e-01
9.766793251037597656e-02
1.014688014984130859e-01
1.059026718139648438e-01
1.737368106842041016e-01
1.529009342193603516e-01
1.685595512390136719e-01
9.946751594543457031e-02
9.913325309753417969e-02
9.112954139709472656e-02
9.797072410583496094e-02
1.003208160400390625e-01
1.689689159393310547e-01
1.772196292877197266e-01
1.756966114044189453e-01
1.697766780853271484e-01
1.167969703674316406e-01
1.589963436126708984e-01
9.525680541992187500e-02
9.023499488830566406e-02
1.633536815643310547e-01
9.230852127075195312e-02
1.678524017333984375e-01
1.624934673309326172e-01
1.578164100646972656e-01
1.383633613586425781e-01
1.594402790069580078e-01
1.451847553253173828e-01
1.460423469543457031e-01
1.778721809387207031e-01
1.744413375854492188e-01
1.713049411773681641e-01
1.269116401672363281e-01
9.452056884765625000e-02
1.444268226623535156e-01
1.533763408660888672e-01
9.309792518615722656e-02
1.016180515289306641e-01
1.084530353546142578e-01
1.531126499176025391e-01
1.681027412414550781e-01
1.515414714813232422e-01
9.899854660034179688e-02
1.431760787963867188e-01
1.677343845367431641e-01
1.610283851623535156e-01
1.614916324615478516e-01
1.330015659332275391e-01
8.873677253723144531e-02
1.693370342254638672e-01
1.732392311096191406e-01
1.742444038391113281e-01
1.674122810363769531e-01
1.697995662689208984e-01
1.681094169616699219e-01
1.688926219940185547e-01
1.561131477355957031e-01
9.204816818237304688e-02
9.260535240173339844e-02
9.653449058532714844e-02
9.449362754821777344e-02
1.715617179870605469e-01
9.179687500000000000e-02
9.504270553588867188e-02
9.566164016723632812e-02
9.468960762023925781e-02
1.762006282806396484e-01
1.756124496459960938e-01
1.686332225799560547e-01
1.435182094573974609e-01
1.847298145294189453e-01
1.850800514221191406e-01
1.404745578765869141e-01
1.741087436676025391e-01
1.746678352355957031e-01
1.704373359680175781e-01
1.711940765380859375e-01
1.657841205596923828e-01
1.396036148071289062e-01
1.785178184509277344e-01
1.776590347290039062e-01
1.513066291809082031e-01
1.742129325866699219e-01
1.398568153381347656e-01
1.816358566284179688e-01
1.799724102020263672e-01
1.744985580444335938e-01
1.165363788604736328e-01
9.461498260498046875e-02
9.459543228149414062e-02
1.723811626434326172e-01
1.711602210998535156e-01
1.586198806762695312e-01
1.361024379730224609e-01
9.148430824279785156e-02
9.626460075378417969e-02
9.405112266540527344e-02
8.827710151672363281e-02
4.618597030639648438e-02
1.000621318817138672e-01
9.950423240661621094e-02
1.017909049987792969e-01
1.014189720153808594e-01
1.775255203247070312e-01
1.670358180999755859e-01
1.797873973846435547e-01
1.780359745025634766e-01
1.817138195037841797e-01
1.813628673553466797e-01
1.754465103149414062e-01
1.919546127319335938e-01
1.686711311340332031e-01
1.750597953796386719e-01
1.760556697845458984e-01
1.706814765930175781e-01
1.716284751892089844e-01
1.846380233764648438e-01
1.917030811309814453e-01
1.874308586120605469e-01
1.861786842346191406e-01
1.823101043701171875e-01
1.803133487701416016e-01
1.774311065673828125e-01
1.756424903869628906e-01
1.819791793823242188e-01
1.746969223022460938e-01
1.610710620880126953e-01
1.839923858642578125e-01
1.453535556793212891e-01
1.826167106628417969e-01
1.785027980804443359e-01
1.707806587219238281e-01
1.653466224670410156e-01
1.458988189697265625e-01
1.809360980987548828e-01
1.714363098144531250e-01
1.721484661102294922e-01
1.751523017883300781e-01
1.740372180938720703e-01
1.711242198944091797e-01
1.767451763153076172e-01
1.618230342864990234e-01
1.365373134613037109e-01
1.802961826324462891e-01
1.809916496276855469e-01
1.737060546875000000e-01
1.725893020629882812e-01
1.807060241699218750e-01
1.738862991333007812e-01
1.230435371398925781e-01
1.430852413177490234e-01
9.717249870300292969e-02
9.749364852905273438e-02
9.800124168395996094e-02
9.812903404235839844e-02
9.324932098388671875e-02
9.566664695739746094e-02
1.810431480407714844e-01
1.798596382141113281e-01
1.614792346954345703e-01
1.629273891448974609e-01
1.686241626739501953e-01
1.724228858947753906e-01
1.619248390197753906e-01
1.750197410583496094e-01
1.798064708709716797e-01
1.751449108123779297e-01
1.687071323394775391e-01
1.705222129821777344e-01
1.073329448699951172e-01
1.026411056518554688e-01
9.923100471496582031e-02
9.880352020263671875e-02
1.756253242492675781e-01
1.772034168243408203e-01
1.719591617584228516e-01
1.082911491394042969e-01
1.793177127838134766e-01
1.033217906951904297e-01
1.666111946105957031e-01
1.049187183380126953e-01
1.580646038055419922e-01
9.849023818969726562e-02
1.016910076141357422e-01
1.753532886505126953e-01
1.016733646392822266e-01
1.013708114624023438e-01
1.020078659057617188e-01
9.834218025207519531e-02
9.982395172119140625e-02
1.041119098663330078e-01
1.647446155548095703e-01
1.728110313415527344e-01
1.357021331787109375e-01
9.874415397644042969e-02
9.729051589965820312e-02
1.780989170074462891e-01
1.789562702178955078e-01
1.789190769195556641e-01
1.665453910827636719e-01
1.759686470031738281e-01
1.573989391326904297e-01
1.748397350311279297e-01
1.602413654327392578e-01
1.684710979461669922e-01
9.198236465454101562e-02
1.000463962554931641e-01
9.793567657470703125e-02
1.731014251708984375e-01
9.604930877685546875e-02
1.709864139556884766e-01
1.806247234344482422e-01
1.782863140106201172e-01
1.775577068328857422e-01
1.750395298004150391e-01
1.767091751098632812e-01
9.533667564392089844e-02
9.673094749450683594e-02
9.886312484741210938e-02
1.690232753753662109e-01
1.596240997314453125e-01
9.847450256347656250e-02
1.784586906433105469e-01
9.642672538757324219e-02
9.696626663208007812e-02
9.737634658813476562e-02
9.893655776977539062e-02
8.891820907592773438e-02
9.611558914184570312e-02
1.014876365661621094e-01
1.118068695068359375e-01
1.079959869384765625e-01
1.768836975097656250e-01
1.702115535736083984e-01
1.687242984771728516e-01
1.731185913085937500e-01
1.720471382141113281e-01
1.749551296234130859e-01
1.016850471496582031e-01
1.808490753173828125e-01
1.046161651611328125e-01
1.352920532226562500e-01
1.041913032531738281e-01
9.692382812500000000e-02
9.581732749938964844e-02
9.664082527160644531e-02
9.844136238098144531e-02
9.939646720886230469e-02
1.083486080169677734e-01
1.875045299530029297e-01
1.043319702148437500e-01
1.079194545745849609e-01
9.367060661315917969e-02
9.915328025817871094e-02
1.002957820892333984e-01
1.700198650360107422e-01
1.002185344696044922e-01
9.581637382507324219e-02
1.006834506988525391e-01
1.801004409790039062e-01
1.682598590850830078e-01
9.691023826599121094e-02
1.495404243469238281e-01
1.906290054321289062e-01
1.021115779876708984e-01
1.681387424468994141e-01
1.012647151947021484e-01
1.614642143249511719e-01
9.961175918579101562e-02
1.718332767486572266e-01
1.769742965698242188e-01
1.749248504638671875e-01
1.568722724914550781e-01
1.781404018402099609e-01
1.720309257507324219e-01
1.805562973022460938e-01
1.723875999450683594e-01
1.712994575500488281e-01
1.638655662536621094e-01
1.732079982757568359e-01
1.041097640991210938e-01
1.654210090637207031e-01
1.056222915649414062e-01
9.952306747436523438e-02
1.031355857849121094e-01
1.057221889495849609e-01
1.263723373413085938e-01
1.071448326110839844e-01
1.006512641906738281e-01
1.033592224121093750e-01
1.089472770690917969e-01
9.735155105590820312e-02
9.493541717529296875e-02
1.473217010498046875e-01
1.760191917419433594e-01
1.565153598785400391e-01
1.770427227020263672e-01
1.709625720977783203e-01
1.400833129882812500e-01
1.774830818176269531e-01
1.730718612670898438e-01
1.707119941711425781e-01
1.706914901733398438e-01
1.669483184814453125e-01
1.759507656097412109e-01
1.475763320922851562e-01
1.727626323699951172e-01
1.816322803497314453e-01
1.801242828369140625e-01
1.825265884399414062e-01
1.751563549041748047e-01
1.455111503601074219e-01
1.723008155822753906e-01
1.731667518615722656e-01
1.447741985321044922e-01
1.623473167419433594e-01
1.717884540557861328e-01
1.703975200653076172e-01
1.844973564147949219e-01
1.679439544677734375e-01
1.685245037078857422e-01
1.663599014282226562e-01
1.649916172027587891e-01
1.010012626647949219e-01
9.926795959472656250e-02
9.554314613342285156e-02
1.020278930664062500e-01
9.932613372802734375e-02
9.201169013977050781e-02
9.838676452636718750e-02
9.908127784729003906e-02
9.659385681152343750e-02
9.858226776123046875e-02
9.833598136901855469e-02
9.929966926574707031e-02
1.002986431121826172e-01
9.783196449279785156e-02
1.009259223937988281e-01
9.857630729675292969e-02
1.460137367248535156e-01
1.712267398834228516e-01
1.762213706970214844e-01
1.649894714355468750e-01
1.722936630249023438e-01
1.660754680633544922e-01
1.700282096862792969e-01
1.720309257507324219e-01
1.416070461273193359e-01
9.765076637268066406e-02
1.034958362579345703e-01
9.832954406738281250e-02
1.813690662384033203e-01
1.747786998748779297e-01
1.006057262420654297e-01
1.404430866241455078e-01
1.002132892608642578e-01
1.727769374847412109e-01
8.971261978149414062e-02
1.801786422729492188e-01
1.622581481933593750e-01
9.528183937072753906e-02
1.791009902954101562e-01
1.741123199462890625e-01
1.243777275085449219e-01
9.956693649291992188e-02
9.903860092163085938e-02
9.708261489868164062e-02
9.700298309326171875e-02
9.611654281616210938e-02
1.108796596527099609e-01
1.178615093231201172e-01
1.713862419128417969e-01
9.860181808471679688e-02
1.032917499542236328e-01
1.053967475891113281e-01
1.477465629577636719e-01
1.762435436248779297e-01
1.508355140686035156e-01
1.028769016265869141e-01
1.031281948089599609e-01
1.836502552032470703e-01
1.814522743225097656e-01
1.642546653747558594e-01
1.611657142639160156e-01
9.458351135253906250e-02
9.520554542541503906e-02
1.742076873779296875e-01
1.710779666900634766e-01
1.776621341705322266e-01
1.728713512420654297e-01
1.666729450225830078e-01
1.677501201629638672e-01
1.588261127471923828e-01
