1.561341285705566406e-01
1.269440650939941406e-01
1.626665592193603516e-01
8.714461326599121094e-02
1.366207599639892578e-01
1.556692123413085938e-01
8.985161781311035156e-02
1.647059917449951172e-01
1.341676712036132812e-01
8.842778205871582031e-02
8.568882942199707031e-02
8.463048934936523438e-02
8.507752418518066406e-02
8.581161499023437500e-02
8.717608451843261719e-02
1.597621440887451172e-01
1.577825546264648438e-01
1.505217552185058594e-01
1.197326183319091797e-01
8.846998214721679688e-02
1.623930931091308594e-01
9.148669242858886719e-02
9.320449829101562500e-02
9.037613868713378906e-02
8.812165260314941406e-02
8.953404426574707031e-02
9.036779403686523438e-02
1.637251377105712891e-01
1.289184093475341797e-01
1.143839359283447266e-01
1.618058681488037109e-01
1.379017829895019531e-01
1.534340381622314453e-01
1.697978973388671875e-01
1.500627994537353516e-01
8.694219589233398438e-02
9.036302566528320312e-02
9.467101097106933594e-02
9.095692634582519531e-02
8.766341209411621094e-02
8.534097671508789062e-02
8.486342430114746094e-02
8.880782127380371094e-02
8.453321456909179688e-02
1.592059135437011719e-01
1.291601657867431641e-01
8.955407142639160156e-02
8.903288841247558594e-02
8.969640731811523438e-02
8.784151077270507812e-02
8.876347541809082031e-02
8.646965026855468750e-02
9.200429916381835938e-02
9.087300300598144531e-02
8.780717849731445312e-02
8.890461921691894531e-02
8.494567871093750000e-02
8.695125579833984375e-02
8.664464950561523438e-02
8.967304229736328125e-02
9.698987007141113281e-02
9.097743034362792969e-02
8.953332901000976562e-02
8.706593513488769531e-02
8.325314521789550781e-02
8.532285690307617188e-02
8.564043045043945312e-02
9.373450279235839844e-02
8.839774131774902344e-02
8.992791175842285156e-02
9.012627601623535156e-02
8.678460121154785156e-02
8.807635307312011719e-02
8.886456489562988281e-02
1.618776321411132812e-01
9.134197235107421875e-02
9.110164642333984375e-02
1.417746543884277344e-01
9.256434440612792969e-02
9.256124496459960938e-02
8.936882019042968750e-02
9.312057495117187500e-02
9.574127197265625000e-02
9.287166595458984375e-02
9.441471099853515625e-02
9.180545806884765625e-02
9.813237190246582031e-02
1.690945625305175781e-01
9.396052360534667969e-02
9.398031234741210938e-02
9.325885772705078125e-02
8.791065216064453125e-02
1.747920513153076172e-01
1.680700778961181641e-01
1.627373695373535156e-01
2.706305980682373047e-01
1.731710433959960938e-01
1.595013141632080078e-01
8.961606025695800781e-02
9.221911430358886719e-02
9.184241294860839844e-02
9.187817573547363281e-02
9.478616714477539062e-02
9.312605857849121094e-02
9.270834922790527344e-02
1.769039630889892578e-01
1.766726970672607422e-01
1.395962238311767578e-01
1.666581630706787109e-01
8.820319175720214844e-02
1.747102737426757812e-01
1.733973026275634766e-01
1.763312816619873047e-01
1.679358482360839844e-01
1.729421615600585938e-01
8.829116821289062500e-02
1.700904369354248047e-01
1.679744720458984375e-01
1.574552059173583984e-01
1.694021224975585938e-01
1.696794033050537109e-01
9.226512908935546875e-02
8.779883384704589844e-02
8.891630172729492188e-02
8.554077148437500000e-02
1.650550365447998047e-01
1.594922542572021484e-01
1.659183502197265625e-01
1.649782657623291016e-01
1.614742279052734375e-01
8.790349960327148438e-02
8.997297286987304688e-02
8.774065971374511719e-02
9.253597259521484375e-02
8.955264091491699219e-02
9.077596664428710938e-02
9.107971191406250000e-02
9.484744071960449219e-02
1.722629070281982422e-01
1.672234535217285156e-01
1.710715293884277344e-01
1.753370761871337891e-01
1.716105937957763672e-01
1.740958690643310547e-01
1.786408424377441406e-01
1.723167896270751953e-01
1.751627922058105469e-01
1.351706981658935547e-01
9.520745277404785156e-02
9.494495391845703125e-02
9.373283386230468750e-02
9.374618530273437500e-02
9.330916404724121094e-02
9.357714653015136719e-02
9.177637100219726562e-02
9.367895126342773438e-02
9.354019165039062500e-02
9.229254722595214844e-02
9.164953231811523438e-02
8.970713615417480469e-02
9.457755088806152344e-02
9.622645378112792969e-02
4.529094696044921875e-02
9.708404541015625000e-02
9.720468521118164062e-02
9.658956527709960938e-02
9.373378753662109375e-02
9.528350830078125000e-02
9.896826744079589844e-02
9.633708000183105469e-02
9.780335426330566406e-02
9.798908233642578125e-02
1.021709442138671875e-01
9.636473655700683594e-02
9.728717803955078125e-02
9.529709815979003906e-02
1.805269718170166016e-01
1.736989021301269531e-01
9.341526031494140625e-02
9.468150138854980469e-02
9.949398040771484375e-02
9.930896759033203125e-02
9.442782402038574219e-02
9.670138359069824219e-02
9.653973579406738281e-02
9.722709655761718750e-02
9.368515014648437500e-02
9.045624732971191406e-02
9.463524818420410156e-02
9.383773803710937500e-02
9.571743011474609375e-02
9.694051742553710938e-02
9.990692138671875000e-02
9.463405609130859375e-02
9.208941459655761719e-02
9.842443466186523438e-02
9.613990783691406250e-02
9.857320785522460938e-02
9.855842590332031250e-02
9.391927719116210938e-02
9.515428543090820312e-02
9.595131874084472656e-02
9.739613533020019531e-02
9.653639793395996094e-02
9.903597831726074219e-02
1.011116504669189453e-01
1.637511253356933594e-01
9.297680854797363281e-02
9.613776206970214844e-02
1.045367717742919922e-01
9.714317321777343750e-02
9.334683418273925781e-02
1.787762641906738281e-01
1.779243946075439453e-01
1.861951351165771484e-01
1.671802997589111328e-01
9.698772430419921875e-02
9.489083290100097656e-02
9.676456451416015625e-02
9.105777740478515625e-02
1.737720966339111328e-01
1.810505390167236328e-01
1.468224525451660156e-01
9.709286689758300781e-02
1.758961677551269531e-01
1.680591106414794922e-01
9.791326522827148438e-02
1.012396812438964844e-01
9.537243843078613281e-02
1.004009246826171875e-01
9.372854232788085938e-02
9.615182876586914062e-02
9.804010391235351562e-02
9.645724296569824219e-02
9.740614891052246094e-02
9.876060485839843750e-02
9.506082534790039062e-02
1.003942489624023438e-01
1.695547103881835938e-01
9.597754478454589844e-02
9.612655639648437500e-02
9.483742713928222656e-02
9.428143501281738281e-02
9.299159049987792969e-02
1.759319305419921875e-01
1.796104907989501953e-01
1.080262660980224609e-01
1.406931877136230469e-01
1.771373748779296875e-01
1.462974548339843750e-01
9.858036041259765625e-02
1.614761352539062500e-01
9.820890426635742188e-02
9.363746643066406250e-02
1.337397098541259766e-01
9.388232231140136719e-02
8.444190025329589844e-02
9.579086303710937500e-02
1.703550815582275391e-01
1.659302711486816406e-01
1.558644771575927734e-01
9.247851371765136719e-02
9.617376327514648438e-02
1.028454303741455078e-01
9.162330627441406250e-02
1.041891574859619141e-01
1.887159347534179688e-01
1.853604316711425781e-01
1.790502071380615234e-01
1.769919395446777344e-01
9.659147262573242188e-02
9.992575645446777344e-02
1.029217243194580078e-01
9.229207038879394531e-02
9.425163269042968750e-02
9.465312957763671875e-02
9.764242172241210938e-02
9.531426429748535156e-02
9.012007713317871094e-02
9.111499786376953125e-02
9.520936012268066406e-02
9.253048896789550781e-02
9.422111511230468750e-02
9.615302085876464844e-02
9.440922737121582031e-02
9.848070144653320312e-02
9.530615806579589844e-02
9.374308586120605469e-02
9.221839904785156250e-02
1.030921936035156250e-01
9.892201423645019531e-02
1.004052162170410156e-01
9.499001502990722656e-02
9.552383422851562500e-02
9.694075584411621094e-02
9.530091285705566406e-02
9.434318542480468750e-02
9.559679031372070312e-02
9.661030769348144531e-02
9.769082069396972656e-02
9.267759323120117188e-02
9.528231620788574219e-02
9.728813171386718750e-02
9.329223632812500000e-02
1.295588016510009766e-01
9.454607963562011719e-02
1.007559299468994141e-01
1.057496070861816406e-01
9.628844261169433594e-02
8.943223953247070312e-02
8.772301673889160156e-02
1.022264957427978516e-01
1.559016704559326172e-01
1.685030460357666016e-01
1.594092845916748047e-01
1.690175533294677734e-01
9.097313880920410156e-02
9.365057945251464844e-02
9.487557411193847656e-02
9.254980087280273438e-02
9.373474121093750000e-02
1.066830158233642578e-01
9.546470642089843750e-02
9.906053543090820312e-02
9.801721572875976562e-02
4.913568496704101562e-02
1.020839214324951172e-01
1.003954410552978516e-01
1.017918586730957031e-01
1.218175888061523438e-01
1.046402454376220703e-01
1.773147583007812500e-01
1.772761344909667969e-01
1.528189182281494141e-01
9.807896614074707031e-02
9.970259666442871094e-02
1.071283817291259766e-01
1.027338504791259766e-01
9.840941429138183594e-02
1.069703102111816406e-01
1.803438663482666016e-01
1.813087463378906250e-01
1.640715599060058594e-01
1.459293365478515625e-01
1.276621818542480469e-01
9.564280509948730469e-02
9.754633903503417969e-02
9.324193000793457031e-02
1.860387325286865234e-01
1.833274364471435547e-01
1.492154598236083984e-01
1.725840568542480469e-01
9.643959999084472656e-02
9.766316413879394531e-02
1.694803237915039062e-01
1.836669445037841797e-01
1.261553764343261719e-01
1.016259193420410156e-01
1.753520965576171875e-01
1.480324268341064453e-01
1.901342868804931641e-01
2.001283168792724609e-01
1.213972568511962891e-01
1.855921745300292969e-01
1.865174770355224609e-01
1.615095138549804688e-01
1.160466670989990234e-01
1.009778976440429688e-01
1.086919307708740234e-01
1.027884483337402344e-01
1.039850711822509766e-01
1.017088890075683594e-01
1.034791469573974609e-01
1.212382316589355469e-01
1.903116703033447266e-01
1.491191387176513672e-01
1.101312637329101562e-01
1.001691818237304688e-01
1.030578613281250000e-01
1.056101322174072266e-01
1.047863960266113281e-01
9.869050979614257812e-02
9.860563278198242188e-02
1.042749881744384766e-01
1.022689342498779297e-01
1.381146907806396484e-01
1.003522872924804688e-01
1.027674674987792969e-01
1.024265289306640625e-01
1.006655693054199219e-01
1.012930870056152344e-01
9.590601921081542969e-02
1.763899326324462891e-01
1.732974052429199219e-01
9.673976898193359375e-02
9.905791282653808594e-02
9.703350067138671875e-02
1.036486625671386719e-01
1.013500690460205078e-01
9.871816635131835938e-02
9.787750244140625000e-02
1.033380031585693359e-01
1.692910194396972656e-01
1.678693294525146484e-01
9.622716903686523438e-02
9.503054618835449219e-02
9.565520286560058594e-02
9.507179260253906250e-02
9.628057479858398438e-02
9.793686866760253906e-02
9.551501274108886719e-02
9.119915962219238281e-02
9.283089637756347656e-02
9.569549560546875000e-02
9.218645095825195312e-02
9.411692619323730469e-02
9.657907485961914062e-02
9.191513061523437500e-02
9.196710586547851562e-02
9.844946861267089844e-02
9.335517883300781250e-02
9.270238876342773438e-02
9.037852287292480469e-02
1.683893203735351562e-01
1.710760593414306641e-01
1.673512458801269531e-01
1.723399162292480469e-01
1.557471752166748047e-01
9.297394752502441406e-02
9.230256080627441406e-02
9.014940261840820312e-02
9.289050102233886719e-02
9.259533882141113281e-02
9.364414215087890625e-02
8.778214454650878906e-02
8.548116683959960938e-02
9.126257896423339844e-02
1.667230129241943359e-01
1.352612972259521484e-01
9.366750717163085938e-02
1.670246124267578125e-01
1.633098125457763672e-01
9.981083869934082031e-02
9.306168556213378906e-02
9.348511695861816406e-02
9.211206436157226562e-02
9.778952598571777344e-02
9.156394004821777344e-02
8.768630027770996094e-02
9.156012535095214844e-02
8.822989463806152344e-02
9.040594100952148438e-02
8.916950225830078125e-02
9.279203414916992188e-02
1.030621528625488281e-01
9.998154640197753906e-02
9.650111198425292969e-02
1.619062423706054688e-01
9.248566627502441406e-02
9.058952331542968750e-02
8.665680885314941406e-02
8.781147003173828125e-02
8.857703208923339844e-02
9.019351005554199219e-02
8.773660659790039062e-02
8.710432052612304688e-02
8.886027336120605469e-02
8.860158920288085938e-02
9.097528457641601562e-02
8.993363380432128906e-02
1.673626899719238281e-01
1.767210960388183594e-01
1.740000247955322266e-01
1.683483123779296875e-01
1.665523052215576172e-01
1.669321060180664062e-01
1.670579910278320312e-01
1.710066795349121094e-01
1.624717712402343750e-01
1.640732288360595703e-01
1.735475063323974609e-01
1.613564491271972656e-01
8.864498138427734375e-02
8.878731727600097656e-02
8.737111091613769531e-02
8.635497093200683594e-02
8.649730682373046875e-02
1.642024517059326172e-01
8.709526062011718750e-02
2.000908851623535156e-01
1.851236820220947266e-01
1.050071716308593750e-01
9.983921051025390625e-02
1.064548492431640625e-01
1.008718013763427734e-01
9.927248954772949219e-02
9.841513633728027344e-02
9.791851043701171875e-02
9.603977203369140625e-02
9.687924385070800781e-02
9.772467613220214844e-02
9.902048110961914062e-02
9.820270538330078125e-02
1.025373935699462891e-01
1.004428863525390625e-01
1.356205940246582031e-01
9.962868690490722656e-02
1.003408432006835938e-01
1.810722351074218750e-01
1.863884925842285156e-01
1.870160102844238281e-01
1.018233299255371094e-01
9.018564224243164062e-02
9.348392486572265625e-02
9.470129013061523438e-02
9.804034233093261719e-02
9.493684768676757812e-02
1.198933124542236328e-01
9.616827964782714844e-02
9.009075164794921875e-02
9.256172180175781250e-02
9.191823005676269531e-02
9.587788581848144531e-02
9.398627281188964844e-02
9.356021881103515625e-02
9.600687026977539062e-02
9.647250175476074219e-02
9.666633605957031250e-02
9.637308120727539062e-02
9.690141677856445312e-02
1.686465740203857422e-01
1.464486122131347656e-01
9.573531150817871094e-02
9.456253051757812500e-02
9.626555442810058594e-02
9.556198120117187500e-02
9.843015670776367188e-02
9.864377975463867188e-02
9.668684005737304688e-02
1.725006103515625000e-01
1.696851253509521484e-01
1.662201881408691406e-01
9.395194053649902344e-02
1.795458793640136719e-01
9.900927543640136719e-02
9.719324111938476562e-02
9.459352493286132812e-02
9.769058227539062500e-02
1.383123397827148438e-01
1.514811515808105469e-01
1.001479625701904297e-01
1.003727912902832031e-01
9.458374977111816406e-02
9.919333457946777344e-02
1.029114723205566406e-01
9.762811660766601562e-02
9.557962417602539062e-02
1.811494827270507812e-01
1.808807849884033203e-01
1.657183170318603516e-01
1.683280467987060547e-01
1.677665710449218750e-01
1.767368316650390625e-01
1.748697757720947266e-01
1.764807701110839844e-01
1.791081428527832031e-01
1.786758899688720703e-01
1.438896656036376953e-01
1.716346740722656250e-01
1.660761833190917969e-01
1.670629978179931641e-01
1.674859523773193359e-01
1.538233757019042969e-01
9.675073623657226562e-02
9.314990043640136719e-02
1.688659191131591797e-01
1.766369342803955078e-01
1.747336387634277344e-01
1.708953380584716797e-01
1.673436164855957031e-01
1.698036193847656250e-01
1.725959777832031250e-01
9.332489967346191406e-02
1.731479167938232422e-01
1.601951122283935547e-01
1.417357921600341797e-01
8.982396125793457031e-02
8.853793144226074219e-02
9.571003913879394531e-02
9.281587600708007812e-02
9.018421173095703125e-02
9.394407272338867188e-02
9.689450263977050781e-02
9.275174140930175781e-02
9.359264373779296875e-02
9.442639350891113281e-02
9.015727043151855469e-02
1.673138141632080078e-01
1.729915142059326172e-01
9.868502616882324219e-02
1.763708591461181641e-01
1.202924251556396484e-01
1.648852825164794922e-01
1.690518856048583984e-01
1.728186607360839844e-01
1.467080116271972656e-01
1.719231605529785156e-01
1.714284420013427734e-01
1.436338424682617188e-01
1.720232963562011719e-01
1.568574905395507812e-01
1.511132717132568359e-01
1.703035831451416016e-01
1.721956729888916016e-01
2.786309719085693359e-01
1.700701713562011719e-01
1.661102771759033203e-01
1.688969135284423828e-01
1.738183498382568359e-01
1.724545955657958984e-01
1.673660278320312500e-01
9.243440628051757812e-02
9.159159660339355469e-02
9.482860565185546875e-02
8.816909790039062500e-02
1.756155490875244141e-01
1.449754238128662109e-01
1.693422794342041016e-01
1.441006660461425781e-01
1.763341426849365234e-01
1.723890304565429688e-01
1.722335815429687500e-01
1.743927001953125000e-01
1.762766838073730469e-01
1.705420017242431641e-01
9.408354759216308594e-02
9.143042564392089844e-02
9.186792373657226562e-02
1.709825992584228516e-01
1.809315681457519531e-01
1.739795207977294922e-01
1.508967876434326172e-01
9.365129470825195312e-02
9.160828590393066406e-02
9.262561798095703125e-02
9.207177162170410156e-02
1.534950733184814453e-01
1.750912666320800781e-01
1.463866233825683594e-01
1.614644527435302734e-01
1.581690311431884766e-01
9.369707107543945312e-02
1.802663803100585938e-01
1.854534149169921875e-01
1.748518943786621094e-01
1.914274692535400391e-01
1.953914165496826172e-01
1.877291202545166016e-01
1.882283687591552734e-01
1.876764297485351562e-01
1.841447353363037109e-01
1.923010349273681641e-01
1.808459758758544922e-01
1.908314228057861328e-01
1.814837455749511719e-01
1.839463710784912109e-01
1.871595382690429688e-01
1.880629062652587891e-01
1.683828830718994141e-01
9.859180450439453125e-02
9.991502761840820312e-02
1.848893165588378906e-01
1.881115436553955078e-01
1.721701622009277344e-01
9.922933578491210938e-02
1.009440422058105469e-01
1.003205776214599609e-01
9.977197647094726562e-02
9.942579269409179688e-02
9.581828117370605469e-02
1.003763675689697266e-01
9.774780273437500000e-02
9.695386886596679688e-02
9.598565101623535156e-02
9.765744209289550781e-02
9.612321853637695312e-02
9.414315223693847656e-02
9.425449371337890625e-02
1.014919281005859375e-01
1.770296096801757812e-01
1.511631011962890625e-01
1.854455471038818359e-01
1.740913391113281250e-01
1.756188869476318359e-01
1.845433712005615234e-01
1.594920158386230469e-01
9.676289558410644531e-02
9.781146049499511719e-02
9.907078742980957031e-02
1.730878353118896484e-01
1.549892425537109375e-01
9.597468376159667969e-02
1.014523506164550781e-01
1.021604537963867188e-01
1.020207405090332031e-01
9.785461425781250000e-02
1.029140949249267578e-01
9.846973419189453125e-02
1.777920722961425781e-01
1.712553501129150391e-01
1.749603748321533203e-01
1.705160140991210938e-01
1.010215282440185547e-01
9.280610084533691406e-02
9.389066696166992188e-02
9.580898284912109375e-02
9.738373756408691406e-02
1.682901382446289062e-01
1.398258209228515625e-01
9.977722167968750000e-02
1.010439395904541016e-01
9.945607185363769531e-02
9.668970108032226562e-02
1.020090579986572266e-01
9.641885757446289062e-02
9.927773475646972656e-02
1.648449897766113281e-01
9.744787216186523438e-02
1.002011299133300781e-01
1.005764007568359375e-01
9.676766395568847656e-02
9.665274620056152344e-02
1.003146171569824219e-01
9.925746917724609375e-02
9.872341156005859375e-02
9.640479087829589844e-02
9.921145439147949219e-02
9.922814369201660156e-02
1.006150245666503906e-01
9.947967529296875000e-02
1.011574268341064453e-01
9.858703613281250000e-02
1.021366119384765625e-01
9.683418273925781250e-02
9.490776062011718750e-02
9.397363662719726562e-02
9.623122215270996094e-02
9.504127502441406250e-02
1.740419864654541016e-01
1.773004531860351562e-01
1.739125251770019531e-01
1.766674518585205078e-01
1.762690544128417969e-01
1.677150726318359375e-01
1.699490547180175781e-01
1.575112342834472656e-01
9.571647644042968750e-02
9.380221366882324219e-02
9.167623519897460938e-02
8.866715431213378906e-02
8.893370628356933594e-02
9.240412712097167969e-02
1.707739830017089844e-01
1.607258319854736328e-01
9.373593330383300781e-02
1.690402030944824219e-01
1.708340644836425781e-01
1.709992885589599609e-01
1.198613643646240234e-01
8.618927001953125000e-02
1.597011089324951172e-01
1.604747772216796875e-01
1.653292179107666016e-01
1.644744873046875000e-01
1.678283214569091797e-01
1.644852161407470703e-01
1.563227176666259766e-01
1.602511405944824219e-01
1.636314392089843750e-01
1.450543403625488281e-01
8.871388435363769531e-02
9.309959411621093750e-02
9.136939048767089844e-02
9.310126304626464844e-02
1.626465320587158203e-01
8.965301513671875000e-02
9.262800216674804688e-02
9.350013732910156250e-02
9.403443336486816406e-02
9.639859199523925781e-02
9.060382843017578125e-02
8.997559547424316406e-02
9.092950820922851562e-02
8.928298950195312500e-02
8.903408050537109375e-02
1.665062904357910156e-01
1.677491664886474609e-01
1.662559509277343750e-01
1.606376171112060547e-01
1.676380634307861328e-01
1.460623741149902344e-01
9.134817123413085938e-02
9.345841407775878906e-02
9.108495712280273438e-02
9.242653846740722656e-02
9.276437759399414062e-02
1.656503677368164062e-01
9.712195396423339844e-02
9.864020347595214844e-02
9.704256057739257812e-02
9.632420539855957031e-02
9.094333648681640625e-02
9.193062782287597656e-02
9.304094314575195312e-02
4.901504516601562500e-02
1.005287170410156250e-01
1.003036499023437500e-01
1.035413742065429688e-01
9.958410263061523438e-02
9.898042678833007812e-02
9.979939460754394531e-02
9.874963760375976562e-02
9.518384933471679688e-02
9.690690040588378906e-02
9.538054466247558594e-02
9.527230262756347656e-02
9.710240364074707031e-02
9.540915489196777344e-02
1.640710830688476562e-01
1.766648292541503906e-01
9.920549392700195312e-02
9.901332855224609375e-02
9.799909591674804688e-02
9.807848930358886719e-02
1.776607036590576172e-01
1.569328308105468750e-01
9.726285934448242188e-02
9.442305564880371094e-02
1.709644794464111328e-01
1.763122081756591797e-01
1.737287044525146484e-01
1.818487644195556641e-01
1.748259067535400391e-01
9.599471092224121094e-02
9.679102897644042969e-02
9.354424476623535156e-02
9.279537200927734375e-02
1.608419418334960938e-01
9.553980827331542969e-02
9.972095489501953125e-02
9.196090698242187500e-02
9.403181076049804688e-02
9.539055824279785156e-02
9.688830375671386719e-02
9.739875793457031250e-02
1.576707363128662109e-01
9.340000152587890625e-02
9.880948066711425781e-02
9.398341178894042969e-02
9.399795532226562500e-02
9.485983848571777344e-02
9.328365325927734375e-02
1.534669399261474609e-01
1.725745201110839844e-01
1.673283576965332031e-01
1.453068256378173828e-01
1.677894592285156250e-01
1.618173122406005859e-01
1.766517162322998047e-01
1.579663753509521484e-01
1.678724288940429688e-01
1.756680011749267578e-01
1.347334384918212891e-01
1.732332706451416016e-01
1.712310314178466797e-01
1.683423519134521484e-01
1.637408733367919922e-01
1.761808395385742188e-01
1.074788570404052734e-01
9.685635566711425781e-02
9.188175201416015625e-02
9.535002708435058594e-02
9.172201156616210938e-02
9.323239326477050781e-02
9.131526947021484375e-02
9.383678436279296875e-02
9.453749656677246094e-02
9.504222869873046875e-02
1.700456142425537109e-01
1.634025573730468750e-01
1.774027347564697266e-01
1.229097843170166016e-01
1.325559616088867188e-01
9.807991981506347656e-02
9.764075279235839844e-02
9.347438812255859375e-02
9.203100204467773438e-02
2.693774700164794922e-01
9.531807899475097656e-02
1.731686592102050781e-01
1.736478805541992188e-01
1.824371814727783203e-01
1.597383022308349609e-01
1.702432632446289062e-01
1.677832603454589844e-01
1.625025272369384766e-01
9.843158721923828125e-02
9.682536125183105469e-02
9.141063690185546875e-02
9.390401840209960938e-02
9.258198738098144531e-02
9.756636619567871094e-02
9.548759460449218750e-02
9.484529495239257812e-02
9.384989738464355469e-02
1.726453304290771484e-01
1.784725189208984375e-01
1.416127681732177734e-01
1.773376464843750000e-01
9.310889244079589844e-02
9.267497062683105469e-02
9.430241584777832031e-02
9.448289871215820312e-02
9.501266479492187500e-02
1.715865135192871094e-01
9.573340415954589844e-02
1.664638519287109375e-01
1.670923233032226562e-01
1.616866588592529297e-01
9.622478485107421875e-02
1.732409000396728516e-01
1.726081371307373047e-01
9.407019615173339844e-02
9.669017791748046875e-02
9.795045852661132812e-02
9.820151329040527344e-02
9.843420982360839844e-02
9.903383255004882812e-02
9.230375289916992188e-02
9.248852729797363281e-02
1.546792984008789062e-01
1.723682880401611328e-01
1.583468914031982422e-01
1.753098964691162109e-01
1.641790866851806641e-01
9.421515464782714844e-02
1.738941669464111328e-01
1.729269027709960938e-01
9.918379783630371094e-02
1.709105968475341797e-01
1.673595905303955078e-01
1.699776649475097656e-01
1.665856838226318359e-01
9.384655952453613281e-02
9.309887886047363281e-02
1.659922599792480469e-01
1.679894924163818359e-01
1.700594425201416016e-01
1.628320217132568359e-01
1.624660491943359375e-01
1.681907176971435547e-01
1.695289611816406250e-01
1.714129447937011719e-01
1.686089038848876953e-01
1.597902774810791016e-01
1.721980571746826172e-01
1.725759506225585938e-01
1.789650917053222656e-01
1.683154106140136719e-01
1.742506027221679688e-01
1.626558303833007812e-01
9.088897705078125000e-02
9.509277343750000000e-02
8.751797676086425781e-02
8.961963653564453125e-02
9.318113327026367188e-02
9.248161315917968750e-02
4.966092109680175781e-02
1.020426750183105469e-01
1.067743301391601562e-01
1.873469352722167969e-01
1.910569667816162109e-01
1.828372478485107422e-01
1.946413516998291016e-01
1.898138523101806641e-01
1.693356037139892578e-01
1.785571575164794922e-01
1.749355792999267578e-01
1.712861061096191406e-01
1.716012954711914062e-01
1.724693775177001953e-01
1.756069660186767578e-01
1.739404201507568359e-01
1.744050979614257812e-01
1.764876842498779297e-01
1.787898540496826172e-01
1.768290996551513672e-01
1.624510288238525391e-01
1.822023391723632812e-01
1.407709121704101562e-01
1.742217540740966797e-01
1.638970375061035156e-01
1.805129051208496094e-01
1.749255657196044922e-01
1.622262001037597656e-01
1.488478183746337891e-01
9.395623207092285156e-02
1.262485980987548828e-01
9.735703468322753906e-02
1.722404956817626953e-01
1.626112461090087891e-01
9.210968017578125000e-02
1.679151058197021484e-01
9.880638122558593750e-02
9.690237045288085938e-02
9.442830085754394531e-02
9.915113449096679688e-02
9.769988059997558594e-02
9.777784347534179688e-02
9.586763381958007812e-02
9.913635253906250000e-02
9.759140014648437500e-02
9.662461280822753906e-02
1.057975292205810547e-01
9.125709533691406250e-02
9.101891517639160156e-02
8.946251869201660156e-02
9.149837493896484375e-02
9.076786041259765625e-02
9.234404563903808594e-02
9.228897094726562500e-02
9.071731567382812500e-02
9.199333190917968750e-02
9.521961212158203125e-02
9.155917167663574219e-02
9.577250480651855469e-02
9.635925292968750000e-02
9.441757202148437500e-02
9.524273872375488281e-02
9.579300880432128906e-02
9.461474418640136719e-02
9.113836288452148438e-02
9.333896636962890625e-02
9.295845031738281250e-02
1.665408611297607422e-01
9.321045875549316406e-02
9.518408775329589844e-02
9.221291542053222656e-02
9.502887725830078125e-02
9.329962730407714844e-02
1.352226734161376953e-01
1.734130382537841797e-01
1.226873397827148438e-01
1.715703010559082031e-01
1.658325195312500000e-01
9.608054161071777344e-02
9.765577316284179688e-02
9.743571281433105469e-02
9.346747398376464844e-02
9.722828865051269531e-02
9.491324424743652344e-02
9.628558158874511719e-02
9.588074684143066406e-02
9.479999542236328125e-02
9.359407424926757812e-02
9.725522994995117188e-02
9.645152091979980469e-02
1.731917858123779297e-01
1.736054420471191406e-01
1.562576293945312500e-01
9.148430824279785156e-02
9.210991859436035156e-02
9.269499778747558594e-02
1.631212234497070312e-01
9.439086914062500000e-02
9.510493278503417969e-02
9.621858596801757812e-02
9.245157241821289062e-02
1.701507568359375000e-01
1.678836345672607422e-01
1.661512851715087891e-01
1.618161201477050781e-01
1.652333736419677734e-01
1.679475307464599609e-01
1.716051101684570312e-01
1.664662361145019531e-01
1.658990383148193359e-01
1.614401340484619141e-01
1.613082885742187500e-01
9.759044647216796875e-02
1.672794818878173828e-01
1.688182353973388672e-01
1.710357666015625000e-01
1.686840057373046875e-01
8.987379074096679688e-02
9.344768524169921875e-02
9.259748458862304688e-02
9.724450111389160156e-02
8.951020240783691406e-02
9.475660324096679688e-02
9.645533561706542969e-02
9.416007995605468750e-02
9.144377708435058594e-02
9.651708602905273438e-02
9.709620475769042969e-02
9.579014778137207031e-02
9.363198280334472656e-02
9.609055519104003906e-02
1.662099361419677734e-01
8.946704864501953125e-02
1.647446155548095703e-01
9.067893028259277344e-02
8.720421791076660156e-02
8.836293220520019531e-02
8.949089050292968750e-02
8.942985534667968750e-02
8.969068527221679688e-02
9.178566932678222656e-02
9.648180007934570312e-02
9.208154678344726562e-02
9.463238716125488281e-02
8.923888206481933594e-02
9.330797195434570312e-02
1.606457233428955078e-01
9.176659584045410156e-02
9.529852867126464844e-02
9.139990806579589844e-02
8.990311622619628906e-02
9.041452407836914062e-02
9.562206268310546875e-02
9.503769874572753906e-02
9.251570701599121094e-02
8.922338485717773438e-02
1.581773757934570312e-01
1.759750843048095703e-01
1.693639755249023438e-01
1.681916713714599609e-01
1.805429458618164062e-01
1.642591953277587891e-01
1.637482643127441406e-01
8.576130867004394531e-02
1.819057464599609375e-01
1.726222038269042969e-01
1.694760322570800781e-01
1.783373355865478516e-01
1.729593276977539062e-01
1.797204017639160156e-01
1.894991397857666016e-01
1.839509010314941406e-01
1.624586582183837891e-01
1.787610054016113281e-01
1.717603206634521484e-01
1.030299663543701172e-01
1.785492897033691406e-01
1.645047664642333984e-01
1.702749729156494141e-01
1.670289039611816406e-01
1.829969882965087891e-01
1.529200077056884766e-01
1.858646869659423828e-01
1.351835727691650391e-01
1.594688892364501953e-01
1.816911697387695312e-01
1.745948791503906250e-01
1.758491992950439453e-01
1.681256294250488281e-01
9.775090217590332031e-02
1.012926101684570312e-01
9.473395347595214844e-02
9.703302383422851562e-02
9.393811225891113281e-02
9.586668014526367188e-02
1.009087562561035156e-01
1.024878025054931641e-01
1.006641387939453125e-01
9.954404830932617188e-02
1.017386913299560547e-01
9.662055969238281250e-02
9.579944610595703125e-02
9.804201126098632812e-02
9.310364723205566406e-02
9.022521972656250000e-02
1.004431247711181641e-01
9.267807006835937500e-02
1.006662845611572266e-01
9.858441352844238281e-02
9.445142745971679688e-02
2.140834331512451172e-01
9.374666213989257812e-02
9.733295440673828125e-02
9.346318244934082031e-02
1.765632629394531250e-01
9.408354759216308594e-02
9.553885459899902344e-02
9.641599655151367188e-02
9.600186347961425781e-02
9.530544281005859375e-02
9.645295143127441406e-02
9.432339668273925781e-02
9.645223617553710938e-02
9.555339813232421875e-02
9.676957130432128906e-02
9.952759742736816406e-02
9.871888160705566406e-02
9.822297096252441406e-02
9.721016883850097656e-02
9.640359878540039062e-02
9.640741348266601562e-02
9.332466125488281250e-02
1.650612354278564453e-01
1.639161109924316406e-01
1.588916778564453125e-01
1.690564155578613281e-01
1.665546894073486328e-01
1.652700901031494141e-01
9.032964706420898438e-02
1.015977859497070312e-01
9.250211715698242188e-02
9.559845924377441406e-02
9.636545181274414062e-02
9.659576416015625000e-02
9.599685668945312500e-02
9.202718734741210938e-02
9.447216987609863281e-02
9.225964546203613281e-02
9.936976432800292969e-02
9.537911415100097656e-02
9.534835815429687500e-02
9.314298629760742188e-02
9.882783889770507812e-02
1.001183986663818359e-01
9.726262092590332031e-02
9.165906906127929688e-02
8.965253829956054688e-02
9.748911857604980469e-02
9.769392013549804688e-02
9.917569160461425781e-02
9.285092353820800781e-02
9.287285804748535156e-02
1.677682399749755859e-01
9.964132308959960938e-02
9.778833389282226562e-02
1.634290218353271484e-01
1.619281768798828125e-01
1.632246971130371094e-01
1.495685577392578125e-01
9.537482261657714844e-02
9.876036643981933594e-02
9.631896018981933594e-02
9.355831146240234375e-02
9.769678115844726562e-02
1.004848480224609375e-01
9.453582763671875000e-02
9.917855262756347656e-02
1.006801128387451172e-01
1.606936454772949219e-01
1.766922473907470703e-01
1.826210021972656250e-01
1.758282184600830078e-01
1.801834106445312500e-01
1.788961887359619141e-01
1.795885562896728516e-01
1.751058101654052734e-01
1.713914871215820312e-01
1.396796703338623047e-01
1.794178485870361328e-01
1.795673370361328125e-01
1.880819797515869141e-01
1.529164314270019531e-01
1.686716079711914062e-01
9.543561935424804688e-02
9.094142913818359375e-02
1.661403179168701172e-01
8.972311019897460938e-02
1.500008106231689453e-01
9.363722801208496094e-02
9.102368354797363281e-02
9.252262115478515625e-02
9.096622467041015625e-02
9.927892684936523438e-02
8.249402046203613281e-02
8.943033218383789062e-02
8.877038955688476562e-02
1.628630161285400391e-01
1.600887775421142578e-01
1.618859767913818359e-01
1.728904247283935547e-01
8.953809738159179688e-02
8.710098266601562500e-02
1.492092609405517578e-01
9.045457839965820312e-02
9.289312362670898438e-02
9.204268455505371094e-02
9.138989448547363281e-02
9.403491020202636719e-02
9.120225906372070312e-02
9.477829933166503906e-02
9.222149848937988281e-02
9.024953842163085938e-02
9.118390083312988281e-02
8.886790275573730469e-02
9.326243400573730469e-02
1.662929058074951172e-01
8.704638481140136719e-02
1.755702495574951172e-01
1.836061477661132812e-01
1.017885208129882812e-01
1.814315319061279297e-01
1.138784885406494141e-01
9.886050224304199219e-02
9.632229804992675781e-02
9.755015373229980469e-02
1.747806072235107422e-01
1.412215232849121094e-01
9.673380851745605469e-02
1.789932250976562500e-01
1.817572116851806641e-01
1.720399856567382812e-01
1.719481945037841797e-01
1.389038562774658203e-01
1.548378467559814453e-01
1.727371215820312500e-01
1.582951545715332031e-01
9.127187728881835938e-02
9.531188011169433594e-02
9.396553039550781250e-02
9.930253028869628906e-02
9.816741943359375000e-02
9.760499000549316406e-02
1.022629737854003906e-01
1.770746707916259766e-01
1.480133533477783203e-01
9.784746170043945312e-02
1.520993709564208984e-01
9.768056869506835938e-02
1.754519939422607422e-01
1.774652004241943359e-01
1.483845710754394531e-01
1.706821918487548828e-01
9.657287597656250000e-02
9.713768959045410156e-02
1.537115573883056641e-01
9.820151329040527344e-02
9.965515136718750000e-02
9.697079658508300781e-02
1.644175052642822266e-01
9.945631027221679688e-02
1.004533767700195312e-01
9.916353225708007812e-02
1.515436172485351562e-01
9.917283058166503906e-02
1.058881282806396484e-01
1.046104431152343750e-01
9.724926948547363281e-02
1.759364604949951172e-01
1.755614280700683594e-01
1.471536159515380859e-01
1.737582683563232422e-01
1.736683845520019531e-01
1.495583057403564453e-01
9.680962562561035156e-02
9.738349914550781250e-02
1.745221614837646484e-01
1.727635860443115234e-01
9.888195991516113281e-02
9.625530242919921875e-02
9.677553176879882812e-02
9.678721427917480469e-02
1.729688644409179688e-01
1.726653575897216797e-01
1.423792839050292969e-01
1.018121242523193359e-01
1.727581024169921875e-01
1.685760021209716797e-01
1.615865230560302734e-01
9.467363357543945312e-02
1.808884143829345703e-01
1.696701049804687500e-01
1.729691028594970703e-01
1.595304012298583984e-01
9.386897087097167969e-02
9.816598892211914062e-02
9.604430198669433594e-02
9.543538093566894531e-02
9.346318244934082031e-02
9.418606758117675781e-02
1.004073619842529297e-01
1.699671745300292969e-01
1.668322086334228516e-01
1.693670749664306641e-01
1.649346351623535156e-01
9.513616561889648438e-02
1.568906307220458984e-01
9.396696090698242188e-02
9.915566444396972656e-02
1.777169704437255859e-01
1.703608036041259766e-01
1.780383586883544922e-01
1.685013771057128906e-01
1.626150608062744141e-01
9.919905662536621094e-02
1.756184101104736328e-01
1.648938655853271484e-01
9.569668769836425781e-02
9.593558311462402344e-02
9.482884407043457031e-02
9.532880783081054688e-02
9.984135627746582031e-02
9.475898742675781250e-02
9.757828712463378906e-02
9.988379478454589844e-02
9.699463844299316406e-02
9.673738479614257812e-02
9.860301017761230469e-02
9.979796409606933594e-02
9.890651702880859375e-02
9.600567817687988281e-02
1.000463962554931641e-01
1.004393100738525391e-01
9.992957115173339844e-02
9.701085090637207031e-02
1.003842353820800781e-01
1.763830184936523438e-01
1.855897903442382812e-01
1.446032524108886719e-01
9.345269203186035156e-02
9.605455398559570312e-02
9.601855278015136719e-02
9.196591377258300781e-02
9.679126739501953125e-02
9.467101097106933594e-02
9.373068809509277344e-02
9.413051605224609375e-02
9.246230125427246094e-02
9.421944618225097656e-02
9.300041198730468750e-02
9.766459465026855469e-02
9.469270706176757812e-02
9.374976158142089844e-02
9.168219566345214844e-02
9.606862068176269531e-02
9.093427658081054688e-02
9.443306922912597656e-02
9.204459190368652344e-02
9.467720985412597656e-02
8.946275711059570312e-02
9.252524375915527344e-02
1.747777462005615234e-01
9.587216377258300781e-02
9.250259399414062500e-02
1.346459388732910156e-01
9.662199020385742188e-02
1.524667739868164062e-01
1.693892478942871094e-01
1.637392044067382812e-01
9.026217460632324219e-02
8.955621719360351562e-02
9.872078895568847656e-02
9.846496582031250000e-02
1.726264953613281250e-01
1.379799842834472656e-01
9.377384185791015625e-02
9.633016586303710938e-02
9.669494628906250000e-02
9.145998954772949219e-02
8.819770812988281250e-02
4.615569114685058594e-02
1.031694412231445312e-01
1.045689582824707031e-01
1.048915386199951172e-01
1.007232666015625000e-01
1.006124019622802734e-01
9.999704360961914062e-02
9.842658042907714844e-02
1.859738826751708984e-01
1.850113868713378906e-01
1.862161159515380859e-01
1.829116344451904297e-01
1.061110496520996094e-01
9.850931167602539062e-02
1.051411628723144531e-01
1.802051067352294922e-01
1.458234786987304688e-01
1.807253360748291016e-01
1.815025806427001953e-01
1.802048683166503906e-01
1.777141094207763672e-01
1.735351085662841797e-01
1.755721569061279297e-01
1.770944595336914062e-01
9.570550918579101562e-02
1.779348850250244141e-01
1.782903671264648438e-01
1.822333335876464844e-01
1.481876373291015625e-01
9.722876548767089844e-02
1.045894622802734375e-01
1.036031246185302734e-01
9.910130500793457031e-02
9.990429878234863281e-02
1.418228149414062500e-01
1.749448776245117188e-01
9.739470481872558594e-02
9.700846672058105469e-02
1.788814067840576172e-01
1.800832748413085938e-01
1.770131587982177734e-01
1.779518127441406250e-01
1.752583980560302734e-01
1.806070804595947266e-01
1.701650619506835938e-01
1.710021495819091797e-01
1.496486663818359375e-01
1.730439662933349609e-01
1.739583015441894531e-01
1.391997337341308594e-01
1.010169982910156250e-01
9.246277809143066406e-02
9.859395027160644531e-02
9.616708755493164062e-02
1.748712062835693359e-01
1.743264198303222656e-01
9.756135940551757812e-02
9.990334510803222656e-02
1.008436679840087891e-01
9.944772720336914062e-02
9.586930274963378906e-02
9.611058235168457031e-02
1.675357818603515625e-01
1.620817184448242188e-01
1.769061088562011719e-01
1.761159896850585938e-01
1.717486381530761719e-01
1.654655933380126953e-01
1.650280952453613281e-01
1.684737205505371094e-01
1.570281982421875000e-01
1.643006801605224609e-01
1.675169467926025391e-01
1.646387577056884766e-01
1.657118797302246094e-01
1.689851284027099609e-01
1.600623130798339844e-01
1.643319129943847656e-01
1.612253189086914062e-01
1.663217544555664062e-01
1.762545108795166016e-01
1.692919731140136719e-01
1.703991889953613281e-01
1.778304576873779297e-01
1.720194816589355469e-01
1.695930957794189453e-01
1.629083156585693359e-01
1.348202228546142578e-01
9.490871429443359375e-02
9.553480148315429688e-02
1.784121990203857422e-01
1.705896854400634766e-01
1.732542514801025391e-01
1.707437038421630859e-01
1.755573749542236328e-01
1.725339889526367188e-01
1.723344326019287109e-01
1.593387126922607422e-01
9.258699417114257812e-02
9.512662887573242188e-02
9.091138839721679688e-02
8.918905258178710938e-02
8.868122100830078125e-02
9.024000167846679688e-02
1.636605262756347656e-01
1.484699249267578125e-01
1.689252853393554688e-01
1.429054737091064453e-01
1.642405986785888672e-01
1.691169738769531250e-01
1.723928451538085938e-01
1.673688888549804688e-01
1.637222766876220703e-01
1.660408973693847656e-01
1.689810752868652344e-01
1.640992164611816406e-01
1.684470176696777344e-01
1.709022521972656250e-01
1.684041023254394531e-01
1.632764339447021484e-01
1.676573753356933594e-01
1.640229225158691406e-01
1.737356185913085938e-01
1.712782382965087891e-01
1.780035495758056641e-01
8.930921554565429688e-02
1.644356250762939453e-01
1.650130748748779297e-01
1.672675609588623047e-01
1.648471355438232422e-01
1.682071685791015625e-01
1.699881553649902344e-01
1.682662963867187500e-01
1.689260005950927734e-01
1.368045806884765625e-01
9.148335456848144531e-02
1.750595569610595703e-01
9.077477455139160156e-02
1.379134654998779297e-01
9.402561187744140625e-02
1.669502258300781250e-01
1.723787784576416016e-01
1.574246883392333984e-01
1.757359504699707031e-01
1.715469360351562500e-01
1.066968441009521484e-01
9.244513511657714844e-02
9.380507469177246094e-02
1.534693241119384766e-01
9.226679801940917969e-02
9.076857566833496094e-02
9.204602241516113281e-02
1.705391407012939453e-01
1.762053966522216797e-01
1.706423759460449219e-01
9.349536895751953125e-02
1.661593914031982422e-01
9.198331832885742188e-02
1.774687767028808594e-01
1.673333644866943359e-01
1.773002147674560547e-01
1.318383216857910156e-01
1.697347164154052734e-01
9.454298019409179688e-02
1.672327518463134766e-01
1.521022319793701172e-01
9.897422790527343750e-02
9.811067581176757812e-02
9.974336624145507812e-02
9.889650344848632812e-02
1.035220623016357422e-01
9.884023666381835938e-02
1.819865703582763672e-01
1.753981113433837891e-01
9.664154052734375000e-02
9.685611724853515625e-02
1.830947399139404297e-01
1.623744964599609375e-01
1.792585849761962891e-01
9.860515594482421875e-02
9.494590759277343750e-02
1.010112762451171875e-01
9.828472137451171875e-02
9.818363189697265625e-02
1.001467704772949219e-01
9.441947937011718750e-02
9.798502922058105469e-02
9.984588623046875000e-02
1.001491546630859375e-01
1.002376079559326172e-01
9.862136840820312500e-02
9.613227844238281250e-02
9.614348411560058594e-02
9.493041038513183594e-02
9.930586814880371094e-02
9.822249412536621094e-02
9.782981872558593750e-02
1.758863925933837891e-01
1.777415275573730469e-01
1.758537292480468750e-01
1.788976192474365234e-01
1.605737209320068359e-01
1.687369346618652344e-01
1.674520969390869141e-01
1.698980331420898438e-01
1.742200851440429688e-01
1.765813827514648438e-01
1.704716682434082031e-01
1.746685504913330078e-01
1.693193912506103516e-01
1.746299266815185547e-01
1.685192584991455078e-01
1.690769195556640625e-01
1.720438003540039062e-01
1.691465377807617188e-01
1.681706905364990234e-01
1.828603744506835938e-01
1.519467830657958984e-01
1.519730091094970703e-01
9.933042526245117188e-02
9.750819206237792969e-02
9.913587570190429688e-02
1.778380870819091797e-01
1.816561222076416016e-01
1.893711090087890625e-01
1.853060722351074219e-01
1.887032985687255859e-01
1.715018749237060547e-01
1.663751602172851562e-01
1.030766963958740234e-01
1.005010604858398438e-01
1.008760929107666016e-01
9.218692779541015625e-02
1.707072257995605469e-01
1.689717769622802734e-01
1.710522174835205078e-01
1.687533855438232422e-01
1.701536178588867188e-01
1.066687107086181641e-01
9.628987312316894531e-02
9.716439247131347656e-02
9.849786758422851562e-02
9.594178199768066406e-02
9.639906883239746094e-02
9.550356864929199219e-02
1.011121273040771484e-01
9.717249870300292969e-02
1.668534278869628906e-01
1.751129627227783203e-01
1.761238574981689453e-01
1.851422786712646484e-01
1.147048473358154297e-01
1.046261787414550781e-01
1.677582263946533203e-01
9.686350822448730469e-02
1.017854213714599609e-01
9.898424148559570312e-02
1.735739707946777344e-01
1.733222007751464844e-01
9.944272041320800781e-02
1.000599861145019531e-01
1.279475688934326172e-01
9.874224662780761719e-02
9.938240051269531250e-02
9.701681137084960938e-02
1.528429985046386719e-01
1.054775714874267578e-01
1.779959201812744141e-01
1.877434253692626953e-01
1.748621463775634766e-01
9.433078765869140625e-02
9.198307991027832031e-02
1.598331928253173828e-01
1.901454925537109375e-01
1.749970912933349609e-01
1.816351413726806641e-01
1.786394119262695312e-01
1.786940097808837891e-01
1.812701225280761719e-01
1.876266002655029297e-01
1.866981983184814453e-01
1.648702621459960938e-01
1.040666103363037109e-01
1.008207798004150391e-01
9.733104705810546875e-02
1.691999435424804688e-01
1.736419200897216797e-01
1.664974689483642578e-01
9.961533546447753906e-02
1.789393424987792969e-01
1.774060726165771484e-01
1.834599971771240234e-01
1.800956726074218750e-01
1.719388961791992188e-01
1.643512248992919922e-01
9.215760231018066406e-02
9.685730934143066406e-02
1.002485752105712891e-01
9.978675842285156250e-02
1.794764995574951172e-01
1.793711185455322266e-01
1.734371185302734375e-01
1.710066795349121094e-01
1.767098903656005859e-01
9.511017799377441406e-02
9.694409370422363281e-02
1.500570774078369141e-01
2.751529216766357422e-01
1.703186035156250000e-01
1.734750270843505859e-01
9.632730484008789062e-02
9.720301628112792969e-02
1.318891048431396484e-01
9.308719635009765625e-02
9.928774833679199219e-02
1.716573238372802734e-01
9.418249130249023438e-02
1.669697761535644531e-01
1.704080104827880859e-01
1.681702136993408203e-01
1.683521270751953125e-01
1.567122936248779297e-01
9.008693695068359375e-02
9.887337684631347656e-02
9.616851806640625000e-02
1.713733673095703125e-01
7.709908485412597656e-02
1.698362827301025391e-01
1.764733791351318359e-01
1.724636554718017578e-01
1.428570747375488281e-01
1.010823249816894531e-01
9.864664077758789062e-02
9.992909431457519531e-02
9.946775436401367188e-02
9.596419334411621094e-02
9.514045715332031250e-02
9.757161140441894531e-02
9.995198249816894531e-02
1.762974262237548828e-01
1.685545444488525391e-01
1.012015342712402344e-01
9.762978553771972656e-02
9.834456443786621094e-02
1.010556221008300781e-01
1.029021739959716797e-01
1.022670269012451172e-01
9.698915481567382812e-02
1.738898754119873047e-01
9.359431266784667969e-02
9.734821319580078125e-02
9.649395942687988281e-02
9.987759590148925781e-02
1.059050559997558594e-01
1.795194149017333984e-01
1.725473403930664062e-01
1.437239646911621094e-01
1.167142391204833984e-01
1.007089614868164062e-01
1.093442440032958984e-01
1.001594066619873047e-01
9.824681282043457031e-02
9.972834587097167969e-02
1.629433631896972656e-01
9.665322303771972656e-02
1.737143993377685547e-01
1.655454635620117188e-01
9.974360466003417969e-02
9.981060028076171875e-02
1.076910495758056641e-01
9.304118156433105469e-02
9.556937217712402344e-02
9.627342224121093750e-02
9.559535980224609375e-02
9.874272346496582031e-02
9.797668457031250000e-02
9.845113754272460938e-02
9.781193733215332031e-02
9.855937957763671875e-02
9.745907783508300781e-02
8.885407447814941406e-02
1.690750122070312500e-01
1.748855113983154297e-01
1.712670326232910156e-01
1.766228675842285156e-01
1.718599796295166016e-01
1.654837131500244141e-01
1.714837551116943359e-01
1.681244373321533203e-01
1.707146167755126953e-01
1.683042049407958984e-01
1.079683303833007812e-01
1.002094745635986328e-01
1.024715900421142578e-01
1.057801246643066406e-01
1.111412048339843750e-01
9.869956970214843750e-02
1.726400852203369141e-01
1.766018867492675781e-01
1.794369220733642578e-01
1.669569015502929688e-01
1.610844135284423828e-01
1.617431640625000000e-01
1.799144744873046875e-01
1.833376884460449219e-01
1.717364788055419922e-01
1.791715621948242188e-01
1.775047779083251953e-01
1.771368980407714844e-01
1.709790229797363281e-01
1.628770828247070312e-01
1.723675727844238281e-01
1.667654514312744141e-01
9.544873237609863281e-02
9.240508079528808594e-02
9.450817108154296875e-02
9.339833259582519531e-02
9.724187850952148438e-02
9.286689758300781250e-02
9.660887718200683594e-02
9.580039978027343750e-02
1.772806644439697266e-01
1.769104003906250000e-01
1.727571487426757812e-01
1.788887977600097656e-01
1.718847751617431641e-01
1.719207763671875000e-01
1.716787815093994141e-01
1.736581325531005859e-01
1.729950904846191406e-01
1.573081016540527344e-01
1.786293983459472656e-01
1.031334400177001953e-01
1.033337116241455078e-01
1.700353622436523438e-01
1.165938377380371094e-01
8.836531639099121094e-02
9.546136856079101562e-02
9.786295890808105469e-02
9.579706192016601562e-02
9.792637825012207031e-02
9.521102905273437500e-02
9.676742553710937500e-02
9.612178802490234375e-02
9.503602981567382812e-02
9.922218322753906250e-02
9.750318527221679688e-02
9.766983985900878906e-02
9.681200981140136719e-02
1.753830909729003906e-01
1.724164485931396484e-01
1.465084552764892578e-01
1.470379829406738281e-01
9.253549575805664062e-02
9.697175025939941406e-02
9.733319282531738281e-02
9.702014923095703125e-02
9.711384773254394531e-02
9.868383407592773438e-02
9.732818603515625000e-02
1.000194549560546875e-01
9.926939010620117188e-02
1.022109985351562500e-01
9.993886947631835938e-02
9.986996650695800781e-02
9.629535675048828125e-02
9.789085388183593750e-02
9.608721733093261719e-02
1.747350692749023438e-01
1.462488174438476562e-01
9.750795364379882812e-02
1.026923656463623047e-01
9.995388984680175781e-02
1.000208854675292969e-01
9.869861602783203125e-02
9.646606445312500000e-02
9.802961349487304688e-02
9.672307968139648438e-02
1.784176826477050781e-01
1.755304336547851562e-01
9.699416160583496094e-02
9.921669960021972656e-02
9.646677970886230469e-02
1.621086597442626953e-01
9.409499168395996094e-02
8.886528015136718750e-02
9.703040122985839844e-02
9.254860877990722656e-02
9.397053718566894531e-02
4.619359970092773438e-02
1.018550395965576172e-01
1.051361560821533203e-01
9.762525558471679688e-02
1.000530719757080078e-01
9.840512275695800781e-02
1.026017665863037109e-01
1.039843559265136719e-01
9.896039962768554688e-02
1.803760528564453125e-01
1.691825389862060547e-01
1.026000976562500000e-01
1.916365623474121094e-01
1.687800884246826172e-01
9.960031509399414062e-02
1.019024848937988281e-01
1.024701595306396484e-01
1.028196811676025391e-01
1.882750988006591797e-01
1.902048587799072266e-01
1.876652240753173828e-01
1.855437755584716797e-01
1.037764549255371094e-01
1.016931533813476562e-01
1.008603572845458984e-01
1.022505760192871094e-01
1.788017749786376953e-01
1.790814399719238281e-01
1.791796684265136719e-01
1.522517204284667969e-01
1.013066768646240234e-01
9.916615486145019531e-02
9.846830368041992188e-02
9.650206565856933594e-02
9.761190414428710938e-02
9.532642364501953125e-02
1.030840873718261719e-01
9.762907028198242188e-02
9.759211540222167969e-02
9.580492973327636719e-02
9.767675399780273438e-02
9.091448783874511719e-02
9.740352630615234375e-02
9.793829917907714844e-02
9.850645065307617188e-02
9.632539749145507812e-02
1.000661849975585938e-01
9.690642356872558594e-02
9.242439270019531250e-02
9.672904014587402344e-02
1.746349334716796875e-01
9.306621551513671875e-02
9.669852256774902344e-02
9.564089775085449219e-02
9.525132179260253906e-02
9.676194190979003906e-02
9.674739837646484375e-02
9.509062767028808594e-02
9.545850753784179688e-02
1.789145469665527344e-01
1.006979942321777344e-01
9.816241264343261719e-02
9.787702560424804688e-02
9.755301475524902344e-02
9.519147872924804688e-02
9.378147125244140625e-02
9.978246688842773438e-02
9.798717498779296875e-02
9.834504127502441406e-02
9.828472137451171875e-02
1.745772361755371094e-01
1.844303607940673828e-01
1.755573749542236328e-01
9.907293319702148438e-02
1.035962104797363281e-01
1.216783523559570312e-01
1.724245548248291016e-01
1.780006885528564453e-01
1.075973510742187500e-01
1.041774749755859375e-01
1.797971725463867188e-01
1.875705718994140625e-01
1.775255203247070312e-01
9.679460525512695312e-02
1.768486499786376953e-01
1.704781055450439453e-01
9.748816490173339844e-02
9.540653228759765625e-02
1.028323173522949219e-01
1.603662967681884766e-01
9.560346603393554688e-02
1.732590198516845703e-01
1.705656051635742188e-01
1.135585308074951172e-01
9.213590621948242188e-02
9.455418586730957031e-02
9.206080436706542969e-02
9.187936782836914062e-02
1.731801033020019531e-01
1.063702106475830078e-01
9.977483749389648438e-02
1.058332920074462891e-01
9.711289405822753906e-02
9.648108482360839844e-02
9.842348098754882812e-02
9.650492668151855469e-02
9.388637542724609375e-02
9.248995780944824219e-02
1.677799224853515625e-01
1.000185012817382812e-01
9.659838676452636719e-02
1.004221439361572266e-01
1.095151901245117188e-01
1.780691146850585938e-01
1.456480026245117188e-01
1.026012897491455078e-01
1.755199432373046875e-01
1.005470752716064453e-01
9.530448913574218750e-02
9.786462783813476562e-02
9.401559829711914062e-02
9.473633766174316406e-02
9.417271614074707031e-02
9.483623504638671875e-02
1.028571128845214844e-01
1.006562709808349609e-01
9.706568717956542969e-02
1.018636226654052734e-01
1.038682460784912109e-01
1.701514720916748047e-01
9.866428375244140625e-02
1.185679435729980469e-01
1.064095497131347656e-01
1.048514842987060547e-01
1.107239723205566406e-01
1.028966903686523438e-01
1.632504463195800781e-01
1.703765392303466797e-01
1.687214374542236328e-01
1.536014080047607422e-01
1.041016578674316406e-01
1.149873733520507812e-01
1.072123050689697266e-01
1.307830810546875000e-01
9.560942649841308594e-02
9.794521331787109375e-02
9.575104713439941406e-02
9.713196754455566406e-02
9.395217895507812500e-02
9.841990470886230469e-02
1.030156612396240234e-01
9.752249717712402344e-02
1.753933429718017578e-01
1.800620555877685547e-01
1.723806858062744141e-01
1.747429370880126953e-01
1.706256866455078125e-01
1.630904674530029297e-01
9.714674949645996094e-02
9.603762626647949219e-02
9.525203704833984375e-02
9.087204933166503906e-02
9.695625305175781250e-02
5.218458175659179688e-02
1.828186511993408203e-01
1.139101982116699219e-01
1.029803752899169922e-01
1.045193672180175781e-01
1.090371608734130859e-01
1.058137416839599609e-01
1.024909019470214844e-01
1.465487480163574219e-01
9.663081169128417969e-02
1.013517379760742188e-01
1.681559085845947266e-01
1.819114685058593750e-01
1.773128509521484375e-01
1.612865924835205078e-01
1.711857318878173828e-01
1.716804504394531250e-01
1.783933639526367188e-01
1.763722896575927734e-01
1.805248260498046875e-01
1.851656436920166016e-01
1.853003501892089844e-01
1.843752861022949219e-01
1.827871799468994141e-01
1.822419166564941406e-01
1.841714382171630859e-01
1.789824962615966797e-01
1.013085842132568359e-01
1.012229919433593750e-01
1.401391029357910156e-01
9.239530563354492188e-02
9.208083152770996094e-02
1.006789207458496094e-01
9.357213973999023438e-02
9.950375556945800781e-02
9.752798080444335938e-02
9.487342834472656250e-02
9.229302406311035156e-02
9.508800506591796875e-02
9.397554397583007812e-02
9.436225891113281250e-02
1.665380001068115234e-01
1.616270542144775391e-01
9.469199180603027344e-02
9.664487838745117188e-02
9.898543357849121094e-02
1.101369857788085938e-01
9.716534614562988281e-02
9.758400917053222656e-02
9.615683555603027344e-02
9.744024276733398438e-02
9.403347969055175781e-02
9.161877632141113281e-02
9.324073791503906250e-02
9.506106376647949219e-02
1.704411506652832031e-01
1.673374176025390625e-01
9.548068046569824219e-02
9.693241119384765625e-02
9.182882308959960938e-02
9.370493888854980469e-02
9.222245216369628906e-02
9.854888916015625000e-02
1.652638912200927734e-01
9.159946441650390625e-02
9.945464134216308594e-02
9.765362739562988281e-02
9.350442886352539062e-02
9.283041954040527344e-02
1.059226989746093750e-01
9.489893913269042969e-02
9.467530250549316406e-02
9.964728355407714844e-02
9.200429916381835938e-02
9.183263778686523438e-02
9.153628349304199219e-02
9.393191337585449219e-02
9.463691711425781250e-02
9.165668487548828125e-02
1.675655841827392578e-01
1.725180149078369141e-01
1.612367630004882812e-01
1.029121875762939453e-01
1.591019630432128906e-01
9.475970268249511719e-02
9.407472610473632812e-02
1.240940093994140625e-01
9.277319908142089844e-02
9.944391250610351562e-02
9.628629684448242188e-02
1.702401638031005859e-01
1.619372367858886719e-01
9.033417701721191406e-02
1.660406589508056641e-01
9.660792350769042969e-02
9.903430938720703125e-02
1.539900302886962891e-01
9.672236442565917969e-02
9.241676330566406250e-02
1.232435703277587891e-01
9.350991249084472656e-02
1.562113761901855469e-01
1.694872379302978516e-01
1.730525493621826172e-01
1.731181144714355469e-01
1.734318733215332031e-01
1.742165088653564453e-01
9.072256088256835938e-02
1.257829666137695312e-01
1.042723655700683594e-01
9.911870956420898438e-02
9.901976585388183594e-02
9.815669059753417969e-02
9.932827949523925781e-02
1.026301383972167969e-01
1.765382289886474609e-01
1.481356620788574219e-01
9.949159622192382812e-02
1.082901954650878906e-01
9.730839729309082031e-02
1.005098819732666016e-01
1.715157032012939453e-01
1.646506786346435547e-01
1.702389717102050781e-01
1.662018299102783203e-01
1.068742275238037109e-01
9.651803970336914062e-02
1.092090606689453125e-01
1.757476329803466797e-01
1.705110073089599609e-01
1.674799919128417969e-01
1.520986557006835938e-01
