9.251737594604492188e-02
9.101700782775878906e-02
9.048080444335937500e-02
1.664402484893798828e-01
8.930635452270507812e-02
1.654589176177978516e-01
1.578335762023925781e-01
1.143825054168701172e-01
9.458947181701660156e-02
9.119486808776855469e-02
8.649015426635742188e-02
8.388972282409667969e-02
8.568334579467773438e-02
8.229780197143554688e-02
8.435249328613281250e-02
8.987689018249511719e-02
8.555507659912109375e-02
8.699464797973632812e-02
1.291294097900390625e-01
8.973574638366699219e-02
8.880043029785156250e-02
8.286643028259277344e-02
8.831334114074707031e-02
8.571791648864746094e-02
8.722972869873046875e-02
8.573913574218750000e-02
9.824252128601074219e-02
8.684730529785156250e-02
8.880281448364257812e-02
9.007191658020019531e-02
1.025331020355224609e-01
8.911228179931640625e-02
9.918904304504394531e-02
9.866452217102050781e-02
8.565497398376464844e-02
1.631014347076416016e-01
1.624116897583007812e-01
1.629059314727783203e-01
1.625683307647705078e-01
1.589434146881103516e-01
1.573860645294189453e-01
1.602787971496582031e-01
1.594243049621582031e-01
1.613993644714355469e-01
1.298725605010986328e-01
8.451890945434570312e-02
1.589643955230712891e-01
1.606810092926025391e-01
1.573801040649414062e-01
1.625981330871582031e-01
1.216723918914794922e-01
1.632053852081298828e-01
1.615836620330810547e-01
8.880209922790527344e-02
1.605904102325439453e-01
1.568377017974853516e-01
1.624305248260498047e-01
1.404151916503906250e-01
1.406402587890625000e-01
9.296536445617675781e-02
8.717799186706542969e-02
8.997535705566406250e-02
8.985877037048339844e-02
8.461046218872070312e-02
8.859634399414062500e-02
8.558726310729980469e-02
8.944368362426757812e-02
8.590817451477050781e-02
8.926796913146972656e-02
8.830094337463378906e-02
8.676123619079589844e-02
8.410072326660156250e-02
8.784389495849609375e-02
8.480739593505859375e-02
1.640329360961914062e-01
9.316277503967285156e-02
9.144806861877441406e-02
8.851814270019531250e-02
9.073209762573242188e-02
9.276938438415527344e-02
9.421634674072265625e-02
8.990383148193359375e-02
1.695458889007568359e-01
1.574449539184570312e-01
8.886575698852539062e-02
1.301245689392089844e-01
1.697385311126708984e-01
9.419131278991699219e-02
9.235382080078125000e-02
1.682665348052978516e-01
9.313273429870605469e-02
8.928728103637695312e-02
8.732080459594726562e-02
8.522868156433105469e-02
8.497262001037597656e-02
9.152269363403320312e-02
8.871197700500488281e-02
9.067535400390625000e-02
2.474060058593750000e-01
1.680200099945068359e-01
1.652967929840087891e-01
1.537899971008300781e-01
1.676108837127685547e-01
9.330010414123535156e-02
8.913660049438476562e-02
1.588492393493652344e-01
9.269475936889648438e-02
1.687848567962646484e-01
1.079370975494384766e-01
1.611559391021728516e-01
1.818022727966308594e-01
1.333510875701904297e-01
1.326744556427001953e-01
9.193181991577148438e-02
9.075403213500976562e-02
9.423327445983886719e-02
8.919477462768554688e-02
9.493732452392578125e-02
9.160733222961425781e-02
9.454917907714843750e-02
9.405255317687988281e-02
8.838438987731933594e-02
8.512401580810546875e-02
8.672618865966796875e-02
9.515762329101562500e-02
8.890724182128906250e-02
8.895874023437500000e-02
8.972048759460449219e-02
8.965945243835449219e-02
9.209632873535156250e-02
9.474921226501464844e-02
9.389328956604003906e-02
9.270334243774414062e-02
9.510517120361328125e-02
9.641027450561523438e-02
9.491395950317382812e-02
9.368062019348144531e-02
9.147238731384277344e-02
9.371066093444824219e-02
9.544682502746582031e-02
9.663248062133789062e-02
9.902715682983398438e-02
9.554171562194824219e-02
9.418702125549316406e-02
9.617209434509277344e-02
9.361004829406738281e-02
9.554719924926757812e-02
9.805679321289062500e-02
9.335327148437500000e-02
9.198188781738281250e-02
9.453225135803222656e-02
9.350943565368652344e-02
1.667790412902832031e-01
1.639184951782226562e-01
1.347525119781494141e-01
9.345626831054687500e-02
9.278655052185058594e-02
9.583497047424316406e-02
9.414219856262207031e-02
9.085059165954589844e-02
9.335470199584960938e-02
1.021564006805419922e-01
4.600453376770019531e-02
9.911370277404785156e-02
9.712338447570800781e-02
9.677791595458984375e-02
9.770298004150390625e-02
9.917664527893066406e-02
9.670424461364746094e-02
9.434533119201660156e-02
9.577131271362304688e-02
9.949040412902832031e-02
9.911155700683593750e-02
9.793210029602050781e-02
9.930777549743652344e-02
1.012010574340820312e-01
9.727764129638671875e-02
1.017472743988037109e-01
1.680674552917480469e-01
1.318864822387695312e-01
9.658145904541015625e-02
9.683012962341308594e-02
9.593939781188964844e-02
9.614276885986328125e-02
9.483051300048828125e-02
9.757232666015625000e-02
9.396743774414062500e-02
9.421515464782714844e-02
9.947228431701660156e-02
9.509968757629394531e-02
9.530401229858398438e-02
9.665584564208984375e-02
9.819364547729492188e-02
1.341633796691894531e-01
9.501791000366210938e-02
9.694361686706542969e-02
9.830236434936523438e-02
9.556984901428222656e-02
9.408164024353027344e-02
9.446597099304199219e-02
1.790471076965332031e-01
1.761679649353027344e-01
1.590182781219482422e-01
1.631684303283691406e-01
9.592270851135253906e-02
9.990191459655761719e-02
9.825325012207031250e-02
1.713953018188476562e-01
1.702048778533935547e-01
1.752390861511230469e-01
1.659526824951171875e-01
9.282565116882324219e-02
1.667633056640625000e-01
1.795043945312500000e-01
9.815144538879394531e-02
9.773564338684082031e-02
9.417057037353515625e-02
9.293270111083984375e-02
9.503531455993652344e-02
1.643934249877929688e-01
8.804011344909667969e-02
9.240102767944335938e-02
9.601855278015136719e-02
9.515690803527832031e-02
1.717929840087890625e-01
1.646201610565185547e-01
8.839058876037597656e-02
9.212565422058105469e-02
1.580541133880615234e-01
9.605550765991210938e-02
8.779382705688476562e-02
9.024930000305175781e-02
9.349203109741210938e-02
8.993053436279296875e-02
9.020543098449707031e-02
8.993792533874511719e-02
9.368276596069335938e-02
9.480094909667968750e-02
1.742436885833740234e-01
9.568476676940917969e-02
8.736801147460937500e-02
8.899092674255371094e-02
8.930635452270507812e-02
9.638619422912597656e-02
9.375739097595214844e-02
9.615755081176757812e-02
9.065222740173339844e-02
1.237065792083740234e-01
1.059472560882568359e-01
9.870815277099609375e-02
9.710407257080078125e-02
9.833979606628417969e-02
9.465980529785156250e-02
9.853219985961914062e-02
1.267194747924804688e-01
1.011240482330322266e-01
1.589992046356201172e-01
1.350090503692626953e-01
9.383153915405273438e-02
8.941817283630371094e-02
8.557105064392089844e-02
9.265947341918945312e-02
1.626162528991699219e-01
1.664597988128662109e-01
1.536314487457275391e-01
1.043865680694580078e-01
1.186769008636474609e-01
1.792173385620117188e-01
1.731495857238769531e-01
1.776051521301269531e-01
1.622083187103271484e-01
1.162979602813720703e-01
1.554639339447021484e-01
1.446304321289062500e-01
1.611113548278808594e-01
1.641612052917480469e-01
1.659171581268310547e-01
1.518430709838867188e-01
8.005285263061523438e-02
8.242225646972656250e-02
9.016871452331542969e-02
1.669785976409912109e-01
1.610069274902343750e-01
1.650764942169189453e-01
1.487462520599365234e-01
9.403133392333984375e-02
1.622376441955566406e-01
1.637787818908691406e-01
1.641418933868408203e-01
1.607310771942138672e-01
1.666495800018310547e-01
1.214053630828857422e-01
8.682060241699218750e-02
8.899188041687011719e-02
9.433913230895996094e-02
1.660766601562500000e-01
1.669964790344238281e-01
1.653263568878173828e-01
1.714694499969482422e-01
1.326003074645996094e-01
8.767509460449218750e-02
1.357815265655517578e-01
9.502315521240234375e-02
8.855843544006347656e-02
1.066672801971435547e-01
1.676123142242431641e-01
1.686520576477050781e-01
1.120803356170654297e-01
1.053051948547363281e-01
9.013891220092773438e-02
8.673954010009765625e-02
1.621885299682617188e-01
8.908987045288085938e-02
8.652901649475097656e-02
1.069400310516357422e-01
9.743046760559082031e-02
1.581778526306152344e-01
1.596422195434570312e-01
1.611104011535644531e-01
1.593048572540283203e-01
8.577275276184082031e-02
9.606552124023437500e-02
9.649276733398437500e-02
8.719205856323242188e-02
1.575798988342285156e-01
4.361557960510253906e-02
1.025118827819824219e-01
1.715385913848876953e-01
1.833078861236572266e-01
1.701593399047851562e-01
9.567093849182128906e-02
9.350967407226562500e-02
9.498691558837890625e-02
9.804272651672363281e-02
1.675827503204345703e-01
1.474797725677490234e-01
1.768593788146972656e-01
1.837069988250732422e-01
1.812093257904052734e-01
1.769628524780273438e-01
9.809947013854980469e-02
1.106805801391601562e-01
1.020801067352294922e-01
1.677851676940917969e-01
1.004817485809326172e-01
9.769749641418457031e-02
9.751105308532714844e-02
9.660124778747558594e-02
9.922289848327636719e-02
1.015138626098632812e-01
9.816217422485351562e-02
1.004328727722167969e-01
1.001784801483154297e-01
1.001093387603759766e-01
9.803676605224609375e-02
1.085553169250488281e-01
1.046102046966552734e-01
1.002583503723144531e-01
9.526896476745605469e-02
1.613197326660156250e-01
1.427874565124511719e-01
1.923484802246093750e-01
1.828167438507080078e-01
1.825463771820068359e-01
1.832990646362304688e-01
1.892859935760498047e-01
1.119127273559570312e-01
9.950137138366699219e-02
9.974431991577148438e-02
1.035029888153076172e-01
1.116061210632324219e-01
1.009631156921386719e-01
1.778233051300048828e-01
1.742029190063476562e-01
1.016774177551269531e-01
1.900191307067871094e-01
1.855721473693847656e-01
1.553530693054199219e-01
1.793382167816162109e-01
9.857630729675292969e-02
1.002969741821289062e-01
9.790563583374023438e-02
1.027529239654541016e-01
1.028528213500976562e-01
9.944915771484375000e-02
1.006517410278320312e-01
1.070575714111328125e-01
1.110336780548095703e-01
9.910535812377929688e-02
1.005671024322509766e-01
1.023778915405273438e-01
1.075294017791748047e-01
1.050624847412109375e-01
1.065666675567626953e-01
9.984183311462402344e-02
1.043050289154052734e-01
9.839367866516113281e-02
1.079680919647216797e-01
1.047186851501464844e-01
1.059293746948242188e-01
1.040992736816406250e-01
1.055393218994140625e-01
1.024384498596191406e-01
1.642279624938964844e-01
9.481048583984375000e-02
1.757528781890869141e-01
1.689779758453369141e-01
1.728296279907226562e-01
1.132516860961914062e-01
9.309220314025878906e-02
9.537339210510253906e-02
9.385490417480468750e-02
9.784960746765136719e-02
1.665165424346923828e-01
9.769797325134277344e-02
9.795403480529785156e-02
1.802484989166259766e-01
1.738228797912597656e-01
1.734557151794433594e-01
1.736283302307128906e-01
1.682286262512207031e-01
1.402282714843750000e-01
1.410541534423828125e-01
1.712656021118164062e-01
1.728670597076416016e-01
1.696422100067138672e-01
1.491439342498779297e-01
1.627435684204101562e-01
9.406614303588867188e-02
9.821915626525878906e-02
9.353446960449218750e-02
9.525704383850097656e-02
9.426546096801757812e-02
1.772525310516357422e-01
1.740531921386718750e-01
1.730489730834960938e-01
1.456668376922607422e-01
9.420132637023925781e-02
1.459865570068359375e-01
9.469246864318847656e-02
9.317731857299804688e-02
9.538030624389648438e-02
9.667110443115234375e-02
9.981346130371093750e-02
9.715414047241210938e-02
9.509754180908203125e-02
1.008877754211425781e-01
9.852600097656250000e-02
9.210968017578125000e-02
9.266853332519531250e-02
9.447383880615234375e-02
1.387207508087158203e-01
1.632685661315917969e-01
9.390616416931152344e-02
9.660243988037109375e-02
9.732866287231445312e-02
9.996819496154785156e-02
1.006529331207275391e-01
9.647822380065917969e-02
9.366369247436523438e-02
1.531000137329101562e-01
1.709294319152832031e-01
1.717152595520019531e-01
1.728138923645019531e-01
1.674060821533203125e-01
1.693859100341796875e-01
1.683456897735595703e-01
1.705234050750732422e-01
1.704187393188476562e-01
1.565873622894287109e-01
9.547209739685058594e-02
1.001787185668945312e-01
9.698176383972167969e-02
1.002840995788574219e-01
9.707117080688476562e-02
9.285163879394531250e-02
9.409165382385253906e-02
9.762406349182128906e-02
9.631967544555664062e-02
9.833502769470214844e-02
9.817290306091308594e-02
9.763503074645996094e-02
1.562027931213378906e-01
9.503531455993652344e-02
9.378409385681152344e-02
9.205389022827148438e-02
9.510946273803710938e-02
1.801095008850097656e-01
9.867238998413085938e-02
1.915674209594726562e-01
1.894972324371337891e-01
1.017949581146240234e-01
1.816194057464599609e-01
1.850197315216064453e-01
1.471536159515380859e-01
1.026315689086914062e-01
9.733629226684570312e-02
9.752416610717773438e-02
1.018452644348144531e-01
9.763789176940917969e-02
1.707839965820312500e-01
1.771440505981445312e-01
1.613414287567138672e-01
9.925031661987304688e-02
9.904789924621582031e-02
1.013190746307373047e-01
1.040482521057128906e-01
1.032028198242187500e-01
9.498786926269531250e-02
9.925937652587890625e-02
9.735941886901855469e-02
9.641432762145996094e-02
1.663455963134765625e-01
1.709611415863037109e-01
1.619899272918701172e-01
1.357688903808593750e-01
9.535598754882812500e-02
8.894681930541992188e-02
1.727030277252197266e-01
1.058857440948486328e-01
9.640240669250488281e-02
9.186649322509765625e-02
9.110212326049804688e-02
9.429025650024414062e-02
9.332418441772460938e-02
9.649085998535156250e-02
9.816336631774902344e-02
9.664583206176757812e-02
9.480452537536621094e-02
9.453129768371582031e-02
9.285998344421386719e-02
9.421348571777343750e-02
1.633040904998779297e-01
1.799154281616210938e-01
1.787438392639160156e-01
1.734282970428466797e-01
1.738913059234619141e-01
1.702075004577636719e-01
1.756203174591064453e-01
1.718153953552246094e-01
1.722803115844726562e-01
1.697216033935546875e-01
1.746807098388671875e-01
1.752290725708007812e-01
1.754972934722900391e-01
1.731653213500976562e-01
1.760778427124023438e-01
1.538667678833007812e-01
9.344744682312011719e-02
9.332776069641113281e-02
1.112978458404541016e-01
1.766686439514160156e-01
1.760792732238769531e-01
1.780922412872314453e-01
1.461269855499267578e-01
1.753647327423095703e-01
1.744461059570312500e-01
1.746673583984375000e-01
1.795430183410644531e-01
1.724438667297363281e-01
1.683268547058105469e-01
1.637518405914306641e-01
1.681964397430419922e-01
1.722652912139892578e-01
1.733675003051757812e-01
1.667611598968505859e-01
1.708874702453613281e-01
1.678719520568847656e-01
1.478416919708251953e-01
1.657109260559082031e-01
1.411910057067871094e-01
1.662309169769287109e-01
1.629457473754882812e-01
1.711974143981933594e-01
1.684060096740722656e-01
1.611196994781494141e-01
1.663029193878173828e-01
1.657605171203613281e-01
1.693577766418457031e-01
1.664102077484130859e-01
1.710567474365234375e-01
1.721534729003906250e-01
1.648592948913574219e-01
1.693012714385986328e-01
1.703064441680908203e-01
1.653218269348144531e-01
1.562523841857910156e-01
1.724941730499267578e-01
1.727628707885742188e-01
1.715321540832519531e-01
1.592469215393066406e-01
1.666839122772216797e-01
1.773416996002197266e-01
1.343431472778320312e-01
9.342980384826660156e-02
9.202003479003906250e-02
9.030485153198242188e-02
8.739328384399414062e-02
1.720459461212158203e-01
1.615164279937744141e-01
9.320545196533203125e-02
9.166789054870605469e-02
9.003353118896484375e-02
9.935212135314941406e-02
9.436655044555664062e-02
1.679210662841796875e-01
9.266805648803710938e-02
9.829807281494140625e-02
9.379863739013671875e-02
9.446072578430175781e-02
9.691953659057617188e-02
9.574389457702636719e-02
1.002266407012939453e-01
9.354400634765625000e-02
9.843325614929199219e-02
9.380316734313964844e-02
9.437465667724609375e-02
2.163796424865722656e-01
8.777976036071777344e-02
9.541988372802734375e-02
9.109830856323242188e-02
9.342193603515625000e-02
9.516525268554687500e-02
9.333419799804687500e-02
8.966422080993652344e-02
8.958649635314941406e-02
9.091234207153320312e-02
9.328293800354003906e-02
9.390544891357421875e-02
8.795356750488281250e-02
9.161806106567382812e-02
9.154725074768066406e-02
9.178042411804199219e-02
9.509778022766113281e-02
9.085941314697265625e-02
9.266543388366699219e-02
9.156870841979980469e-02
9.365606307983398438e-02
8.883309364318847656e-02
9.464716911315917969e-02
9.467601776123046875e-02
1.722671985626220703e-01
1.677870750427246094e-01
1.667146682739257812e-01
1.679406166076660156e-01
1.625294685363769531e-01
9.033131599426269531e-02
9.560894966125488281e-02
9.680533409118652344e-02
9.426617622375488281e-02
9.240698814392089844e-02
4.634141921997070312e-02
1.086592674255371094e-01
1.081399917602539062e-01
1.034073829650878906e-01
1.849400997161865234e-01
1.955108642578125000e-01
1.928131580352783203e-01
1.839680671691894531e-01
1.504085063934326172e-01
1.891574859619140625e-01
1.894991397857666016e-01
1.061255931854248047e-01
1.871824264526367188e-01
1.931011676788330078e-01
1.871519088745117188e-01
1.906292438507080078e-01
1.844391822814941406e-01
1.913752555847167969e-01
1.713984012603759766e-01
1.724267005920410156e-01
9.872937202453613281e-02
1.009724140167236328e-01
1.788301467895507812e-01
1.656761169433593750e-01
1.741976737976074219e-01
9.589719772338867188e-02
9.959554672241210938e-02
9.707140922546386719e-02
9.678983688354492188e-02
9.764075279235839844e-02
9.576678276062011719e-02
9.832501411437988281e-02
9.700822830200195312e-02
9.590029716491699219e-02
9.451985359191894531e-02
9.247970581054687500e-02
9.439659118652343750e-02
9.639072418212890625e-02
9.707689285278320312e-02
9.746050834655761719e-02
9.972310066223144531e-02
1.000809669494628906e-01
9.519195556640625000e-02
9.931993484497070312e-02
9.494018554687500000e-02
1.790790557861328125e-01
1.760814189910888672e-01
1.395514011383056641e-01
1.725690364837646484e-01
1.558804512023925781e-01
9.804058074951171875e-02
1.756622791290283203e-01
1.758847236633300781e-01
1.720919609069824219e-01
9.661316871643066406e-02
1.590130329132080078e-01
1.809587478637695312e-01
1.411397457122802734e-01
9.293127059936523438e-02
1.703908443450927734e-01
1.756758689880371094e-01
1.441504955291748047e-01
9.327435493469238281e-02
9.331440925598144531e-02
9.076881408691406250e-02
9.668278694152832031e-02
1.681599617004394531e-01
1.390004158020019531e-01
9.292459487915039062e-02
1.010680198669433594e-01
9.504628181457519531e-02
9.392642974853515625e-02
9.121036529541015625e-02
9.143519401550292969e-02
9.823584556579589844e-02
9.261083602905273438e-02
9.397506713867187500e-02
1.597914695739746094e-01
9.284877777099609375e-02
9.532642364501953125e-02
9.294247627258300781e-02
9.455752372741699219e-02
9.695410728454589844e-02
9.554433822631835938e-02
9.099197387695312500e-02
1.726164817810058594e-01
1.716549396514892578e-01
1.673035621643066406e-01
1.679131984710693359e-01
1.382479667663574219e-01
9.179902076721191406e-02
9.766221046447753906e-02
9.203529357910156250e-02
9.451770782470703125e-02
8.901643753051757812e-02
9.380769729614257812e-02
9.278464317321777344e-02
9.390163421630859375e-02
9.225320816040039062e-02
9.868431091308593750e-02
9.330058097839355469e-02
9.639787673950195312e-02
9.470295906066894531e-02
9.438848495483398438e-02
9.103536605834960938e-02
1.618258953094482422e-01
1.379139423370361328e-01
8.874869346618652344e-02
8.934497833251953125e-02
8.918786048889160156e-02
9.170389175415039062e-02
9.608078002929687500e-02
9.351110458374023438e-02
8.934140205383300781e-02
1.033120155334472656e-01
9.028697013854980469e-02
9.384942054748535156e-02
8.268213272094726562e-02
1.553795337677001953e-01
1.585547924041748047e-01
1.603446006774902344e-01
1.474239826202392578e-01
9.029769897460937500e-02
9.120082855224609375e-02
8.966088294982910156e-02
8.484816551208496094e-02
1.590979099273681641e-01
9.302330017089843750e-02
8.563327789306640625e-02
1.603832244873046875e-01
1.666719913482666016e-01
9.068036079406738281e-02
1.679639816284179688e-01
1.641921997070312500e-01
1.648993492126464844e-01
8.954286575317382812e-02
9.157800674438476562e-02
9.044671058654785156e-02
1.694476604461669922e-01
1.675074100494384766e-01
1.218895912170410156e-01
9.353184700012207031e-02
8.574104309082031250e-02
8.451032638549804688e-02
8.568143844604492188e-02
9.026074409484863281e-02
8.949351310729980469e-02
9.064698219299316406e-02
8.565473556518554688e-02
1.634917259216308594e-01
9.312677383422851562e-02
9.208488464355468750e-02
1.631877422332763672e-01
1.614162921905517578e-01
1.611051559448242188e-01
1.657595634460449219e-01
9.332537651062011719e-02
8.855390548706054688e-02
8.803796768188476562e-02
9.442734718322753906e-02
9.271216392517089844e-02
9.176516532897949219e-02
8.944535255432128906e-02
4.795718193054199219e-02
1.048624515533447266e-01
1.046636104583740234e-01
1.002087593078613281e-01
1.061010360717773438e-01
1.007640361785888672e-01
9.933447837829589844e-02
9.968805313110351562e-02
1.744213104248046875e-01
1.821348667144775391e-01
1.754398345947265625e-01
1.780109405517578125e-01
1.739912033081054688e-01
1.801414489746093750e-01
1.790707111358642578e-01
1.696341037750244141e-01
9.910774230957031250e-02
9.728670120239257812e-02
9.652566909790039062e-02
1.017715930938720703e-01
9.798860549926757812e-02
1.009199619293212891e-01
9.641933441162109375e-02
9.688138961791992188e-02
9.476375579833984375e-02
9.849572181701660156e-02
1.007416248321533203e-01
9.833550453186035156e-02
9.816908836364746094e-02
1.007430553436279297e-01
1.009042263031005859e-01
9.787559509277343750e-02
9.773063659667968750e-02
1.621932983398437500e-01
9.570622444152832031e-02
9.982776641845703125e-02
1.187999248504638672e-01
1.674411296844482422e-01
9.046840667724609375e-02
9.177231788635253906e-02
9.593796730041503906e-02
9.559416770935058594e-02
9.735751152038574219e-02
9.643077850341796875e-02
1.646523475646972656e-01
1.676752567291259766e-01
1.639916896820068359e-01
1.335880756378173828e-01
1.612637042999267578e-01
1.692063808441162109e-01
1.648631095886230469e-01
9.425210952758789062e-02
1.678395271301269531e-01
1.666238307952880859e-01
1.679990291595458984e-01
1.740477085113525391e-01
1.601336002349853516e-01
9.128236770629882812e-02
8.968997001647949219e-02
9.131693840026855469e-02
9.032917022705078125e-02
9.006929397583007812e-02
9.937024116516113281e-02
1.699523925781250000e-01
1.701695919036865234e-01
1.683733463287353516e-01
1.624193191528320312e-01
1.693301200866699219e-01
1.680862903594970703e-01
1.688199043273925781e-01
1.671257019042968750e-01
1.678683757781982422e-01
1.674351692199707031e-01
1.710109710693359375e-01
1.695108413696289062e-01
1.695094108581542969e-01
1.750543117523193359e-01
1.606156826019287109e-01
9.183740615844726562e-02
9.392523765563964844e-02
9.428453445434570312e-02
9.393095970153808594e-02
9.506320953369140625e-02
9.883332252502441406e-02
9.332251548767089844e-02
9.441423416137695312e-02
9.737801551818847656e-02
1.744751930236816406e-01
1.682329177856445312e-01
9.717345237731933594e-02
9.612321853637695312e-02
1.008727550506591797e-01
9.559297561645507812e-02
9.446930885314941406e-02
9.857273101806640625e-02
9.334850311279296875e-02
9.343957901000976562e-02
9.752035140991210938e-02
9.939503669738769531e-02
9.389328956604003906e-02
9.621477127075195312e-02
1.730580329895019531e-01
1.736021041870117188e-01
1.376485824584960938e-01
1.749863624572753906e-01
9.330797195434570312e-02
1.705172061920166016e-01
9.362483024597167969e-02
9.797072410583496094e-02
9.452748298645019531e-02
9.451842308044433594e-02
9.701061248779296875e-02
9.151339530944824219e-02
9.318089485168457031e-02
9.308385848999023438e-02
9.375762939453125000e-02
9.338521957397460938e-02
9.449839591979980469e-02
9.436798095703125000e-02
9.742903709411621094e-02
9.460401535034179688e-02
9.720969200134277344e-02
9.737491607666015625e-02
1.830286979675292969e-01
1.687533855438232422e-01
9.303164482116699219e-02
1.512413024902343750e-01
9.920954704284667969e-02
9.343409538269042969e-02
9.355568885803222656e-02
1.620190143585205078e-01
1.399266719818115234e-01
9.417104721069335938e-02
1.766877174377441406e-01
1.708207130432128906e-01
9.312295913696289062e-02
9.365391731262207031e-02
9.570908546447753906e-02
9.407138824462890625e-02
9.318852424621582031e-02
1.400291919708251953e-01
9.656929969787597656e-02
9.889411926269531250e-02
9.872055053710937500e-02
9.517717361450195312e-02
1.652507781982421875e-01
9.548521041870117188e-02
9.076571464538574219e-02
8.971405029296875000e-02
9.296441078186035156e-02
1.005043983459472656e-01
8.941221237182617188e-02
9.587311744689941406e-02
9.609436988830566406e-02
9.667301177978515625e-02
9.585571289062500000e-02
9.358739852905273438e-02
1.623604297637939453e-01
1.727366447448730469e-01
1.652431488037109375e-01
1.747236251831054688e-01
1.778633594512939453e-01
1.631281375885009766e-01
8.706307411193847656e-02
1.850578784942626953e-01
1.894874572753906250e-01
1.019141674041748047e-01
1.011023521423339844e-01
9.925770759582519531e-02
1.035425662994384766e-01
1.020710468292236328e-01
9.874725341796875000e-02
1.793916225433349609e-01
1.724231243133544922e-01
9.698653221130371094e-02
1.759500503540039062e-01
1.704168319702148438e-01
1.004197597503662109e-01
9.908103942871093750e-02
9.934949874877929688e-02
1.782052516937255859e-01
1.763544082641601562e-01
1.786262989044189453e-01
1.617860794067382812e-01
9.278321266174316406e-02
1.470544338226318359e-01
1.736133098602294922e-01
1.632809638977050781e-01
1.801304817199707031e-01
1.795039176940917969e-01
1.743955612182617188e-01
1.538696289062500000e-01
1.682426929473876953e-01
1.686899662017822266e-01
1.477167606353759766e-01
1.676056385040283203e-01
1.625635623931884766e-01
1.704056262969970703e-01
1.641728878021240234e-01
9.284830093383789062e-02
9.794569015502929688e-02
9.743094444274902344e-02
9.508585929870605469e-02
9.538531303405761719e-02
9.425497055053710938e-02
9.604835510253906250e-02
9.514737129211425781e-02
9.857654571533203125e-02
9.710741043090820312e-02
9.453415870666503906e-02
9.256744384765625000e-02
9.042358398437500000e-02
8.914160728454589844e-02
9.285783767700195312e-02
9.158635139465332031e-02
9.306859970092773438e-02
9.600138664245605469e-02
9.424185752868652344e-02
9.002566337585449219e-02
1.648619174957275391e-01
1.574137210845947266e-01
9.001302719116210938e-02
9.382200241088867188e-02
9.058380126953125000e-02
9.312868118286132812e-02
9.413409233093261719e-02
9.127783775329589844e-02
9.701323509216308594e-02
9.352970123291015625e-02
9.497928619384765625e-02
9.189748764038085938e-02
1.623170375823974609e-01
1.603760719299316406e-01
1.632924079895019531e-01
1.689579486846923828e-01
1.633567810058593750e-01
9.485483169555664062e-02
8.930158615112304688e-02
9.559011459350585938e-02
1.750338077545166016e-01
1.754615306854248047e-01
1.742148399353027344e-01
1.406557559967041016e-01
1.670162677764892578e-01
1.690416336059570312e-01
1.658434867858886719e-01
1.647627353668212891e-01
1.701855659484863281e-01
1.706817150115966797e-01
1.770336627960205078e-01
1.700484752655029297e-01
1.743602752685546875e-01
1.703355312347412109e-01
1.312785148620605469e-01
9.744763374328613281e-02
9.655666351318359375e-02
9.586930274963378906e-02
9.155654907226562500e-02
9.332418441772460938e-02
9.145689010620117188e-02
9.354257583618164062e-02
9.458279609680175781e-02
8.735585212707519531e-02
9.434437751770019531e-02
9.421062469482421875e-02
9.443926811218261719e-02
9.272122383117675781e-02
9.096193313598632812e-02
9.223151206970214844e-02
9.280753135681152344e-02
9.593272209167480469e-02
9.278345108032226562e-02
9.668731689453125000e-02
9.284520149230957031e-02
1.760697364807128906e-01
1.518862247467041016e-01
9.536004066467285156e-02
9.782505035400390625e-02
9.478640556335449219e-02
9.699916839599609375e-02
1.685566902160644531e-01
1.735050678253173828e-01
1.733491420745849609e-01
1.718175411224365234e-01
1.557850837707519531e-01
9.093093872070312500e-02
9.404182434082031250e-02
1.629266738891601562e-01
1.717121601104736328e-01
1.726045608520507812e-01
1.734406948089599609e-01
1.719956398010253906e-01
1.680905818939208984e-01
1.610624790191650391e-01
9.248399734497070312e-02
1.650083065032958984e-01
9.185791015625000000e-02
9.567260742187500000e-02
1.644427776336669922e-01
8.962273597717285156e-02
9.166765213012695312e-02
9.302282333374023438e-02
1.682980060577392578e-01
1.692893505096435547e-01
1.492927074432373047e-01
9.672164916992187500e-02
9.162902832031250000e-02
8.996272087097167969e-02
9.053564071655273438e-02
9.293675422668457031e-02
9.232997894287109375e-02
8.999586105346679688e-02
9.100961685180664062e-02
9.462046623229980469e-02
1.679461002349853516e-01
1.713640689849853516e-01
1.665961742401123047e-01
1.644647121429443359e-01
1.494398117065429688e-01
1.740391254425048828e-01
1.663155555725097656e-01
1.746058464050292969e-01
9.866023063659667969e-02
1.672270298004150391e-01
1.712372303009033203e-01
1.678562164306640625e-01
4.782724380493164062e-02
1.017706394195556641e-01
1.066813468933105469e-01
1.033573150634765625e-01
9.913396835327148438e-02
9.633231163024902344e-02
9.498858451843261719e-02
1.012098789215087891e-01
9.918403625488281250e-02
1.013484001159667969e-01
1.833884716033935547e-01
1.712102890014648438e-01
1.764209270477294922e-01
1.759228706359863281e-01
1.696732044219970703e-01
1.723663806915283203e-01
1.774837970733642578e-01
1.735217571258544922e-01
1.849782466888427734e-01
1.891665458679199219e-01
1.781694889068603516e-01
1.815233230590820312e-01
1.721208095550537109e-01
1.693170070648193359e-01
1.736547946929931641e-01
1.700088977813720703e-01
1.722710132598876953e-01
1.748032569885253906e-01
1.672296524047851562e-01
1.778185367584228516e-01
1.581542491912841797e-01
9.463906288146972656e-02
1.007969379425048828e-01
1.002051830291748047e-01
9.715628623962402344e-02
1.763830184936523438e-01
1.760857105255126953e-01
1.458718776702880859e-01
9.661722183227539062e-02
9.471964836120605469e-02
1.713595390319824219e-01
1.733586788177490234e-01
1.650006771087646484e-01
1.613922119140625000e-01
9.681558609008789062e-02
9.864568710327148438e-02
9.713387489318847656e-02
9.453964233398437500e-02
9.762763977050781250e-02
1.750729084014892578e-01
1.520700454711914062e-01
9.896111488342285156e-02
1.022610664367675781e-01
9.785556793212890625e-02
9.324145317077636719e-02
9.503054618835449219e-02
9.280538558959960938e-02
9.642982482910156250e-02
9.753441810607910156e-02
1.699783802032470703e-01
1.675398349761962891e-01
1.736347675323486328e-01
1.739628314971923828e-01
1.729664802551269531e-01
1.708316802978515625e-01
9.951162338256835938e-02
9.185361862182617188e-02
1.694781780242919922e-01
1.671516895294189453e-01
2.639541625976562500e-01
1.562950611114501953e-01
1.586220264434814453e-01
1.665740013122558594e-01
9.121656417846679688e-02
8.747911453247070312e-02
1.670937538146972656e-01
1.654105186462402344e-01
1.670494079589843750e-01
1.658191680908203125e-01
1.662569046020507812e-01
1.626584529876708984e-01
1.613376140594482422e-01
1.669957637786865234e-01
1.706140041351318359e-01
1.670691967010498047e-01
1.687967777252197266e-01
1.628270149230957031e-01
1.651053428649902344e-01
1.668858528137207031e-01
1.658906936645507812e-01
1.622409820556640625e-01
1.672990322113037109e-01
1.696755886077880859e-01
1.503610610961914062e-01
9.031534194946289062e-02
9.373426437377929688e-02
9.996438026428222656e-02
1.604964733123779297e-01
1.668684482574462891e-01
1.000483036041259766e-01
9.469199180603027344e-02
1.579275131225585938e-01
9.309649467468261719e-02
1.583547592163085938e-01
1.616864204406738281e-01
1.468570232391357422e-01
9.552502632141113281e-02
9.229087829589843750e-02
1.620011329650878906e-01
1.616051197052001953e-01
1.670181751251220703e-01
9.421849250793457031e-02
1.752803325653076172e-01
1.752655506134033203e-01
9.422373771667480469e-02
1.073296070098876953e-01
9.378123283386230469e-02
9.919619560241699219e-02
9.182238578796386719e-02
9.644722938537597656e-02
9.768104553222656250e-02
9.600281715393066406e-02
9.442234039306640625e-02
1.728825569152832031e-01
1.643047332763671875e-01
9.076929092407226562e-02
9.281182289123535156e-02
1.013348102569580078e-01
9.727811813354492188e-02
9.208631515502929688e-02
1.471853256225585938e-01
9.305000305175781250e-02
9.607529640197753906e-02
1.620793342590332031e-01
1.661212444305419922e-01
1.720664501190185547e-01
1.566610336303710938e-01
9.301209449768066406e-02
9.322810173034667969e-02
9.290814399719238281e-02
8.241748809814453125e-02
8.802318572998046875e-02
8.674120903015136719e-02
8.946371078491210938e-02
9.018635749816894531e-02
9.065580368041992188e-02
9.626245498657226562e-02
9.074139595031738281e-02
8.911991119384765625e-02
9.150981903076171875e-02
1.627969741821289062e-01
1.659557819366455078e-01
1.641716957092285156e-01
1.735634803771972656e-01
1.611855030059814453e-01
1.702513694763183594e-01
1.680026054382324219e-01
1.567413806915283203e-01
1.710805892944335938e-01
1.324870586395263672e-01
9.639835357666015625e-02
1.673583984375000000e-01
1.674058437347412109e-01
8.607530593872070312e-02
1.777617931365966797e-01
1.897177696228027344e-01
1.764233112335205078e-01
9.914445877075195312e-02
9.494328498840332031e-02
1.004574298858642578e-01
9.603333473205566406e-02
9.979820251464843750e-02
9.780478477478027344e-02
1.031112670898437500e-01
9.993815422058105469e-02
9.596657752990722656e-02
9.861135482788085938e-02
9.840106964111328125e-02
9.604930877685546875e-02
9.716796875000000000e-02
9.351897239685058594e-02
9.712052345275878906e-02
9.903502464294433594e-02
9.525775909423828125e-02
9.759974479675292969e-02
9.637069702148437500e-02
9.540653228759765625e-02
9.868621826171875000e-02
9.857249259948730469e-02
9.906816482543945312e-02
1.240193843841552734e-01
9.602141380310058594e-02
9.967994689941406250e-02
9.450221061706542969e-02
9.911179542541503906e-02
9.498190879821777344e-02
9.705805778503417969e-02
9.487938880920410156e-02
9.939098358154296875e-02
9.576749801635742188e-02
9.911918640136718750e-02
9.615182876586914062e-02
9.033274650573730469e-02
9.456038475036621094e-02
9.504389762878417969e-02
9.436225891113281250e-02
9.602189064025878906e-02
9.947705268859863281e-02
9.718775749206542969e-02
9.150886535644531250e-02
9.664440155029296875e-02
9.758043289184570312e-02
9.464764595031738281e-02
1.855940818786621094e-01
1.821527481079101562e-01
1.702933311462402344e-01
1.647179126739501953e-01
9.464287757873535156e-02
9.108495712280273438e-02
9.834742546081542969e-02
9.158611297607421875e-02
9.628701210021972656e-02
9.726691246032714844e-02
9.406518936157226562e-02
9.665870666503906250e-02
9.237718582153320312e-02
9.331297874450683594e-02
9.601736068725585938e-02
9.321999549865722656e-02
9.313297271728515625e-02
9.162497520446777344e-02
9.485530853271484375e-02
9.230470657348632812e-02
9.015607833862304688e-02
9.082913398742675781e-02
1.698632240295410156e-01
1.816246509552001953e-01
1.702842712402343750e-01
1.736073493957519531e-01
1.580438613891601562e-01
1.666898727416992188e-01
1.322176456451416016e-01
9.536433219909667969e-02
9.257578849792480469e-02
9.501433372497558594e-02
9.871006011962890625e-02
9.285235404968261719e-02
9.346389770507812500e-02
8.980369567871093750e-02
8.658790588378906250e-02
8.953619003295898438e-02
8.970570564270019531e-02
9.087753295898437500e-02
1.027252674102783203e-01
9.446954727172851562e-02
9.273838996887207031e-02
9.050226211547851562e-02
9.353137016296386719e-02
9.356522560119628906e-02
9.564471244812011719e-02
1.117649078369140625e-01
9.206676483154296875e-02
1.635310649871826172e-01
1.746726036071777344e-01
1.752877235412597656e-01
1.804397106170654297e-01
1.769707202911376953e-01
1.645727157592773438e-01
1.705684661865234375e-01
9.309411048889160156e-02
9.594511985778808594e-02
9.651899337768554688e-02
9.080123901367187500e-02
9.786319732666015625e-02
9.511685371398925781e-02
9.610080718994140625e-02
1.687483787536621094e-01
1.718320846557617188e-01
1.720886230468750000e-01
1.689636707305908203e-01
1.790883541107177734e-01
1.653065681457519531e-01
9.094810485839843750e-02
9.242153167724609375e-02
9.827136993408203125e-02
8.895587921142578125e-02
9.317636489868164062e-02
9.024667739868164062e-02
9.072113037109375000e-02
9.594559669494628906e-02
9.025955200195312500e-02
9.136986732482910156e-02
9.124755859375000000e-02
9.004807472229003906e-02
9.765410423278808594e-02
9.465742111206054688e-02
9.468936920166015625e-02
9.326171875000000000e-02
9.142374992370605469e-02
9.192514419555664062e-02
9.563422203063964844e-02
9.298396110534667969e-02
9.156298637390136719e-02
9.385204315185546875e-02
9.189009666442871094e-02
1.732678413391113281e-01
9.077191352844238281e-02
9.713459014892578125e-02
9.755063056945800781e-02
9.113407135009765625e-02
9.444642066955566406e-02
9.378194808959960938e-02
1.717987060546875000e-01
1.711614131927490234e-01
1.694943904876708984e-01
9.380745887756347656e-02
9.861993789672851562e-02
9.448575973510742188e-02
9.464812278747558594e-02
9.660315513610839844e-02
9.851861000061035156e-02
9.418344497680664062e-02
9.650349617004394531e-02
9.902071952819824219e-02
9.290289878845214844e-02
9.410214424133300781e-02
4.634046554565429688e-02
1.041791439056396484e-01
1.055514812469482422e-01
1.034111976623535156e-01
1.848978996276855469e-01
1.854104995727539062e-01
1.822621822357177734e-01
9.617543220520019531e-02
1.027781963348388672e-01
1.014103889465332031e-01
9.867429733276367188e-02
1.003646850585937500e-01
1.031599044799804688e-01
1.000926494598388672e-01
9.758067131042480469e-02
1.809980869293212891e-01
1.448609828948974609e-01
1.005523204803466797e-01
1.031825542449951172e-01
1.792361736297607422e-01
1.696693897247314453e-01
1.014575958251953125e-01
1.767058372497558594e-01
1.722044944763183594e-01
9.623003005981445312e-02
9.686183929443359375e-02
9.850859642028808594e-02
9.377598762512207031e-02
9.747195243835449219e-02
9.952449798583984375e-02
9.655594825744628906e-02
9.573292732238769531e-02
9.372138977050781250e-02
9.886837005615234375e-02
9.997940063476562500e-02
1.727056503295898438e-01
1.681466102600097656e-01
1.621277332305908203e-01
9.339737892150878906e-02
9.549880027770996094e-02
1.671504974365234375e-01
1.589286327362060547e-01
9.293889999389648438e-02
9.792804718017578125e-02
9.131622314453125000e-02
1.001513004302978516e-01
1.491372585296630859e-01
9.650969505310058594e-02
9.563350677490234375e-02
1.408395767211914062e-01
9.578561782836914062e-02
9.705829620361328125e-02
9.630131721496582031e-02
9.563302993774414062e-02
9.618973731994628906e-02
9.957814216613769531e-02
9.229707717895507812e-02
1.775059700012207031e-01
1.777985095977783203e-01
1.769108772277832031e-01
1.677641868591308594e-01
1.763932704925537109e-01
9.462857246398925781e-02
9.199118614196777344e-02
1.733479499816894531e-01
1.780552864074707031e-01
1.710169315338134766e-01
1.628487110137939453e-01
1.637191772460937500e-01
1.775257587432861328e-01
1.547749042510986328e-01
1.606562137603759766e-01
9.238219261169433594e-02
9.095811843872070312e-02
1.653771400451660156e-01
8.806514739990234375e-02
9.061717987060546875e-02
1.643171310424804688e-01
1.621530055999755859e-01
9.516572952270507812e-02
9.104394912719726562e-02
9.522366523742675781e-02
9.541487693786621094e-02
9.515857696533203125e-02
9.656214714050292969e-02
8.972263336181640625e-02
9.238481521606445312e-02
1.721227169036865234e-01
1.660811901092529297e-01
1.630640029907226562e-01
1.376011371612548828e-01
1.642115116119384766e-01
1.404931545257568359e-01
9.492635726928710938e-02
1.000907421112060547e-01
9.474515914916992188e-02
9.257650375366210938e-02
9.428572654724121094e-02
9.326505661010742188e-02
9.455800056457519531e-02
8.911371231079101562e-02
8.968782424926757812e-02
9.712600708007812500e-02
9.350562095642089844e-02
1.613516807556152344e-01
1.480798721313476562e-01
8.987569808959960938e-02
9.368991851806640625e-02
9.311151504516601562e-02
1.649463176727294922e-01
1.703910827636718750e-01
1.636154651641845703e-01
1.637630462646484375e-01
1.657760143280029297e-01
1.628708839416503906e-01
1.404726505279541016e-01
9.126091003417968750e-02
9.039807319641113281e-02
8.861660957336425781e-02
9.113883972167968750e-02
1.612675189971923828e-01
1.671900749206542969e-01
1.751756668090820312e-01
9.494829177856445312e-02
9.399890899658203125e-02
9.198141098022460938e-02
8.938264846801757812e-02
1.627740859985351562e-01
9.372472763061523438e-02
1.726651191711425781e-01
1.688213348388671875e-01
1.652493476867675781e-01
9.080576896667480469e-02
9.053587913513183594e-02
1.083076000213623047e-01
1.532733440399169922e-01
9.487485885620117188e-02
9.079003334045410156e-02
9.743857383728027344e-02
1.627616882324218750e-01
9.550166130065917969e-02
1.356797218322753906e-01
9.192419052124023438e-02
9.409284591674804688e-02
9.131669998168945312e-02
1.779463291168212891e-01
1.756963729858398438e-01
1.688115596771240234e-01
1.652367115020751953e-01
1.632623672485351562e-01
1.628587245941162109e-01
1.488132476806640625e-01
9.760832786560058594e-02
9.411334991455078125e-02
9.343242645263671875e-02
1.721947193145751953e-01
1.674222946166992188e-01
9.392547607421875000e-02
1.216068267822265625e-01
9.711790084838867188e-02
9.173917770385742188e-02
9.356141090393066406e-02
9.644627571105957031e-02
4.814386367797851562e-02
1.037418842315673828e-01
1.001508235931396484e-01
1.009416580200195312e-01
1.749069690704345703e-01
1.798901557922363281e-01
1.761622428894042969e-01
1.710076332092285156e-01
1.013610363006591797e-01
1.036274433135986328e-01
1.033442020416259766e-01
9.671163558959960938e-02
1.037693023681640625e-01
9.999465942382812500e-02
9.830069541931152344e-02
1.016817092895507812e-01
1.820743083953857422e-01
1.826558113098144531e-01
1.805181503295898438e-01
1.784636974334716797e-01
1.828014850616455078e-01
9.956097602844238281e-02
9.657907485961914062e-02
1.019999980926513672e-01
9.538555145263671875e-02
9.785771369934082031e-02
9.601926803588867188e-02
9.967136383056640625e-02
9.706616401672363281e-02
1.593773365020751953e-01
9.616208076477050781e-02
9.332728385925292969e-02
9.761667251586914062e-02
9.794592857360839844e-02
1.807518005371093750e-01
1.794521808624267578e-01
1.807751655578613281e-01
1.810772418975830078e-01
1.052613258361816406e-01
1.005160808563232422e-01
9.491682052612304688e-02
1.002411842346191406e-01
9.429407119750976562e-02
9.531903266906738281e-02
9.749746322631835938e-02
9.661626815795898438e-02
9.721350669860839844e-02
9.949636459350585938e-02
9.724068641662597656e-02
9.571337699890136719e-02
1.000266075134277344e-01
9.761047363281250000e-02
9.622073173522949219e-02
1.842460632324218750e-01
1.495356559753417969e-01
9.674763679504394531e-02
1.009800434112548828e-01
1.008710861206054688e-01
9.744477272033691406e-02
1.720035076141357422e-01
9.877157211303710938e-02
9.894466400146484375e-02
1.017525196075439453e-01
1.019318103790283203e-01
9.567523002624511719e-02
9.502029418945312500e-02
9.841275215148925781e-02
9.827256202697753906e-02
9.743475914001464844e-02
9.553480148315429688e-02
9.416222572326660156e-02
9.830808639526367188e-02
1.702234745025634766e-01
9.317326545715332031e-02
9.901928901672363281e-02
1.729500293731689453e-01
1.012034416198730469e-01
9.948253631591796875e-02
9.872937202453613281e-02
9.750342369079589844e-02
9.721827507019042969e-02
9.914827346801757812e-02
9.891462326049804688e-02
9.828042984008789062e-02
1.252193450927734375e-01
1.035683155059814453e-01
1.142020225524902344e-01
1.793448925018310547e-01
1.794576644897460938e-01
1.758959293365478516e-01
1.446263790130615234e-01
9.672880172729492188e-02
9.708452224731445312e-02
9.773707389831542969e-02
1.014425754547119141e-01
1.742999553680419922e-01
9.481859207153320312e-02
1.049635410308837891e-01
1.354479789733886719e-01
1.068878173828125000e-01
9.918355941772460938e-02
9.590458869934082031e-02
1.093428134918212891e-01
1.135754585266113281e-01
1.802754402160644531e-01
1.860675811767578125e-01
1.739089488983154297e-01
1.754188537597656250e-01
9.731149673461914062e-02
9.574961662292480469e-02
1.184313297271728516e-01
9.807920455932617188e-02
1.064310073852539062e-01
1.233417987823486328e-01
1.836168766021728516e-01
1.901540756225585938e-01
1.856360435485839844e-01
1.656053066253662109e-01
1.090888977050781250e-01
1.821227073669433594e-01
1.688103675842285156e-01
9.839653968811035156e-02
1.674184799194335938e-01
1.700913906097412109e-01
1.679062843322753906e-01
1.784899234771728516e-01
1.801180839538574219e-01
1.789810657501220703e-01
1.797263622283935547e-01
1.815564632415771484e-01
1.736440658569335938e-01
1.628184318542480469e-01
1.754865646362304688e-01
1.747779846191406250e-01
1.764485836029052734e-01
1.743545532226562500e-01
1.815881729125976562e-01
1.792709827423095703e-01
1.745772361755371094e-01
9.713697433471679688e-02
9.707474708557128906e-02
9.355950355529785156e-02
1.003649234771728516e-01
9.381365776062011719e-02
1.010274887084960938e-01
1.682462692260742188e-01
1.497387886047363281e-01
1.642587184906005859e-01
9.968590736389160156e-02
1.123538017272949219e-01
2.326068878173828125e-01
9.909558296203613281e-02
1.732156276702880859e-01
1.083800792694091797e-01
9.646081924438476562e-02
1.011645793914794922e-01
9.538936614990234375e-02
9.660863876342773438e-02
9.348273277282714844e-02
9.895277023315429688e-02
1.001894474029541016e-01
9.757161140441894531e-02
9.644746780395507812e-02
4.362702369689941406e-02
9.302902221679687500e-02
8.980250358581542969e-02
9.330391883850097656e-02
9.267425537109375000e-02
9.973239898681640625e-02
9.936571121215820312e-02
9.901165962219238281e-02
9.928512573242187500e-02
9.430217742919921875e-02
9.720420837402343750e-02
9.732747077941894531e-02
1.010847091674804688e-01
9.887313842773437500e-02
1.040573120117187500e-01
9.846806526184082031e-02
1.018245220184326172e-01
9.874725341796875000e-02
1.021175384521484375e-01
9.902286529541015625e-02
1.850347518920898438e-01
1.844301223754882812e-01
1.426367759704589844e-01
9.833240509033203125e-02
1.003060340881347656e-01
1.012101173400878906e-01
9.910011291503906250e-02
1.016359329223632812e-01
9.987473487854003906e-02
9.526491165161132812e-02
9.355354309082031250e-02
1.714682579040527344e-01
1.034266948699951172e-01
9.629011154174804688e-02
9.926581382751464844e-02
1.034152507781982422e-01
9.922075271606445312e-02
1.001448631286621094e-01
9.964060783386230469e-02
1.005935668945312500e-01
9.837794303894042969e-02
1.719944477081298828e-01
1.612913608551025391e-01
1.611099243164062500e-01
1.588666439056396484e-01
1.682465076446533203e-01
1.548542976379394531e-01
1.699459552764892578e-01
1.707401275634765625e-01
1.776742935180664062e-01
1.747465133666992188e-01
1.639807224273681641e-01
1.799457073211669922e-01
1.720752716064453125e-01
1.700282096862792969e-01
1.756334304809570312e-01
1.792783737182617188e-01
1.303133964538574219e-01
9.828805923461914062e-02
9.798932075500488281e-02
9.534740447998046875e-02
9.817266464233398438e-02
9.844160079956054688e-02
9.628891944885253906e-02
9.999942779541015625e-02
1.439466476440429688e-01
1.069550514221191406e-01
1.038165092468261719e-01
1.015598773956298828e-01
1.040773391723632812e-01
9.887957572937011719e-02
1.094181537628173828e-01
1.777071952819824219e-01
1.752710342407226562e-01
1.728281974792480469e-01
1.635665893554687500e-01
1.089386940002441406e-01
9.908699989318847656e-02
1.909105777740478516e-01
1.800398826599121094e-01
1.056251525878906250e-01
1.739604473114013672e-01
1.424069404602050781e-01
9.753966331481933594e-02
1.630387306213378906e-01
9.813451766967773438e-02
9.529161453247070312e-02
1.674821376800537109e-01
1.678421497344970703e-01
1.716408729553222656e-01
1.682028770446777344e-01
1.677432060241699219e-01
1.582400798797607422e-01
9.471750259399414062e-02
9.419631958007812500e-02
9.845614433288574219e-02
9.675574302673339844e-02
1.018493175506591797e-01
9.961032867431640625e-02
1.004376411437988281e-01
9.934806823730468750e-02
1.008594036102294922e-01
1.015563011169433594e-01
1.024067401885986328e-01
9.913206100463867188e-02
1.066403388977050781e-01
1.781349182128906250e-01
1.810662746429443359e-01
1.414866447448730469e-01
1.794278621673583984e-01
9.245872497558593750e-02
9.485912322998046875e-02
9.491968154907226562e-02
1.536443233489990234e-01
9.318327903747558594e-02
9.544014930725097656e-02
1.788704395294189453e-01
1.787180900573730469e-01
1.760230064392089844e-01
1.569979190826416016e-01
9.895133972167968750e-02
9.769892692565917969e-02
9.407687187194824219e-02
9.716868400573730469e-02
9.711194038391113281e-02
9.868931770324707031e-02
9.486961364746093750e-02
1.731636524200439453e-01
1.760203838348388672e-01
1.719846725463867188e-01
1.549906730651855469e-01
1.801338195800781250e-01
1.820385456085205078e-01
1.718153953552246094e-01
1.442883014678955078e-01
1.899480819702148438e-01
1.795973777770996094e-01
1.682486534118652344e-01
9.517168998718261719e-02
9.451365470886230469e-02
9.266018867492675781e-02
9.376502037048339844e-02
9.586167335510253906e-02
9.244799613952636719e-02
1.779613494873046875e-01
1.779279708862304688e-01
1.546280384063720703e-01
1.780304908752441406e-01
1.430771350860595703e-01
1.823039054870605469e-01
1.813702583312988281e-01
1.757938861846923828e-01
1.163487434387207031e-01
9.921240806579589844e-02
1.676039695739746094e-01
1.753675937652587891e-01
1.712605953216552734e-01
9.576821327209472656e-02
9.581279754638671875e-02
9.164214134216308594e-02
9.669518470764160156e-02
9.308338165283203125e-02
9.178519248962402344e-02
4.654979705810546875e-02
9.847068786621093750e-02
1.012485027313232422e-01
9.773087501525878906e-02
9.915876388549804688e-02
1.009681224822998047e-01
1.018633842468261719e-01
1.827099323272705078e-01
1.654782295227050781e-01
1.788024902343750000e-01
1.700627803802490234e-01
1.708719730377197266e-01
1.874923706054687500e-01
1.838989257812500000e-01
1.770846843719482422e-01
1.757369041442871094e-01
1.699757575988769531e-01
1.717715263366699219e-01
1.790089607238769531e-01
1.661159992218017578e-01
1.812183856964111328e-01
1.826262474060058594e-01
1.820430755615234375e-01
1.770181655883789062e-01
1.733305454254150391e-01
1.773989200592041016e-01
1.767165660858154297e-01
1.792778968811035156e-01
1.733458042144775391e-01
1.493887901306152344e-01
1.460332870483398438e-01
9.756803512573242188e-02
9.627008438110351562e-02
1.746039390563964844e-01
1.544120311737060547e-01
9.560728073120117188e-02
1.778604984283447266e-01
1.749513149261474609e-01
1.691229343414306641e-01
1.674144268035888672e-01
1.694014072418212891e-01
9.904479980468750000e-02
9.847855567932128906e-02
9.867715835571289062e-02
1.422600746154785156e-01
9.239649772644042969e-02
9.726285934448242188e-02
1.716082096099853516e-01
1.733541488647460938e-01
9.964966773986816406e-02
9.549498558044433594e-02
1.381161212921142578e-01
1.011991500854492188e-01
9.423470497131347656e-02
9.517669677734375000e-02
9.369778633117675781e-02
9.590959548950195312e-02
9.599041938781738281e-02
9.691071510314941406e-02
1.015059947967529297e-01
9.811615943908691406e-02
1.000721454620361328e-01
1.017725467681884766e-01
1.663742065429687500e-01
9.898114204406738281e-02
9.800863265991210938e-02
1.001088619232177734e-01
9.848833084106445312e-02
9.823536872863769531e-02
1.759769916534423828e-01
1.797704696655273438e-01
1.805410385131835938e-01
1.721787452697753906e-01
1.646649837493896484e-01
9.472417831420898438e-02
1.337575912475585938e-01
1.750433444976806641e-01
1.782753467559814453e-01
1.002793312072753906e-01
1.067698001861572266e-01
1.629137992858886719e-01
1.678323745727539062e-01
9.481215476989746094e-02
1.517148017883300781e-01
1.665308475494384766e-01
1.687247753143310547e-01
1.713018417358398438e-01
1.725180149078369141e-01
1.707470417022705078e-01
1.459929943084716797e-01
1.642212867736816406e-01
1.696538925170898438e-01
1.685540676116943359e-01
1.172349452972412109e-01
9.339904785156250000e-02
1.716420650482177734e-01
1.582322120666503906e-01
1.618328094482421875e-01
1.792666912078857422e-01
1.678090095520019531e-01
1.214289665222167969e-01
1.130962371826171875e-01
9.010505676269531250e-02
9.640073776245117188e-02
8.991646766662597656e-02
9.427142143249511719e-02
9.308552742004394531e-02
8.956527709960937500e-02
9.293556213378906250e-02
1.627428531646728516e-01
1.707410812377929688e-01
1.634979248046875000e-01
1.041660308837890625e-01
1.089916229248046875e-01
9.726834297180175781e-02
9.875297546386718750e-02
1.680526733398437500e-01
9.684514999389648438e-02
1.657099723815917969e-01
1.690762042999267578e-01
1.643407344818115234e-01
1.554837226867675781e-01
1.658916473388671875e-01
1.588954925537109375e-01
1.718897819519042969e-01
1.624238491058349609e-01
1.639909744262695312e-01
1.641166210174560547e-01
1.625375747680664062e-01
1.575841903686523438e-01
9.385967254638671875e-02
1.115839481353759766e-01
1.125648021697998047e-01
9.334039688110351562e-02
1.694967746734619141e-01
1.676468849182128906e-01
8.949017524719238281e-02
1.641585826873779297e-01
1.640036106109619141e-01
1.509766578674316406e-01
9.180688858032226562e-02
1.681480407714843750e-01
9.901976585388183594e-02
1.652424335479736328e-01
9.154391288757324219e-02
9.347677230834960938e-02
1.646814346313476562e-01
1.692585945129394531e-01
1.675686836242675781e-01
1.720635890960693359e-01
1.642649173736572266e-01
1.688315868377685547e-01
1.832909584045410156e-01
1.204311847686767578e-01
9.063696861267089844e-02
9.117054939270019531e-02
9.595155715942382812e-02
9.426283836364746094e-02
9.638071060180664062e-02
1.545524597167968750e-01
1.419866085052490234e-01
1.773674488067626953e-01
1.643655300140380859e-01
4.874730110168457031e-02
1.172304153442382812e-01
1.876301765441894531e-01
1.880974769592285156e-01
1.016540527343750000e-01
1.013784408569335938e-01
1.052551269531250000e-01
1.695909500122070312e-01
9.767007827758789062e-02
1.002538204193115234e-01
1.066765785217285156e-01
1.007120609283447266e-01
1.013841629028320312e-01
1.014699935913085938e-01
1.136069297790527344e-01
1.018135547637939453e-01
1.005184650421142578e-01
1.015098094940185547e-01
1.072213649749755859e-01
1.019310951232910156e-01
1.864690780639648438e-01
1.906902790069580078e-01
1.896612644195556641e-01
1.534736156463623047e-01
1.141536235809326172e-01
1.852350234985351562e-01
1.040410995483398438e-01
1.073000431060791016e-01
1.759023666381835938e-01
9.872937202453613281e-02
9.484934806823730469e-02
9.432935714721679688e-02
1.759779453277587891e-01
9.697079658508300781e-02
9.702849388122558594e-02
9.316897392272949219e-02
9.366297721862792969e-02
9.738087654113769531e-02
9.620547294616699219e-02
9.394431114196777344e-02
9.714150428771972656e-02
9.658241271972656250e-02
9.401869773864746094e-02
9.802484512329101562e-02
1.020646095275878906e-01
1.432249546051025391e-01
1.026866436004638672e-01
1.005213260650634766e-01
1.037721633911132812e-01
9.735584259033203125e-02
9.809327125549316406e-02
9.472298622131347656e-02
9.404110908508300781e-02
9.400534629821777344e-02
9.624934196472167969e-02
1.023435592651367188e-01
1.011257171630859375e-01
1.000833511352539062e-01
9.539842605590820312e-02
9.822082519531250000e-02
1.672916412353515625e-01
1.020720005035400391e-01
1.642780303955078125e-01
1.706357002258300781e-01
9.789681434631347656e-02
9.880590438842773438e-02
9.668326377868652344e-02
1.482803821563720703e-01
9.912919998168945312e-02
9.932136535644531250e-02
9.967613220214843750e-02
9.764432907104492188e-02
1.729102134704589844e-01
1.800894737243652344e-01
1.766307353973388672e-01
1.788163185119628906e-01
1.799781322479248047e-01
1.686375141143798828e-01
9.724617004394531250e-02
9.489369392395019531e-02
9.150457382202148438e-02
9.223103523254394531e-02
9.577202796936035156e-02
1.689395904541015625e-01
1.339981555938720703e-01
9.331393241882324219e-02
9.835386276245117188e-02
1.774337291717529297e-01
1.701395511627197266e-01
9.598302841186523438e-02
1.021943092346191406e-01
1.023471355438232422e-01
1.441183090209960938e-01
9.445118904113769531e-02
9.536671638488769531e-02
9.960651397705078125e-02
9.217524528503417969e-02
9.253549575805664062e-02
9.579563140869140625e-02
9.719538688659667969e-02
9.199595451354980469e-02
9.336018562316894531e-02
1.704518795013427734e-01
1.695208549499511719e-01
9.464073181152343750e-02
9.480118751525878906e-02
1.758985519409179688e-01
1.685826778411865234e-01
1.598758697509765625e-01
9.613609313964843750e-02
1.022772789001464844e-01
1.764333248138427734e-01
1.729342937469482422e-01
1.573157310485839844e-01
1.436238288879394531e-01
9.972596168518066406e-02
9.788560867309570312e-02
1.236648559570312500e-01
1.011867523193359375e-01
1.037285327911376953e-01
1.063292026519775391e-01
9.263968467712402344e-02
9.854006767272949219e-02
9.330940246582031250e-02
9.407138824462890625e-02
1.015350818634033203e-01
1.093697547912597656e-01
1.100139617919921875e-01
9.880518913269042969e-02
9.146642684936523438e-02
9.239745140075683594e-02
9.281468391418457031e-02
