1.721134185791015625e-01
1.118218898773193359e-01
1.495809555053710938e-01
1.533577442169189453e-01
1.648025512695312500e-01
1.652264595031738281e-01
1.551322937011718750e-01
1.124954223632812500e-01
9.246182441711425781e-02
1.567296981811523438e-01
8.731031417846679688e-02
8.531069755554199219e-02
8.359909057617187500e-02
1.421773433685302734e-01
1.624307632446289062e-01
1.664724349975585938e-01
8.678245544433593750e-02
1.583857536315917969e-01
1.662113666534423828e-01
1.291110515594482422e-01
1.617543697357177734e-01
1.262383460998535156e-01
1.569471359252929688e-01
1.314289569854736328e-01
1.643514633178710938e-01
8.974862098693847656e-02
1.628909111022949219e-01
1.660089492797851562e-01
1.228897571563720703e-01
1.372525691986083984e-01
9.503793716430664062e-02
1.598393917083740234e-01
1.355581283569335938e-01
1.659727096557617188e-01
8.584308624267578125e-02
1.597361564636230469e-01
8.742237091064453125e-02
1.522779464721679688e-01
9.441256523132324219e-02
1.601245403289794922e-01
1.418359279632568359e-01
1.555216312408447266e-01
1.566853523254394531e-01
1.239638328552246094e-01
8.163666725158691406e-02
1.539673805236816406e-01
1.569323539733886719e-01
1.568355560302734375e-01
1.601743698120117188e-01
1.572113037109375000e-01
1.251707077026367188e-01
1.614372730255126953e-01
1.620385646820068359e-01
8.716702461242675781e-02
1.575813293457031250e-01
1.544985771179199219e-01
1.623260974884033203e-01
1.405456066131591797e-01
8.570265769958496094e-02
8.996129035949707031e-02
8.803057670593261719e-02
9.067082405090332031e-02
1.578838825225830078e-01
1.439375877380371094e-01
1.604328155517578125e-01
1.306090354919433594e-01
1.610715389251708984e-01
1.602952480316162109e-01
1.377441883087158203e-01
1.577405929565429688e-01
1.529505252838134766e-01
1.434049606323242188e-01
1.389715671539306641e-01
1.511752605438232422e-01
9.027981758117675781e-02
9.097981452941894531e-02
8.933973312377929688e-02
8.607268333435058594e-02
1.614527702331542969e-01
1.464986801147460938e-01
1.604380607604980469e-01
1.397781372070312500e-01
1.615626811981201172e-01
8.965110778808593750e-02
8.430552482604980469e-02
8.868956565856933594e-02
1.747133731842041016e-01
1.740808486938476562e-01
1.384689807891845703e-01
1.545610427856445312e-01
8.503341674804687500e-02
8.194971084594726562e-02
8.836460113525390625e-02
8.848571777343750000e-02
1.577055454254150391e-01
1.550405025482177734e-01
1.557426452636718750e-01
8.821845054626464844e-02
2.014412879943847656e-01
9.264874458312988281e-02
8.988714218139648438e-02
1.688144207000732422e-01
1.671481132507324219e-01
1.630640029907226562e-01
1.642017364501953125e-01
1.678040027618408203e-01
1.539981365203857422e-01
9.038853645324707031e-02
9.137868881225585938e-02
1.562304496765136719e-01
1.252787113189697266e-01
9.438467025756835938e-02
1.637957096099853516e-01
1.721487045288085938e-01
1.354701519012451172e-01
1.596968173980712891e-01
1.700525283813476562e-01
1.669907569885253906e-01
1.642196178436279297e-01
1.686098575592041016e-01
1.727454662322998047e-01
1.657688617706298828e-01
1.603946685791015625e-01
1.605489253997802734e-01
1.498281955718994141e-01
1.652951240539550781e-01
1.665854454040527344e-01
8.748173713684082031e-02
8.809781074523925781e-02
8.892655372619628906e-02
1.736896038055419922e-01
1.704301834106445312e-01
1.752474308013916016e-01
9.176301956176757812e-02
9.583997726440429688e-02
1.677439212799072266e-01
1.357126235961914062e-01
9.379887580871582031e-02
1.420888900756835938e-01
1.671738624572753906e-01
1.353285312652587891e-01
1.682224273681640625e-01
1.711075305938720703e-01
1.755654811859130859e-01
1.703565120697021484e-01
1.687572002410888672e-01
1.695652008056640625e-01
1.374740600585937500e-01
9.227323532104492188e-02
1.447880268096923828e-01
1.663510799407958984e-01
1.598479747772216797e-01
1.635904312133789062e-01
1.620435714721679688e-01
1.347537040710449219e-01
9.540581703186035156e-02
9.312033653259277344e-02
8.972787857055664062e-02
9.172010421752929688e-02
9.377551078796386719e-02
8.913993835449218750e-02
8.682656288146972656e-02
4.384636878967285156e-02
9.969091415405273438e-02
9.838032722473144531e-02
9.540486335754394531e-02
9.569954872131347656e-02
1.030881404876708984e-01
9.596323966979980469e-02
9.861421585083007812e-02
1.786143779754638672e-01
1.819789409637451172e-01
1.826312541961669922e-01
1.821036338806152344e-01
1.836555004119873047e-01
1.796922683715820312e-01
1.780836582183837891e-01
1.692738533020019531e-01
1.743144989013671875e-01
1.771247386932373047e-01
1.776642799377441406e-01
1.747252941131591797e-01
1.494469642639160156e-01
1.754405498504638672e-01
1.753187179565429688e-01
1.742634773254394531e-01
1.739048957824707031e-01
1.683568954467773438e-01
1.748745441436767578e-01
1.773715019226074219e-01
1.580483913421630859e-01
1.726722717285156250e-01
1.663420200347900391e-01
1.364002227783203125e-01
1.718530654907226562e-01
1.409153938293457031e-01
1.713352203369140625e-01
1.697833538055419922e-01
1.614229679107666016e-01
1.662981510162353516e-01
1.803820133209228516e-01
1.704061031341552734e-01
1.598606109619140625e-01
1.705350875854492188e-01
1.790297031402587891e-01
1.699304580688476562e-01
1.743602752685546875e-01
1.697528362274169922e-01
1.727108955383300781e-01
1.711070537567138672e-01
9.617662429809570312e-02
1.762058734893798828e-01
1.803543567657470703e-01
1.099274158477783203e-01
1.869096755981445312e-01
1.691555976867675781e-01
1.697654724121093750e-01
1.137127876281738281e-01
9.473514556884765625e-02
8.971595764160156250e-02
9.692478179931640625e-02
9.999227523803710938e-02
1.025061607360839844e-01
1.729481220245361328e-01
9.841823577880859375e-02
1.013398170471191406e-01
1.769526004791259766e-01
1.381604671478271484e-01
1.502294540405273438e-01
9.867262840270996094e-02
1.000711917877197266e-01
1.743860244750976562e-01
1.743021011352539062e-01
1.719543933868408203e-01
1.745467185974121094e-01
9.389734268188476562e-02
1.730139255523681641e-01
1.660830974578857422e-01
9.316563606262207031e-02
1.743974685668945312e-01
1.595785617828369141e-01
1.773386001586914062e-01
1.800227165222167969e-01
1.419706344604492188e-01
1.744389533996582031e-01
1.773869991302490234e-01
1.388778686523437500e-01
1.705961227416992188e-01
1.814939975738525391e-01
1.484258174896240234e-01
1.079344749450683594e-01
1.643848419189453125e-01
1.857576370239257812e-01
1.560666561126708984e-01
1.730382442474365234e-01
1.769673824310302734e-01
1.635572910308837891e-01
1.564605236053466797e-01
1.763238906860351562e-01
1.687788963317871094e-01
1.612620353698730469e-01
1.674394607543945312e-01
1.681487560272216797e-01
1.654026508331298828e-01
1.686556339263916016e-01
1.786823272705078125e-01
1.860954761505126953e-01
1.822657585144042969e-01
1.406188011169433594e-01
1.062750816345214844e-01
1.190452575683593750e-01
9.983181953430175781e-02
1.005053520202636719e-01
1.537261009216308594e-01
1.700320243835449219e-01
9.832239151000976562e-02
9.934759140014648438e-02
1.000113487243652344e-01
1.626207828521728516e-01
1.544089317321777344e-01
1.726808547973632812e-01
1.722266674041748047e-01
1.728494167327880859e-01
1.631150245666503906e-01
1.692285537719726562e-01
1.700944900512695312e-01
9.762024879455566406e-02
9.711790084838867188e-02
9.491229057312011719e-02
9.699869155883789062e-02
1.002852916717529297e-01
1.026301383972167969e-01
1.648404598236083984e-01
1.711227893829345703e-01
1.419012546539306641e-01
1.647834777832031250e-01
9.785437583923339844e-02
9.635448455810546875e-02
1.806104183197021484e-01
1.375498771667480469e-01
1.695587635040283203e-01
9.913229942321777344e-02
1.754593849182128906e-01
1.633853912353515625e-01
1.511616706848144531e-01
1.671991348266601562e-01
1.505372524261474609e-01
1.731646060943603516e-01
1.058957576751708984e-01
9.696292877197265625e-02
1.681666374206542969e-01
1.501727104187011719e-01
1.420996189117431641e-01
1.712656021118164062e-01
1.648139953613281250e-01
1.681187152862548828e-01
9.568715095520019531e-02
9.594750404357910156e-02
1.655929088592529297e-01
1.645236015319824219e-01
1.703116893768310547e-01
1.765010356903076172e-01
1.410262584686279297e-01
1.610207557678222656e-01
1.653981208801269531e-01
4.557538032531738281e-02
1.033868789672851562e-01
1.724820137023925781e-01
9.888291358947753906e-02
1.095261573791503906e-01
1.049721240997314453e-01
9.840941429138183594e-02
9.828996658325195312e-02
9.676194190979003906e-02
1.017296314239501953e-01
1.802110671997070312e-01
1.795501708984375000e-01
1.820535659790039062e-01
1.805779933929443359e-01
1.121165752410888672e-01
1.814293861389160156e-01
1.799423694610595703e-01
1.622238159179687500e-01
1.917355060577392578e-01
1.789238452911376953e-01
1.725170612335205078e-01
1.580135822296142578e-01
1.003758907318115234e-01
1.802399158477783203e-01
1.773638725280761719e-01
1.589677333831787109e-01
1.733970642089843750e-01
1.770868301391601562e-01
1.689517498016357422e-01
1.695818901062011719e-01
1.674757003784179688e-01
1.700913906097412109e-01
1.761598587036132812e-01
1.695263385772705078e-01
1.506338119506835938e-01
1.893186569213867188e-01
1.926860809326171875e-01
1.243555545806884766e-01
1.830668449401855469e-01
1.859352588653564453e-01
1.643497943878173828e-01
1.108672618865966797e-01
1.741898059844970703e-01
1.792433261871337891e-01
1.421933174133300781e-01
1.748149394989013672e-01
1.489346027374267578e-01
1.815896034240722656e-01
1.782124042510986328e-01
1.818113327026367188e-01
1.788315773010253906e-01
1.682875156402587891e-01
1.801047325134277344e-01
1.712422370910644531e-01
1.695168018341064453e-01
9.856772422790527344e-02
1.441748142242431641e-01
9.600281715393066406e-02
9.357595443725585938e-02
1.730029582977294922e-01
1.350402832031250000e-01
9.424138069152832031e-02
1.011629104614257812e-01
1.703274250030517578e-01
1.752982139587402344e-01
1.725764274597167969e-01
1.486501693725585938e-01
1.677596569061279297e-01
1.024110317230224609e-01
1.765539646148681641e-01
1.793382167816162109e-01
1.363296508789062500e-01
1.824352741241455078e-01
1.547875404357910156e-01
9.655332565307617188e-02
9.476876258850097656e-02
1.014530658721923828e-01
1.694393157958984375e-01
1.726791858673095703e-01
1.610691547393798828e-01
9.947681427001953125e-02
1.715502738952636719e-01
1.706128120422363281e-01
1.669754981994628906e-01
1.712632179260253906e-01
1.691882610321044922e-01
1.656498908996582031e-01
1.444394588470458984e-01
9.301781654357910156e-02
1.682918071746826172e-01
1.740701198577880859e-01
1.282150745391845703e-01
1.671321392059326172e-01
1.357204914093017578e-01
1.003468036651611328e-01
1.341629028320312500e-01
1.361775398254394531e-01
1.373023986816406250e-01
1.663074493408203125e-01
1.718280315399169922e-01
1.670422554016113281e-01
1.688148975372314453e-01
1.560752391815185547e-01
1.695742607116699219e-01
1.676840782165527344e-01
8.960342407226562500e-02
8.885335922241210938e-02
9.155774116516113281e-02
9.350991249084472656e-02
1.668951511383056641e-01
1.662476062774658203e-01
1.661846637725830078e-01
1.558518409729003906e-01
9.278607368469238281e-02
1.660203933715820312e-01
9.295821189880371094e-02
9.101390838623046875e-02
1.764264106750488281e-01
9.538269042968750000e-02
9.304523468017578125e-02
9.149670600891113281e-02
9.275078773498535156e-02
1.622743606567382812e-01
1.600289344787597656e-01
1.595776081085205078e-01
1.603529453277587891e-01
1.608107089996337891e-01
1.597461700439453125e-01
9.366083145141601562e-02
9.857892990112304688e-02
1.728289127349853516e-01
1.577215194702148438e-01
1.019687652587890625e-01
9.301877021789550781e-02
1.614732742309570312e-01
1.645467281341552734e-01
1.299076080322265625e-01
1.611452102661132812e-01
1.593682765960693359e-01
1.701266765594482422e-01
9.043860435485839844e-02
9.035038948059082031e-02
1.659212112426757812e-01
1.659905910491943359e-01
1.626672744750976562e-01
1.428241729736328125e-01
9.339857101440429688e-02
9.283280372619628906e-02
9.502649307250976562e-02
9.584569931030273438e-02
9.450578689575195312e-02
9.093618392944335938e-02
9.238910675048828125e-02
9.338712692260742188e-02
8.914113044738769531e-02
9.113907814025878906e-02
1.608734130859375000e-01
1.720545291900634766e-01
1.640708446502685547e-01
1.626429557800292969e-01
1.574926376342773438e-01
1.617836952209472656e-01
1.659286022186279297e-01
9.211182594299316406e-02
1.987257003784179688e-01
1.859178543090820312e-01
1.714653968811035156e-01
1.813154220581054688e-01
1.569073200225830078e-01
1.711308956146240234e-01
1.806280612945556641e-01
1.796526908874511719e-01
1.800701618194580078e-01
1.783328056335449219e-01
1.755504608154296875e-01
1.378924846649169922e-01
1.571581363677978516e-01
1.715400218963623047e-01
1.718578338623046875e-01
9.964680671691894531e-02
1.727838516235351562e-01
1.059529781341552734e-01
1.021418571472167969e-01
1.734051704406738281e-01
1.785271167755126953e-01
1.784060001373291016e-01
1.743240356445312500e-01
1.638362407684326172e-01
1.689572334289550781e-01
1.741635799407958984e-01
1.777136325836181641e-01
1.211211681365966797e-01
1.762530803680419922e-01
1.230525970458984375e-01
1.679310798645019531e-01
1.660034656524658203e-01
1.679255962371826172e-01
1.656870841979980469e-01
1.353726387023925781e-01
1.721193790435791016e-01
1.741466522216796875e-01
1.743154525756835938e-01
1.737251281738281250e-01
1.747336387634277344e-01
1.720571517944335938e-01
9.408402442932128906e-02
9.438514709472656250e-02
9.387421607971191406e-02
1.840536594390869141e-01
1.788926124572753906e-01
1.729252338409423828e-01
1.746103763580322266e-01
1.711094379425048828e-01
1.719143390655517578e-01
9.195423126220703125e-02
8.925390243530273438e-02
8.987069129943847656e-02
1.741228103637695312e-01
9.484839439392089844e-02
1.629171371459960938e-01
1.726653575897216797e-01
1.713540554046630859e-01
1.534209251403808594e-01
1.649289131164550781e-01
1.638312339782714844e-01
1.710474491119384766e-01
9.480094909667968750e-02
9.790587425231933594e-02
9.534311294555664062e-02
1.012830734252929688e-01
9.652018547058105469e-02
1.002864837646484375e-01
1.724267005920410156e-01
1.765630245208740234e-01
1.625204086303710938e-01
1.636753082275390625e-01
1.668882369995117188e-01
1.745660305023193359e-01
1.689994335174560547e-01
1.752841472625732422e-01
1.738698482513427734e-01
1.743006706237792969e-01
1.413595676422119141e-01
1.644167900085449219e-01
1.604952812194824219e-01
1.656203269958496094e-01
1.628842353820800781e-01
1.597776412963867188e-01
9.580755233764648438e-02
8.979654312133789062e-02
8.995914459228515625e-02
9.777379035949707031e-02
9.474945068359375000e-02
9.356212615966796875e-02
9.223818778991699219e-02
9.564375877380371094e-02
9.237933158874511719e-02
9.243774414062500000e-02
9.841513633728027344e-02
9.593152999877929688e-02
1.399424076080322266e-01
1.674113273620605469e-01
1.667921543121337891e-01
1.648485660552978516e-01
1.373739242553710938e-01
1.664233207702636719e-01
9.153103828430175781e-02
9.225225448608398438e-02
1.662015914916992188e-01
1.666316986083984375e-01
1.718051433563232422e-01
1.661822795867919922e-01
1.088390350341796875e-01
1.719427108764648438e-01
1.601908206939697266e-01
1.653051376342773438e-01
1.563694477081298828e-01
9.432053565979003906e-02
1.697356700897216797e-01
1.703944206237792969e-01
9.207344055175781250e-02
1.667537689208984375e-01
1.651976108551025391e-01
1.682837009429931641e-01
1.742093563079833984e-01
1.732130050659179688e-01
1.704208850860595703e-01
1.655523777008056641e-01
1.763281822204589844e-01
1.674911975860595703e-01
1.690464019775390625e-01
1.678671836853027344e-01
1.547183990478515625e-01
1.744151115417480469e-01
1.707692146301269531e-01
1.717143058776855469e-01
1.657907962799072266e-01
1.616475582122802734e-01
1.661603450775146484e-01
1.287205219268798828e-01
1.723189353942871094e-01
1.497967243194580078e-01
1.647696495056152344e-01
1.407313346862792969e-01
1.734325885772705078e-01
1.701331138610839844e-01
1.728839874267578125e-01
1.730473041534423828e-01
1.714568138122558594e-01
1.699612140655517578e-01
2.687911987304687500e-01
1.648297309875488281e-01
1.577069759368896484e-01
1.655309200286865234e-01
1.771221160888671875e-01
1.695561408996582031e-01
1.539142131805419922e-01
9.027409553527832031e-02
9.314250946044921875e-02
9.232640266418457031e-02
9.166121482849121094e-02
9.513568878173828125e-02
1.670191287994384766e-01
1.643686294555664062e-01
1.715478897094726562e-01
1.662931442260742188e-01
8.388113975524902344e-02
1.814239025115966797e-01
1.926920413970947266e-01
1.004064083099365234e-01
1.823630332946777344e-01
1.949293613433837891e-01
1.877965927124023438e-01
1.831676959991455078e-01
1.471204757690429688e-01
1.897375583648681641e-01
1.896293163299560547e-01
1.829693317413330078e-01
1.883997917175292969e-01
1.899333000183105469e-01
1.888501644134521484e-01
1.902868747711181641e-01
1.877772808074951172e-01
1.927726268768310547e-01
1.740863323211669922e-01
1.446456909179687500e-01
1.852779388427734375e-01
1.782898902893066406e-01
1.022200584411621094e-01
1.053075790405273438e-01
9.999203681945800781e-02
1.797902584075927734e-01
1.810073852539062500e-01
1.783092021942138672e-01
1.810896396636962891e-01
1.815268993377685547e-01
1.836202144622802734e-01
1.803154945373535156e-01
1.537349224090576172e-01
1.671702861785888672e-01
9.620022773742675781e-02
9.753441810607910156e-02
1.788990497589111328e-01
1.454169750213623047e-01
1.844289302825927734e-01
1.831369400024414062e-01
1.815147399902343750e-01
9.710478782653808594e-02
1.004776954650878906e-01
1.885809898376464844e-01
1.848678588867187500e-01
1.403653621673583984e-01
9.931254386901855469e-02
9.911084175109863281e-02
9.832549095153808594e-02
1.775465011596679688e-01
9.778213500976562500e-02
9.939336776733398438e-02
1.000356674194335938e-01
9.915637969970703125e-02
9.647345542907714844e-02
1.586723327636718750e-01
1.778082847595214844e-01
1.760048866271972656e-01
1.744377613067626953e-01
1.708152294158935547e-01
1.743791103363037109e-01
1.739804744720458984e-01
1.685101985931396484e-01
1.667788028717041016e-01
1.705560684204101562e-01
1.680109500885009766e-01
9.396886825561523438e-02
9.388518333435058594e-02
1.821739673614501953e-01
1.822199821472167969e-01
1.744654178619384766e-01
1.794154644012451172e-01
1.814961433410644531e-01
1.739704608917236328e-01
1.742839813232421875e-01
1.664249897003173828e-01
1.765105724334716797e-01
1.659142971038818359e-01
1.020612716674804688e-01
9.634470939636230469e-02
1.762216091156005859e-01
1.776535511016845703e-01
1.751842498779296875e-01
1.475908756256103516e-01
1.811861991882324219e-01
1.808061599731445312e-01
1.731634140014648438e-01
1.768405437469482422e-01
1.756677627563476562e-01
1.726560592651367188e-01
1.716217994689941406e-01
1.807937622070312500e-01
1.789581775665283203e-01
1.739573478698730469e-01
1.702187061309814453e-01
1.725230216979980469e-01
1.367628574371337891e-01
9.496974945068359375e-02
9.804391860961914062e-02
9.738039970397949219e-02
1.052517890930175781e-01
9.797787666320800781e-02
1.026928424835205078e-01
1.722865104675292969e-01
1.609373092651367188e-01
1.661906242370605469e-01
1.415390968322753906e-01
1.672718524932861328e-01
9.213352203369140625e-02
9.408140182495117188e-02
1.639616489410400391e-01
9.642028808593750000e-02
9.612584114074707031e-02
1.639740467071533203e-01
1.783125400543212891e-01
1.712450981140136719e-01
1.773757934570312500e-01
1.570594310760498047e-01
1.597118377685546875e-01
9.114146232604980469e-02
9.306192398071289062e-02
9.235167503356933594e-02
1.740860939025878906e-01
1.672537326812744141e-01
1.660809516906738281e-01
1.656584739685058594e-01
1.657736301422119141e-01
1.657786369323730469e-01
1.546883583068847656e-01
9.283328056335449219e-02
9.028196334838867188e-02
9.876012802124023438e-02
9.237360954284667969e-02
9.652996063232421875e-02
1.428799629211425781e-01
1.238486766815185547e-01
1.774873733520507812e-01
1.738426685333251953e-01
1.724522113800048828e-01
1.699366569519042969e-01
1.210482120513916016e-01
1.706960201263427734e-01
1.254980564117431641e-01
1.684558391571044922e-01
1.033420562744140625e-01
9.688234329223632812e-02
1.647887229919433594e-01
1.666326522827148438e-01
1.402280330657958984e-01
1.663045883178710938e-01
1.631977558135986328e-01
9.913229942321777344e-02
9.487175941467285156e-02
1.685688495635986328e-01
1.631443500518798828e-01
9.152817726135253906e-02
1.678416728973388672e-01
1.476669311523437500e-01
9.190368652343750000e-02
9.685134887695312500e-02
1.689846515655517578e-01
1.497151851654052734e-01
1.579575538635253906e-01
8.951282501220703125e-02
1.851406097412109375e-01
1.903169155120849609e-01
1.602113246917724609e-01
1.538541316986083984e-01
1.689696311950683594e-01
1.821622848510742188e-01
1.799395084381103516e-01
1.760911941528320312e-01
1.780393123626708984e-01
1.803100109100341797e-01
1.799800395965576172e-01
1.763095855712890625e-01
1.766865253448486328e-01
1.654233932495117188e-01
1.776719093322753906e-01
1.589794158935546875e-01
1.683084964752197266e-01
1.718158721923828125e-01
1.756279468536376953e-01
1.456334590911865234e-01
1.515495777130126953e-01
1.618049144744873047e-01
1.625201702117919922e-01
9.634947776794433594e-02
9.702324867248535156e-02
1.052591800689697266e-01
9.898948669433593750e-02
9.873342514038085938e-02
1.735413074493408203e-01
1.740357875823974609e-01
1.725139617919921875e-01
1.717367172241210938e-01
1.625535488128662109e-01
9.513306617736816406e-02
9.881234169006347656e-02
1.681644916534423828e-01
1.436731815338134766e-01
1.643035411834716797e-01
1.704661846160888672e-01
9.459757804870605469e-02
9.277606010437011719e-02
9.757089614868164062e-02
9.607815742492675781e-02
9.437036514282226562e-02
9.417843818664550781e-02
9.147453308105468750e-02
9.242200851440429688e-02
1.492071151733398438e-01
1.719622611999511719e-01
1.668145656585693359e-01
1.747736930847167969e-01
1.689109802246093750e-01
1.662459373474121094e-01
1.662673950195312500e-01
1.719956398010253906e-01
1.604013442993164062e-01
1.673021316528320312e-01
1.479203701019287109e-01
1.695733070373535156e-01
1.724455356597900391e-01
1.677641868591308594e-01
1.737146377563476562e-01
1.302394866943359375e-01
9.549760818481445312e-02
1.663541793823242188e-01
1.638939380645751953e-01
9.170651435852050781e-02
1.667428016662597656e-01
1.559641361236572266e-01
1.658577919006347656e-01
1.733832359313964844e-01
1.702172756195068359e-01
1.707761287689208984e-01
9.308528900146484375e-02
9.499859809875488281e-02
1.744034290313720703e-01
1.470663547515869141e-01
1.726877689361572266e-01
1.648809909820556641e-01
1.679573059082031250e-01
9.063458442687988281e-02
9.130501747131347656e-02
9.307622909545898438e-02
9.322357177734375000e-02
1.697816848754882812e-01
1.691331863403320312e-01
1.748034954071044922e-01
1.771960258483886719e-01
1.597757339477539062e-01
9.788918495178222656e-02
1.550018787384033203e-01
1.755883693695068359e-01
1.494367122650146484e-01
1.680340766906738281e-01
9.347295761108398438e-02
1.687703132629394531e-01
1.686551570892333984e-01
1.682722568511962891e-01
1.740975379943847656e-01
1.727967262268066406e-01
1.708478927612304688e-01
1.762647628784179688e-01
1.690533161163330078e-01
1.716761589050292969e-01
1.642804145812988281e-01
1.787409782409667969e-01
1.708328723907470703e-01
1.699440479278564453e-01
1.760804653167724609e-01
9.530854225158691406e-02
1.717264652252197266e-01
1.679420471191406250e-01
1.695735454559326172e-01
9.290480613708496094e-02
9.351825714111328125e-02
9.509611129760742188e-02
9.817910194396972656e-02
9.727478027343750000e-02
9.622406959533691406e-02
9.740638732910156250e-02
9.838628768920898438e-02
9.687328338623046875e-02
1.827652454376220703e-01
9.812617301940917969e-02
1.750183105468750000e-01
1.722319126129150391e-01
1.665558815002441406e-01
1.638042926788330078e-01
1.705877780914306641e-01
1.563355922698974609e-01
1.410391330718994141e-01
9.627342224121093750e-02
1.255674362182617188e-01
1.676225662231445312e-01
1.673581600189208984e-01
1.703119277954101562e-01
1.687791347503662109e-01
1.643886566162109375e-01
1.657898426055908203e-01
1.418781280517578125e-01
9.359002113342285156e-02
1.688742637634277344e-01
1.666979789733886719e-01
1.661806106567382812e-01
1.702823638916015625e-01
1.693217754364013672e-01
1.643311977386474609e-01
1.680276393890380859e-01
1.703560352325439453e-01
1.579189300537109375e-01
9.221863746643066406e-02
1.735227108001708984e-01
1.702349185943603516e-01
1.709332466125488281e-01
1.752567291259765625e-01
1.052629947662353516e-01
1.660351753234863281e-01
1.686825752258300781e-01
1.547586917877197266e-01
1.769533157348632812e-01
1.774551868438720703e-01
1.351001262664794922e-01
8.478331565856933594e-02
1.553506851196289062e-01
1.863369941711425781e-01
1.879584789276123047e-01
1.858215332031250000e-01
1.824755668640136719e-01
1.886911392211914062e-01
1.858155727386474609e-01
1.704530715942382812e-01
1.776273250579833984e-01
1.727535724639892578e-01
1.768062114715576172e-01
1.773653030395507812e-01
1.735148429870605469e-01
1.771581172943115234e-01
1.791796684265136719e-01
1.697843074798583984e-01
9.876227378845214844e-02
1.022093296051025391e-01
1.037619113922119141e-01
1.005513668060302734e-01
1.037194728851318359e-01
1.021804809570312500e-01
9.806513786315917969e-02
1.038506031036376953e-01
1.812200546264648438e-01
1.271550655364990234e-01
1.061940193176269531e-01
1.461720466613769531e-01
1.728351116180419922e-01
1.383011341094970703e-01
9.828543663024902344e-02
1.715905666351318359e-01
1.677775382995605469e-01
1.739826202392578125e-01
1.672015190124511719e-01
1.777763366699218750e-01
1.793394088745117188e-01
1.816930770874023438e-01
1.746454238891601562e-01
1.747822761535644531e-01
1.749775409698486328e-01
1.739089488983154297e-01
1.817853450775146484e-01
1.544265747070312500e-01
1.787872314453125000e-01
1.790125370025634766e-01
1.636207103729248047e-01
1.660752296447753906e-01
1.655938625335693359e-01
1.651449203491210938e-01
1.680819988250732422e-01
1.623675823211669922e-01
9.541010856628417969e-02
1.646862030029296875e-01
1.635093688964843750e-01
1.646580696105957031e-01
1.590681076049804688e-01
1.747846603393554688e-01
1.623058319091796875e-01
1.743531227111816406e-01
1.715092658996582031e-01
1.790947914123535156e-01
1.730792522430419922e-01
1.680057048797607422e-01
1.700079441070556641e-01
1.733133792877197266e-01
1.658232212066650391e-01
1.387081146240234375e-01
1.626007556915283203e-01
1.654493808746337891e-01
1.671512126922607422e-01
1.675820350646972656e-01
1.691074371337890625e-01
9.274816513061523438e-02
9.539961814880371094e-02
1.706597805023193359e-01
1.504011154174804688e-01
1.772258281707763672e-01
1.563065052032470703e-01
1.679852008819580078e-01
1.731858253479003906e-01
1.672198772430419922e-01
1.224927902221679688e-01
9.717583656311035156e-02
9.921908378601074219e-02
9.614777565002441406e-02
9.491968154907226562e-02
9.490370750427246094e-02
9.669828414916992188e-02
1.724860668182373047e-01
1.725959777832031250e-01
1.616344451904296875e-01
1.707060337066650391e-01
1.693818569183349609e-01
1.643726825714111328e-01
1.744868755340576172e-01
1.681604385375976562e-01
1.742181777954101562e-01
9.720039367675781250e-02
1.737351417541503906e-01
1.687974929809570312e-01
1.700460910797119141e-01
1.668989658355712891e-01
1.639652252197265625e-01
1.680371761322021484e-01
1.673793792724609375e-01
1.695122718811035156e-01
1.708779335021972656e-01
1.636800765991210938e-01
1.638586521148681641e-01
1.668593883514404297e-01
1.025736331939697266e-01
1.377453804016113281e-01
9.449052810668945312e-02
9.174656867980957031e-02
9.199881553649902344e-02
9.268069267272949219e-02
9.800648689270019531e-02
1.004881858825683594e-01
1.751885414123535156e-01
1.709351539611816406e-01
1.580674648284912109e-01
1.619672775268554688e-01
9.305286407470703125e-02
9.442567825317382812e-02
9.859895706176757812e-02
9.622168540954589844e-02
9.827804565429687500e-02
9.487652778625488281e-02
9.780526161193847656e-02
1.665308475494384766e-01
1.679613590240478516e-01
1.147241592407226562e-01
8.924460411071777344e-02
1.662333011627197266e-01
9.100914001464843750e-02
9.079957008361816406e-02
9.176087379455566406e-02
1.662592887878417969e-01
1.717200279235839844e-01
1.609840393066406250e-01
1.675794124603271484e-01
1.684839725494384766e-01
1.669816970825195312e-01
1.654636859893798828e-01
1.598269939422607422e-01
1.719708442687988281e-01
1.751317977905273438e-01
1.602723598480224609e-01
1.720948219299316406e-01
1.703860759735107422e-01
1.730582714080810547e-01
1.653869152069091797e-01
1.761674880981445312e-01
1.494009494781494141e-01
1.585814952850341797e-01
1.003661155700683594e-01
1.762971878051757812e-01
1.463341712951660156e-01
1.702389717102050781e-01
1.675465106964111328e-01
1.729207038879394531e-01
8.494949340820312500e-02
1.837651729583740234e-01
1.683506965637207031e-01
1.868908405303955078e-01
1.751031875610351562e-01
1.721742153167724609e-01
1.778001785278320312e-01
1.763904094696044922e-01
1.855442523956298828e-01
1.763460636138916016e-01
1.023256778717041016e-01
9.699630737304687500e-02
1.035313606262207031e-01
1.761057376861572266e-01
9.876465797424316406e-02
1.667819023132324219e-01
1.846349239349365234e-01
1.428048610687255859e-01
9.959959983825683594e-02
1.840386390686035156e-01
1.322159767150878906e-01
1.618914604187011719e-01
1.805493831634521484e-01
1.716547012329101562e-01
1.770088672637939453e-01
1.675212383270263672e-01
1.723060607910156250e-01
1.633598804473876953e-01
1.347899436950683594e-01
9.203743934631347656e-02
9.378242492675781250e-02
9.623217582702636719e-02
1.813194751739501953e-01
1.851561069488525391e-01
1.797218322753906250e-01
1.798443794250488281e-01
1.717071533203125000e-01
1.457626819610595703e-01
1.837248802185058594e-01
1.729178428649902344e-01
1.697614192962646484e-01
1.687612533569335938e-01
9.923028945922851562e-02
9.304881095886230469e-02
9.880542755126953125e-02
9.666895866394042969e-02
1.818561553955078125e-01
1.644642353057861328e-01
1.743426322937011719e-01
1.776027679443359375e-01
1.737561225891113281e-01
1.796257495880126953e-01
1.739943027496337891e-01
1.774773597717285156e-01
1.787230968475341797e-01
1.815586090087890625e-01
1.752183437347412109e-01
1.743617057800292969e-01
1.750407218933105469e-01
1.706397533416748047e-01
1.714558601379394531e-01
1.711745262145996094e-01
1.758756637573242188e-01
1.746232509613037109e-01
1.712419986724853516e-01
9.795689582824707031e-02
9.436511993408203125e-02
9.617495536804199219e-02
9.228444099426269531e-02
9.161162376403808594e-02
9.081077575683593750e-02
9.377789497375488281e-02
9.575629234313964844e-02
9.165477752685546875e-02
9.004497528076171875e-02
8.920311927795410156e-02
9.021949768066406250e-02
9.340691566467285156e-02
9.169530868530273438e-02
9.380149841308593750e-02
9.481000900268554688e-02
9.198713302612304688e-02
9.410524368286132812e-02
9.559893608093261719e-02
9.170174598693847656e-02
9.090876579284667969e-02
9.302330017089843750e-02
9.176754951477050781e-02
8.993911743164062500e-02
9.054803848266601562e-02
8.970618247985839844e-02
9.967470169067382812e-02
8.962082862854003906e-02
1.671996116638183594e-01
1.730248928070068359e-01
1.773707866668701172e-01
2.774834632873535156e-01
1.645412445068359375e-01
1.686267852783203125e-01
1.718509197235107422e-01
1.719930171966552734e-01
1.582338809967041016e-01
1.590979099273681641e-01
9.070968627929687500e-02
9.241771697998046875e-02
9.159803390502929688e-02
9.466481208801269531e-02
1.680822372436523438e-01
1.479823589324951172e-01
1.369082927703857422e-01
9.408712387084960938e-02
1.717004776000976562e-01
9.827828407287597656e-02
1.005358695983886719e-01
1.018748283386230469e-01
1.035053730010986328e-01
1.779959201812744141e-01
1.771602630615234375e-01
1.726205348968505859e-01
1.777682304382324219e-01
1.782572269439697266e-01
1.790957450866699219e-01
1.755619049072265625e-01
1.752023696899414062e-01
1.363959312438964844e-01
1.779000759124755859e-01
1.793320178985595703e-01
1.881144046783447266e-01
1.527442932128906250e-01
1.680982112884521484e-01
1.470384597778320312e-01
1.760549545288085938e-01
1.765940189361572266e-01
9.218263626098632812e-02
1.480486392974853516e-01
1.652450561523437500e-01
1.691536903381347656e-01
1.725180149078369141e-01
1.754519939422607422e-01
1.730358600616455078e-01
1.453738212585449219e-01
1.662595272064208984e-01
1.172530651092529297e-01
8.744287490844726562e-02
1.676049232482910156e-01
1.674118041992187500e-01
1.506657600402832031e-01
1.703810691833496094e-01
1.615579128265380859e-01
8.875775337219238281e-02
1.651442050933837891e-01
1.641576290130615234e-01
1.660389900207519531e-01
1.596224308013916016e-01
1.542603969573974609e-01
1.664512157440185547e-01
1.629500389099121094e-01
1.605057716369628906e-01
1.718792915344238281e-01
1.343905925750732422e-01
1.587998867034912109e-01
1.692199707031250000e-01
1.709494590759277344e-01
9.196472167968750000e-02
1.832830905914306641e-01
1.841313838958740234e-01
1.775987148284912109e-01
1.821415424346923828e-01
1.806859970092773438e-01
1.574263572692871094e-01
9.759140014648437500e-02
9.832286834716796875e-02
1.726214885711669922e-01
1.420350074768066406e-01
1.654632091522216797e-01
1.795206069946289062e-01
1.719264984130859375e-01
1.714046001434326172e-01
1.714620590209960938e-01
1.725156307220458984e-01
1.698148250579833984e-01
1.655590534210205078e-01
9.454464912414550781e-02
1.725213527679443359e-01
1.713747978210449219e-01
1.676120758056640625e-01
1.767289638519287109e-01
1.752021312713623047e-01
1.779332160949707031e-01
1.809945106506347656e-01
1.744904518127441406e-01
1.430935859680175781e-01
1.554253101348876953e-01
1.603925228118896484e-01
1.402342319488525391e-01
1.794309616088867188e-01
1.710872650146484375e-01
1.681671142578125000e-01
1.642570495605468750e-01
1.738727092742919922e-01
1.621081829071044922e-01
1.516528129577636719e-01
1.607291698455810547e-01
1.670582294464111328e-01
1.572446823120117188e-01
1.363809108734130859e-01
1.721096038818359375e-01
1.397147178649902344e-01
1.664698123931884766e-01
1.525132656097412109e-01
1.710996627807617188e-01
1.754267215728759766e-01
1.372210979461669922e-01
1.706061363220214844e-01
1.719467639923095703e-01
1.745350360870361328e-01
1.463255882263183594e-01
1.749753952026367188e-01
1.722762584686279297e-01
1.694335937500000000e-01
1.726436614990234375e-01
1.669831275939941406e-01
9.504127502441406250e-02
9.509348869323730469e-02
9.681153297424316406e-02
9.845495223999023438e-02
9.814238548278808594e-02
1.640918254852294922e-01
1.697928905487060547e-01
1.716187000274658203e-01
1.387135982513427734e-01
1.714711189270019531e-01
1.643409729003906250e-01
1.671996116638183594e-01
1.575739383697509766e-01
9.317874908447265625e-02
9.385275840759277344e-02
1.656870841979980469e-01
9.021282196044921875e-02
9.127783775329589844e-02
1.655874252319335938e-01
1.709887981414794922e-01
1.704683303833007812e-01
1.707084178924560547e-01
1.667952537536621094e-01
1.705927848815917969e-01
1.711611747741699219e-01
1.637606620788574219e-01
1.643190383911132812e-01
1.610646247863769531e-01
1.657531261444091797e-01
1.688277721405029297e-01
1.568131446838378906e-01
1.750073432922363281e-01
1.755013465881347656e-01
1.048455238342285156e-01
9.678745269775390625e-02
9.939455986022949219e-02
9.241366386413574219e-02
9.208440780639648438e-02
1.682782173156738281e-01
1.687462329864501953e-01
1.646881103515625000e-01
1.726791858673095703e-01
1.756489276885986328e-01
1.823909282684326172e-01
1.717591285705566406e-01
1.627182960510253906e-01
9.631490707397460938e-02
1.741616725921630859e-01
1.670675277709960938e-01
1.717665195465087891e-01
1.673934459686279297e-01
1.382319927215576172e-01
1.414761543273925781e-01
1.806812286376953125e-01
1.688737869262695312e-01
1.628820896148681641e-01
9.640073776245117188e-02
9.166979789733886719e-02
9.464931488037109375e-02
9.219098091125488281e-02
1.235795021057128906e-01
1.744816303253173828e-01
9.343361854553222656e-02
9.347939491271972656e-02
9.448695182800292969e-02
1.376647949218750000e-01
9.414815902709960938e-02
9.571337699890136719e-02
1.534979343414306641e-01
9.820842742919921875e-02
9.149932861328125000e-02
9.520506858825683594e-02
9.676742553710937500e-02
9.543800354003906250e-02
9.325218200683593750e-02
9.562778472900390625e-02
1.692535877227783203e-01
1.452448368072509766e-01
9.421420097351074219e-02
9.251523017883300781e-02
9.402608871459960938e-02
9.791254997253417969e-02
9.486436843872070312e-02
1.691167354583740234e-01
1.700742244720458984e-01
1.745605468750000000e-01
9.530973434448242188e-02
9.465456008911132812e-02
9.456396102905273438e-02
1.766448020935058594e-01
9.590840339660644531e-02
1.005139350891113281e-01
1.008536815643310547e-01
9.619355201721191406e-02
9.373664855957031250e-02
9.371209144592285156e-02
9.494805335998535156e-02
9.738492965698242188e-02
9.849882125854492188e-02
9.783124923706054688e-02
9.578323364257812500e-02
9.840798377990722656e-02
9.956026077270507812e-02
9.749841690063476562e-02
4.595518112182617188e-02
1.056392192840576172e-01
1.093187332153320312e-01
1.020641326904296875e-01
1.002476215362548828e-01
1.000812053680419922e-01
9.967327117919921875e-02
1.023707389831542969e-01
1.009824275970458984e-01
1.904566287994384766e-01
1.861965656280517578e-01
1.726627349853515625e-01
1.894445419311523438e-01
1.016280651092529297e-01
1.019732952117919922e-01
9.949254989624023438e-02
1.014418601989746094e-01
9.981513023376464844e-02
1.009037494659423828e-01
9.725451469421386719e-02
1.024286746978759766e-01
1.785385608673095703e-01
1.171824932098388672e-01
1.033763885498046875e-01
1.599636077880859375e-01
1.841080188751220703e-01
1.834242343902587891e-01
1.799948215484619141e-01
1.490893363952636719e-01
1.715376377105712891e-01
1.821730136871337891e-01
1.757597923278808594e-01
1.753826141357421875e-01
1.545665264129638672e-01
1.780648231506347656e-01
1.776854991912841797e-01
1.708524227142333984e-01
1.692533493041992188e-01
1.798717975616455078e-01
1.813287734985351562e-01
9.890890121459960938e-02
9.931659698486328125e-02
1.754631996154785156e-01
1.836152076721191406e-01
1.718697547912597656e-01
1.735014915466308594e-01
1.756486892700195312e-01
1.065871715545654297e-01
1.720190048217773438e-01
1.704781055450439453e-01
1.740508079528808594e-01
9.849524497985839844e-02
9.931278228759765625e-02
1.735951900482177734e-01
1.733996868133544922e-01
1.795165538787841797e-01
1.734070777893066406e-01
1.747221946716308594e-01
1.783204078674316406e-01
1.764495372772216797e-01
1.721417903900146484e-01
1.759569644927978516e-01
1.641488075256347656e-01
9.509539604187011719e-02
9.387373924255371094e-02
9.773421287536621094e-02
9.503364562988281250e-02
1.352288722991943359e-01
1.712114810943603516e-01
1.746575832366943359e-01
8.907723426818847656e-02
8.711004257202148438e-02
9.792900085449218750e-02
9.680461883544921875e-02
9.157991409301757812e-02
9.648823738098144531e-02
9.360933303833007812e-02
1.031968593597412109e-01
9.249711036682128906e-02
9.321713447570800781e-02
9.274339675903320312e-02
1.715335845947265625e-01
1.438004970550537109e-01
1.739606857299804688e-01
1.722185611724853516e-01
1.683747768402099609e-01
1.699731349945068359e-01
1.721966266632080078e-01
1.568849086761474609e-01
1.397535800933837891e-01
1.437709331512451172e-01
1.733057498931884766e-01
1.512839794158935547e-01
1.706442832946777344e-01
1.678502559661865234e-01
1.776008605957031250e-01
1.550107002258300781e-01
1.466755867004394531e-01
1.748964786529541016e-01
1.703474521636962891e-01
1.772050857543945312e-01
1.748707294464111328e-01
1.731939315795898438e-01
1.747846603393554688e-01
1.691973209381103516e-01
1.678781509399414062e-01
1.736657619476318359e-01
1.687080860137939453e-01
1.746826171875000000e-01
9.108757972717285156e-02
9.457540512084960938e-02
9.501695632934570312e-02
9.766387939453125000e-02
9.605646133422851562e-02
9.402036666870117188e-02
9.391784667968750000e-02
1.706013679504394531e-01
1.732399463653564453e-01
1.714198589324951172e-01
1.713678836822509766e-01
9.477400779724121094e-02
9.236550331115722656e-02
9.563732147216796875e-02
9.938883781433105469e-02
1.030607223510742188e-01
1.666038036346435547e-01
9.124279022216796875e-02
9.409999847412109375e-02
1.751427650451660156e-01
1.710367202758789062e-01
1.691298484802246094e-01
1.659586429595947266e-01
1.701996326446533203e-01
1.525652408599853516e-01
1.471631526947021484e-01
1.730301380157470703e-01
1.770191192626953125e-01
1.672360897064208984e-01
1.749880313873291016e-01
1.690089702606201172e-01
1.726951599121093750e-01
1.733965873718261719e-01
1.620769500732421875e-01
1.767985820770263672e-01
1.756110191345214844e-01
1.149802207946777344e-01
9.805917739868164062e-02
9.627532958984375000e-02
1.592907905578613281e-01
1.682333946228027344e-01
1.603615283966064453e-01
1.645298004150390625e-01
1.759698390960693359e-01
1.810238361358642578e-01
1.797454357147216797e-01
1.412763595581054688e-01
1.622302532196044922e-01
9.932613372802734375e-02
1.759114265441894531e-01
1.722638607025146484e-01
9.830236434936523438e-02
1.782882213592529297e-01
9.736728668212890625e-02
5.054187774658203125e-02
1.022770404815673828e-01
1.036746501922607422e-01
9.984636306762695312e-02
9.815955162048339844e-02
1.724536418914794922e-01
1.783621311187744141e-01
1.017932891845703125e-01
1.663641929626464844e-01
1.497647762298583984e-01
1.480464935302734375e-01
9.575819969177246094e-02
1.808815002441406250e-01
1.755707263946533203e-01
1.009366512298583984e-01
1.021511554718017578e-01
9.485745429992675781e-02
1.624310016632080078e-01
1.820774078369140625e-01
1.804766654968261719e-01
1.690390110015869141e-01
1.410744190216064453e-01
9.311842918395996094e-02
9.805941581726074219e-02
9.962940216064453125e-02
1.784515380859375000e-01
1.790246963500976562e-01
1.663384437561035156e-01
1.731734275817871094e-01
1.602602005004882812e-01
1.741166114807128906e-01
1.723129749298095703e-01
1.602864265441894531e-01
1.738200187683105469e-01
1.783828735351562500e-01
1.800713539123535156e-01
1.804826259613037109e-01
1.793553829193115234e-01
1.717953681945800781e-01
1.741743087768554688e-01
1.699676513671875000e-01
1.700329780578613281e-01
1.742298603057861328e-01
1.743254661560058594e-01
1.662223339080810547e-01
1.699724197387695312e-01
1.630556583404541016e-01
1.723740100860595703e-01
1.708772182464599609e-01
1.689152717590332031e-01
1.384220123291015625e-01
1.614632606506347656e-01
1.806011199951171875e-01
1.748261451721191406e-01
1.810030937194824219e-01
1.788985729217529297e-01
1.788756847381591797e-01
1.812956333160400391e-01
1.770131587982177734e-01
1.774444580078125000e-01
1.763243675231933594e-01
1.892676353454589844e-01
1.861860752105712891e-01
1.865777969360351562e-01
9.989786148071289062e-02
1.726403236389160156e-01
1.804800033569335938e-01
1.807765960693359375e-01
1.416339874267578125e-01
1.679723262786865234e-01
1.765120029449462891e-01
9.557485580444335938e-02
1.678116321563720703e-01
1.666975021362304688e-01
1.681551933288574219e-01
1.808664798736572266e-01
1.644794940948486328e-01
1.641743183135986328e-01
1.808545589447021484e-01
1.727583408355712891e-01
1.741030216217041016e-01
1.750233173370361328e-01
1.718285083770751953e-01
1.734056472778320312e-01
1.191856861114501953e-01
9.789443016052246094e-02
9.901499748229980469e-02
1.676046848297119141e-01
1.780683994293212891e-01
1.034309864044189453e-01
1.679253578186035156e-01
1.779313087463378906e-01
1.713407039642333984e-01
9.449481964111328125e-02
9.981560707092285156e-02
1.002893447875976562e-01
9.094786643981933594e-02
1.451499462127685547e-01
1.076741218566894531e-01
1.064715385437011719e-01
1.727263927459716797e-01
1.708650588989257812e-01
1.706678867340087891e-01
1.700851917266845703e-01
1.764347553253173828e-01
1.446235179901123047e-01
9.996318817138671875e-02
1.731421947479248047e-01
1.664023399353027344e-01
1.580989360809326172e-01
1.156280040740966797e-01
9.449672698974609375e-02
1.771624088287353516e-01
1.800253391265869141e-01
1.853642463684082031e-01
1.539709568023681641e-01
1.586267948150634766e-01
1.063156127929687500e-01
1.743831634521484375e-01
1.826744079589843750e-01
1.663279533386230469e-01
9.716796875000000000e-02
1.697611808776855469e-01
1.683928966522216797e-01
1.637611389160156250e-01
1.473746299743652344e-01
1.708629131317138672e-01
1.778018474578857422e-01
1.738710403442382812e-01
1.725521087646484375e-01
1.778070926666259766e-01
1.640548706054687500e-01
1.711695194244384766e-01
1.652531623840332031e-01
1.700499057769775391e-01
1.635663509368896484e-01
1.761317253112792969e-01
1.812350749969482422e-01
1.746394634246826172e-01
1.735448837280273438e-01
9.670829772949218750e-02
1.826827526092529297e-01
1.502883434295654297e-01
1.547420024871826172e-01
9.849882125854492188e-02
1.678800582885742188e-01
9.748911857604980469e-02
1.818473339080810547e-01
1.709537506103515625e-01
1.849322319030761719e-01
1.825172901153564453e-01
1.754834651947021484e-01
1.650953292846679688e-01
1.683652400970458984e-01
1.756751537322998047e-01
1.762585639953613281e-01
1.730787754058837891e-01
1.756370067596435547e-01
1.637010574340820312e-01
1.822934150695800781e-01
1.782948970794677734e-01
1.840415000915527344e-01
9.674859046936035156e-02
4.402637481689453125e-02
1.003761291503906250e-01
9.304785728454589844e-02
9.662485122680664062e-02
9.536814689636230469e-02
9.952211380004882812e-02
1.680545806884765625e-01
1.428961753845214844e-01
1.644132137298583984e-01
1.764016151428222656e-01
1.765534877777099609e-01
9.803581237792968750e-02
9.770679473876953125e-02
9.576320648193359375e-02
9.916663169860839844e-02
1.801486015319824219e-01
1.723194122314453125e-01
1.745955944061279297e-01
1.814768314361572266e-01
1.795377731323242188e-01
1.833751201629638672e-01
1.664302349090576172e-01
1.728839874267578125e-01
1.463537216186523438e-01
9.536027908325195312e-02
1.754243373870849609e-01
1.729946136474609375e-01
1.797969341278076172e-01
1.753540039062500000e-01
1.744399070739746094e-01
1.416380405426025391e-01
1.706421375274658203e-01
1.394476890563964844e-01
1.400213241577148438e-01
1.647284030914306641e-01
9.636068344116210938e-02
1.763534545898437500e-01
9.449791908264160156e-02
9.804940223693847656e-02
9.398221969604492188e-02
9.386825561523437500e-02
1.709187030792236328e-01
9.522604942321777344e-02
1.596496105194091797e-01
9.549522399902343750e-02
9.170031547546386719e-02
9.684753417968750000e-02
9.066748619079589844e-02
1.697523593902587891e-01
1.759011745452880859e-01
1.727070808410644531e-01
1.016347408294677734e-01
1.792500019073486328e-01
1.599314212799072266e-01
2.469961643218994141e-01
1.705670356750488281e-01
1.748199462890625000e-01
1.653525829315185547e-01
9.520506858825683594e-02
1.651022434234619141e-01
9.263253211975097656e-02
9.506011009216308594e-02
9.496545791625976562e-02
9.421086311340332031e-02
9.826540946960449219e-02
1.006145477294921875e-01
1.059997081756591797e-01
1.071448326110839844e-01
1.102764606475830078e-01
9.983086585998535156e-02
9.985828399658203125e-02
1.011800765991210938e-01
9.917926788330078125e-02
1.012618541717529297e-01
1.618249416351318359e-01
1.004238128662109375e-01
1.633408069610595703e-01
1.743471622467041016e-01
1.323094367980957031e-01
1.198439598083496094e-01
1.819136142730712891e-01
1.862106323242187500e-01
9.785676002502441406e-02
9.685611724853515625e-02
1.602535247802734375e-01
9.606552124023437500e-02
9.685158729553222656e-02
1.698050498962402344e-01
1.658396720886230469e-01
1.554887294769287109e-01
1.374971866607666016e-01
1.674828529357910156e-01
1.453332901000976562e-01
1.768159866333007812e-01
9.438276290893554688e-02
1.748833656311035156e-01
1.632316112518310547e-01
1.800305843353271484e-01
1.778254508972167969e-01
1.438689231872558594e-01
1.523201465606689453e-01
1.761226654052734375e-01
1.677348613739013672e-01
1.047384738922119141e-01
1.439609527587890625e-01
1.778931617736816406e-01
1.756119728088378906e-01
1.725230216979980469e-01
1.789836883544921875e-01
7.369873523712158203e-01
1.692919731140136719e-01
1.734251976013183594e-01
1.679806709289550781e-01
1.722996234893798828e-01
1.730291843414306641e-01
1.661024093627929688e-01
1.777267456054687500e-01
1.760249137878417969e-01
1.712663173675537109e-01
1.540622711181640625e-01
1.714339256286621094e-01
1.588804721832275391e-01
1.719400882720947266e-01
1.729593276977539062e-01
1.692895889282226562e-01
1.452302932739257812e-01
1.466884613037109375e-01
1.761665344238281250e-01
1.719930171966552734e-01
1.719028949737548828e-01
1.553065776824951172e-01
1.784915924072265625e-01
1.802957057952880859e-01
1.678082942962646484e-01
1.412630081176757812e-01
1.894891262054443359e-01
1.820371150970458984e-01
1.666705608367919922e-01
1.768195629119873047e-01
1.747853755950927734e-01
1.782395839691162109e-01
1.719083786010742188e-01
9.591007232666015625e-02
9.765553474426269531e-02
1.777644157409667969e-01
1.798596382141113281e-01
9.629631042480468750e-02
1.832072734832763672e-01
1.474075317382812500e-01
1.839766502380371094e-01
1.892960071563720703e-01
1.372485160827636719e-01
1.821081638336181641e-01
1.750826835632324219e-01
1.698007583618164062e-01
1.803267002105712891e-01
1.706550121307373047e-01
1.539356708526611328e-01
1.743514537811279297e-01
1.688711643218994141e-01
1.719553470611572266e-01
1.678633689880371094e-01
1.697928905487060547e-01
8.657479286193847656e-02
1.688897609710693359e-01
1.000232696533203125e-01
1.056571006774902344e-01
9.944939613342285156e-02
9.939551353454589844e-02
9.971547126770019531e-02
1.839272975921630859e-01
1.638121604919433594e-01
1.008124351501464844e-01
9.814763069152832031e-02
9.475874900817871094e-02
1.006052494049072266e-01
1.012172698974609375e-01
9.826016426086425781e-02
9.778976440429687500e-02
9.854960441589355469e-02
9.906363487243652344e-02
9.780812263488769531e-02
1.003623008728027344e-01
1.020464897155761719e-01
9.914875030517578125e-02
1.003835201263427734e-01
1.807854175567626953e-01
1.766285896301269531e-01
1.816647052764892578e-01
9.426856040954589844e-02
9.643888473510742188e-02
9.537076950073242188e-02
1.037123203277587891e-01
9.568858146667480469e-02
9.896564483642578125e-02
9.532308578491210938e-02
9.265017509460449219e-02
9.697818756103515625e-02
9.621977806091308594e-02
9.517240524291992188e-02
9.888100624084472656e-02
9.577870368957519531e-02
1.021459102630615234e-01
9.760475158691406250e-02
9.542846679687500000e-02
9.561443328857421875e-02
9.370684623718261719e-02
1.007132530212402344e-01
9.334540367126464844e-02
9.772467613220214844e-02
1.705718040466308594e-01
1.729729175567626953e-01
1.815168857574462891e-01
1.735887527465820312e-01
9.556293487548828125e-02
9.773755073547363281e-02
1.731431484222412109e-01
1.708927154541015625e-01
1.510403156280517578e-01
1.589386463165283203e-01
1.678915023803710938e-01
1.722764968872070312e-01
1.683046817779541016e-01
1.584465503692626953e-01
1.651475429534912109e-01
1.654779911041259766e-01
9.687685966491699219e-02
1.730413436889648438e-01
1.595125198364257812e-01
9.141921997070312500e-02
9.095501899719238281e-02
9.312415122985839844e-02
9.818220138549804688e-02
1.678371429443359375e-01
1.096897125244140625e-01
9.943389892578125000e-02
1.648292541503906250e-01
1.534950733184814453e-01
1.594011783599853516e-01
1.162285804748535156e-01
1.081411838531494141e-01
1.095199584960937500e-01
1.679534912109375000e-01
1.588740348815917969e-01
1.029100418090820312e-01
9.292840957641601562e-02
9.514141082763671875e-02
9.672379493713378906e-02
9.214615821838378906e-02
9.833931922912597656e-02
1.018099784851074219e-01
9.406661987304687500e-02
1.001985073089599609e-01
1.760685443878173828e-01
1.710729598999023438e-01
1.715052127838134766e-01
1.621391773223876953e-01
1.548714637756347656e-01
1.695737838745117188e-01
1.377801895141601562e-01
1.687519550323486328e-01
1.781928539276123047e-01
1.590478420257568359e-01
9.415650367736816406e-02
1.636247634887695312e-01
9.083271026611328125e-02
1.543891429901123047e-01
1.388950347900390625e-01
1.710987091064453125e-01
1.702697277069091797e-01
1.511671543121337891e-01
1.609854698181152344e-01
1.650881767272949219e-01
1.671977043151855469e-01
1.679825782775878906e-01
1.189265251159667969e-01
1.755611896514892578e-01
1.412358283996582031e-01
9.644126892089843750e-02
1.599769592285156250e-01
1.765916347503662109e-01
1.210694313049316406e-01
8.992505073547363281e-02
9.435415267944335938e-02
9.269309043884277344e-02
9.540605545043945312e-02
9.149670600891113281e-02
1.032464504241943359e-01
9.527826309204101562e-02
8.992958068847656250e-02
1.654577255249023438e-01
1.413276195526123047e-01
9.396362304687500000e-02
1.746237277984619141e-01
1.713948249816894531e-01
1.578824520111083984e-01
9.629988670349121094e-02
1.644308567047119141e-01
1.614334583282470703e-01
1.648869514465332031e-01
1.350893974304199219e-01
1.560337543487548828e-01
1.679823398590087891e-01
1.700761318206787109e-01
1.762876510620117188e-01
1.763010025024414062e-01
1.763615608215332031e-01
1.657936573028564453e-01
1.589939594268798828e-01
1.027185916900634766e-01
9.300756454467773438e-02
9.321665763854980469e-02
1.730406284332275391e-01
1.010289192199707031e-01
1.746153831481933594e-01
1.784503459930419922e-01
1.733415126800537109e-01
1.716625690460205078e-01
1.656768321990966797e-01
1.673684120178222656e-01
1.574232578277587891e-01
1.680579185485839844e-01
1.632604598999023438e-01
1.559274196624755859e-01
1.697850227355957031e-01
1.770272254943847656e-01
8.773112297058105469e-02
1.810781955718994141e-01
1.735835075378417969e-01
1.061601638793945312e-01
1.028766632080078125e-01
1.016275882720947266e-01
1.601903438568115234e-01
1.697523593902587891e-01
1.414544582366943359e-01
1.791596412658691406e-01
1.761140823364257812e-01
1.718156337738037109e-01
1.854984760284423828e-01
1.792118549346923828e-01
1.686182022094726562e-01
1.285164356231689453e-01
1.731054782867431641e-01
1.238167285919189453e-01
1.016407012939453125e-01
1.907281875610351562e-01
1.827466487884521484e-01
1.833593845367431641e-01
1.885337829589843750e-01
1.519100666046142578e-01
1.854968070983886719e-01
1.172876358032226562e-01
1.042048931121826172e-01
1.754572391510009766e-01
1.849782466888427734e-01
1.718325614929199219e-01
1.536128520965576172e-01
1.510863304138183594e-01
1.481268405914306641e-01
1.783523559570312500e-01
1.559872627258300781e-01
1.739652156829833984e-01
1.728618144989013672e-01
1.351351737976074219e-01
1.747114658355712891e-01
1.746737957000732422e-01
1.711847782135009766e-01
1.667809486389160156e-01
9.522104263305664062e-02
1.678621768951416016e-01
1.504590511322021484e-01
1.074190139770507812e-01
1.166684627532958984e-01
1.668524742126464844e-01
1.760642528533935547e-01
1.470224857330322266e-01
1.581351757049560547e-01
1.677286624908447266e-01
1.576349735260009766e-01
1.714890003204345703e-01
1.712324619293212891e-01
1.629729270935058594e-01
9.144043922424316406e-02
9.751820564270019531e-02
1.714529991149902344e-01
9.550738334655761719e-02
9.747719764709472656e-02
9.616804122924804688e-02
1.724772453308105469e-01
1.535937786102294922e-01
9.293961524963378906e-02
9.652709960937500000e-02
9.997463226318359375e-02
1.462171077728271484e-01
1.577119827270507812e-01
1.751742362976074219e-01
1.741161346435546875e-01
9.799242019653320312e-02
9.748816490173339844e-02
9.774231910705566406e-02
1.016099452972412109e-01
9.447813034057617188e-02
9.607768058776855469e-02
9.395575523376464844e-02
1.449279785156250000e-01
9.664392471313476562e-02
1.688365936279296875e-01
1.648058891296386719e-01
1.765687465667724609e-01
9.747648239135742188e-02
1.537790298461914062e-01
1.758284568786621094e-01
1.297047138214111328e-01
1.744263172149658203e-01
1.760919094085693359e-01
1.612265110015869141e-01
1.755151748657226562e-01
1.757128238677978516e-01
1.005895137786865234e-01
1.713786125183105469e-01
1.789340972900390625e-01
1.776781082153320312e-01
1.598267555236816406e-01
1.822831630706787109e-01
1.620709896087646484e-01
1.315853595733642578e-01
1.081638336181640625e-01
1.365020275115966797e-01
9.745740890502929688e-02
9.801578521728515625e-02
1.724812984466552734e-01
1.632032394409179688e-01
1.769053936004638672e-01
1.671557426452636719e-01
1.616897583007812500e-01
1.536636352539062500e-01
1.715681552886962891e-01
1.718559265136718750e-01
1.741430759429931641e-01
1.705663204193115234e-01
1.673142910003662109e-01
1.145513057708740234e-01
1.112711429595947266e-01
1.641426086425781250e-01
1.660809516906738281e-01
1.783590316772460938e-01
1.765105724334716797e-01
9.539294242858886719e-02
1.640460491180419922e-01
1.733915805816650391e-01
1.647560596466064453e-01
1.799969673156738281e-01
1.742265224456787109e-01
1.783466339111328125e-01
1.690096855163574219e-01
1.769800186157226562e-01
1.690871715545654297e-01
1.678111553192138672e-01
