3.549115657806396484e-01
5.806658267974853516e-01
5.545160770416259766e-01
3.428895473480224609e-01
3.458907604217529297e-01
3.498213291168212891e-01
3.537774085998535156e-01
3.542759418487548828e-01
3.697791099548339844e-01
3.681466579437255859e-01
3.689823150634765625e-01
3.632104396820068359e-01
3.611388206481933594e-01
3.582010269165039062e-01
3.574383258819580078e-01
3.533561229705810547e-01
3.663125038146972656e-01
3.644695281982421875e-01
3.584301471710205078e-01
5.430207252502441406e-01
3.594181537628173828e-01
3.676483631134033203e-01
4.116463661193847656e-01
3.694653511047363281e-01
4.692189693450927734e-01
3.604795932769775391e-01
5.768449306488037109e-01
3.610727787017822266e-01
3.724358081817626953e-01
3.544633388519287109e-01
3.608202934265136719e-01
3.569469451904296875e-01
3.593282699584960938e-01
3.551473617553710938e-01
3.482313156127929688e-01
6.559522151947021484e-01
5.909230709075927734e-01
5.734162330627441406e-01
3.694233894348144531e-01
3.729846477508544922e-01
2.226166725158691406e-01
4.133718013763427734e-01
6.305804252624511719e-01
6.240613460540771484e-01
6.549477577209472656e-01
6.080245971679687500e-01
3.872284889221191406e-01
5.947782993316650391e-01
3.982429504394531250e-01
4.074366092681884766e-01
4.441628456115722656e-01
3.967201709747314453e-01
6.147398948669433594e-01
5.384967327117919922e-01
4.112663269042968750e-01
3.850352764129638672e-01
3.768916130065917969e-01
4.991872310638427734e-01
3.913364410400390625e-01
4.695265293121337891e-01
6.014358997344970703e-01
4.409112930297851562e-01
4.216666221618652344e-01
5.973546504974365234e-01
6.059505939483642578e-01
4.974293708801269531e-01
3.994247913360595703e-01
5.826094150543212891e-01
3.859529495239257812e-01
4.533178806304931641e-01
5.944838523864746094e-01
4.028520584106445312e-01
6.140224933624267578e-01
4.062273502349853516e-01
4.878442287445068359e-01
6.162867546081542969e-01
6.495325565338134766e-01
5.488326549530029297e-01
6.925446987152099609e-01
6.484994888305664062e-01
4.158473014831542969e-01
4.102046489715576172e-01
4.245538711547851562e-01
4.371418952941894531e-01
6.200671195983886719e-01
6.189372539520263672e-01
6.607069969177246094e-01
4.339334964752197266e-01
6.283333301544189453e-01
4.479589462280273438e-01
6.525926589965820312e-01
7.077348232269287109e-01
6.083335876464843750e-01
4.147593975067138672e-01
4.242017269134521484e-01
6.247682571411132812e-01
4.240655899047851562e-01
4.169452190399169922e-01
4.363822937011718750e-01
4.138667583465576172e-01
5.462336540222167969e-01
4.246397018432617188e-01
6.545560359954833984e-01
4.355049133300781250e-01
6.277811527252197266e-01
5.919609069824218750e-01
4.443233013153076172e-01
4.898335933685302734e-01
3.973743915557861328e-01
4.191520214080810547e-01
5.962185859680175781e-01
5.803158283233642578e-01
6.020970344543457031e-01
6.128628253936767578e-01
4.096405506134033203e-01
6.187765598297119141e-01
4.040317535400390625e-01
4.061896800994873047e-01
6.181712150573730469e-01
6.232373714447021484e-01
4.091773033142089844e-01
4.098334312438964844e-01
2.463221549987792969e-01
4.240353107452392578e-01
5.543556213378906250e-01
4.265031814575195312e-01
4.190306663513183594e-01
4.282252788543701172e-01
4.172437191009521484e-01
6.387596130371093750e-01
4.190547466278076172e-01
6.215379238128662109e-01
6.270613670349121094e-01
4.008669853210449219e-01
5.815415382385253906e-01
4.021389484405517578e-01
4.060070514678955078e-01
3.976256847381591797e-01
3.884782791137695312e-01
5.909602642059326172e-01
5.795912742614746094e-01
3.838100433349609375e-01
3.720431327819824219e-01
3.992171287536621094e-01
3.949072360992431641e-01
3.851780891418457031e-01
3.924314975738525391e-01
3.922822475433349609e-01
4.082686901092529297e-01
3.917272090911865234e-01
4.318389892578125000e-01
5.836417675018310547e-01
3.946661949157714844e-01
6.557333469390869141e-01
3.808505535125732422e-01
4.861340522766113281e-01
5.516188144683837891e-01
3.874225616455078125e-01
3.727648258209228516e-01
5.671250820159912109e-01
5.809371471405029297e-01
3.775210380554199219e-01
5.848190784454345703e-01
2.342801094055175781e-01
4.126787185668945312e-01
6.382517814636230469e-01
4.021189212799072266e-01
4.156048297882080078e-01
4.134016036987304688e-01
6.219377517700195312e-01
4.321887493133544922e-01
4.164206981658935547e-01
4.045615196228027344e-01
6.138808727264404297e-01
4.070980548858642578e-01
6.018052101135253906e-01
3.778796195983886719e-01
5.984277725219726562e-01
7.829029560089111328e-01
3.939778804779052734e-01
4.152452945709228516e-01
5.337562561035156250e-01
4.064276218414306641e-01
3.976769447326660156e-01
3.954613208770751953e-01
4.675610065460205078e-01
7.086646556854248047e-01
5.062084197998046875e-01
4.150354862213134766e-01
6.395752429962158203e-01
4.298765659332275391e-01
4.229044914245605469e-01
4.076993465423583984e-01
6.068401336669921875e-01
4.095387458801269531e-01
6.159126758575439453e-01
4.680387973785400391e-01
5.987949371337890625e-01
4.246661663055419922e-01
4.062054157257080078e-01
5.966620445251464844e-01
3.857440948486328125e-01
6.005170345306396484e-01
4.018054008483886719e-01
3.989670276641845703e-01
7.192225456237792969e-01
6.404583454132080078e-01
4.282057285308837891e-01
5.859944820404052734e-01
4.200663566589355469e-01
4.243309497833251953e-01
4.135265350341796875e-01
4.018301963806152344e-01
6.038432121276855469e-01
3.977816104888916016e-01
6.019864082336425781e-01
3.980896472930908203e-01
5.984694957733154297e-01
3.891267776489257812e-01
3.999447822570800781e-01
4.048323631286621094e-01
4.060153961181640625e-01
4.232153892517089844e-01
6.004419326782226562e-01
4.534993171691894531e-01
6.473641395568847656e-01
6.988062858581542969e-01
4.179639816284179688e-01
4.130926132202148438e-01
4.015173912048339844e-01
4.135069847106933594e-01
4.125638008117675781e-01
4.216797351837158203e-01
4.175832271575927734e-01
4.096903800964355469e-01
4.078214168548583984e-01
3.977022171020507812e-01
3.878786563873291016e-01
3.804085254669189453e-01
5.971496105194091797e-01
3.752782344818115234e-01
3.902752399444580078e-01
3.888950347900390625e-01
3.914513587951660156e-01
3.998148441314697266e-01
3.724195957183837891e-01
4.108257293701171875e-01
6.082496643066406250e-01
4.177954196929931641e-01
4.266157150268554688e-01
4.165797233581542969e-01
4.317109584808349609e-01
4.064092636108398438e-01
6.089384555816650391e-01
4.120945930480957031e-01
5.679955482482910156e-01
3.799774646759033203e-01
3.881897926330566406e-01
3.853199481964111328e-01
3.979139328002929688e-01
3.987636566162109375e-01
3.826835155487060547e-01
3.926637172698974609e-01
5.912225246429443359e-01
4.567711353302001953e-01
3.992364406585693359e-01
3.902962207794189453e-01
4.011702537536621094e-01
3.961925506591796875e-01
5.970473289489746094e-01
4.084300994873046875e-01
4.093458652496337891e-01
4.012589454650878906e-01
3.909308910369873047e-01
3.970437049865722656e-01
3.995513916015625000e-01
6.166331768035888672e-01
3.963866233825683594e-01
4.067089557647705078e-01
5.965735912322998047e-01
4.089872837066650391e-01
5.759162902832031250e-01
4.052546024322509766e-01
5.958106517791748047e-01
3.904228210449218750e-01
6.082584857940673828e-01
3.896403312683105469e-01
4.053313732147216797e-01
6.508932113647460938e-01
4.731149673461914062e-01
4.182021617889404297e-01
4.131474494934082031e-01
4.467577934265136719e-01
4.000296592712402344e-01
4.105098247528076172e-01
4.200782775878906250e-01
4.241113662719726562e-01
4.052534103393554688e-01
4.054694175720214844e-01
4.017651081085205078e-01
4.071457386016845703e-01
4.220128059387207031e-01
4.274678230285644531e-01
4.202859401702880859e-01
4.164006710052490234e-01
6.183443069458007812e-01
5.424239635467529297e-01
4.169640541076660156e-01
6.073982715606689453e-01
4.085719585418701172e-01
6.149144172668457031e-01
4.137341976165771484e-01
6.399383544921875000e-01
4.023511409759521484e-01
4.404952526092529297e-01
4.170567989349365234e-01
6.115586757659912109e-01
4.911534786224365234e-01
7.431161403656005859e-01
7.158455848693847656e-01
4.127964973449707031e-01
3.857309818267822266e-01
4.108488559722900391e-01
5.238482952117919922e-01
4.763278961181640625e-01
4.065446853637695312e-01
6.070039272308349609e-01
2.486119270324707031e-01
5.571949481964111328e-01
6.284389495849609375e-01
6.325776576995849609e-01
6.431238651275634766e-01
4.416401386260986328e-01
4.020171165466308594e-01
6.472454071044921875e-01
4.146120548248291016e-01
6.233875751495361328e-01
4.217135906219482422e-01
3.851783275604248047e-01
6.297473907470703125e-01
4.323775768280029297e-01
3.804693222045898438e-01
4.379799365997314453e-01
5.356397628784179688e-01
6.637015342712402344e-01
6.532959938049316406e-01
6.415104866027832031e-01
4.054646492004394531e-01
4.868583679199218750e-01
6.095783710479736328e-01
