6.011061668395996094e-01
3.547182083129882812e-01
3.458912372589111328e-01
5.523788928985595703e-01
5.486817359924316406e-01
5.473277568817138672e-01
5.612332820892333984e-01
3.512697219848632812e-01
5.412518978118896484e-01
6.225006580352783203e-01
5.824978351593017578e-01
3.548254966735839844e-01
3.606841564178466797e-01
3.425967693328857422e-01
3.585031032562255859e-01
5.596728324890136719e-01
6.332671642303466797e-01
6.420826911926269531e-01
5.674412250518798828e-01
5.509347915649414062e-01
6.444838047027587891e-01
5.673229694366455078e-01
5.581779479980468750e-01
5.270102024078369141e-01
5.605165958404541016e-01
6.695654392242431641e-01
6.198480129241943359e-01
5.774979591369628906e-01
5.844998359680175781e-01
5.862059593200683594e-01
5.681865215301513672e-01
6.360452175140380859e-01
5.772666931152343750e-01
3.638594150543212891e-01
3.696327209472656250e-01
6.721534729003906250e-01
5.754957199096679688e-01
3.676826953887939453e-01
3.629922866821289062e-01
3.647310733795166016e-01
2.151379585266113281e-01
4.114344120025634766e-01
4.097437858581542969e-01
6.191973686218261719e-01
4.589452743530273438e-01
6.055026054382324219e-01
6.044456958770751953e-01
3.946633338928222656e-01
6.129097938537597656e-01
6.051070690155029297e-01
4.384856224060058594e-01
6.047518253326416016e-01
4.726827144622802734e-01
6.248524188995361328e-01
6.132216453552246094e-01
6.288924217224121094e-01
3.899776935577392578e-01
6.663496494293212891e-01
6.097352504730224609e-01
6.144275665283203125e-01
5.798044204711914062e-01
4.392254352569580078e-01
4.303948879241943359e-01
4.299879074096679688e-01
4.119219779968261719e-01
4.358985424041748047e-01
6.184132099151611328e-01
3.954865932464599609e-01
4.020128250122070312e-01
6.239469051361083984e-01
3.994150161743164062e-01
6.069593429565429688e-01
4.515459537506103516e-01
6.106674671173095703e-01
6.087341308593750000e-01
4.451484680175781250e-01
4.324069023132324219e-01
4.085273742675781250e-01
6.892232894897460938e-01
6.268637180328369141e-01
6.536858081817626953e-01
4.235081672668457031e-01
6.793029308319091797e-01
6.287157535552978516e-01
6.148569583892822266e-01
4.563674926757812500e-01
4.037506580352783203e-01
5.930435657501220703e-01
4.192268848419189453e-01
4.146113395690917969e-01
6.729815006256103516e-01
6.497349739074707031e-01
4.262077808380126953e-01
6.015713214874267578e-01
6.069178581237792969e-01
5.808813571929931641e-01
5.853021144866943359e-01
6.154839992523193359e-01
4.140646457672119141e-01
5.857567787170410156e-01
6.468875408172607422e-01
6.356446743011474609e-01
7.267093658447265625e-01
6.107444763183593750e-01
6.053988933563232422e-01
5.789186954498291016e-01
5.926382541656494141e-01
5.853619575500488281e-01
5.677301883697509766e-01
3.919744491577148438e-01
5.901873111724853516e-01
6.030502319335937500e-01
3.968188762664794922e-01
5.811779499053955078e-01
3.831229209899902344e-01
5.804829597473144531e-01
5.816345214843750000e-01
5.832140445709228516e-01
5.990002155303955078e-01
6.028385162353515625e-01
6.162629127502441406e-01
6.117134094238281250e-01
3.810384273529052734e-01
5.386424064636230469e-01
6.165497303009033203e-01
4.524345397949218750e-01
6.192607879638671875e-01
6.111242771148681641e-01
6.372275352478027344e-01
6.350905895233154297e-01
6.236786842346191406e-01
6.272816658020019531e-01
4.327595233917236328e-01
6.222655773162841797e-01
6.241590976715087891e-01
4.053792953491210938e-01
6.185474395751953125e-01
6.098463535308837891e-01
6.059975624084472656e-01
4.152576923370361328e-01
4.009451866149902344e-01
6.001501083374023438e-01
3.823084831237792969e-01
6.054937839508056641e-01
4.070708751678466797e-01
4.117734432220458984e-01
6.264257431030273438e-01
3.971669673919677734e-01
6.008460521697998047e-01
5.977163314819335938e-01
4.913456439971923828e-01
3.950104713439941406e-01
6.165957450866699219e-01
6.179573535919189453e-01
4.695079326629638672e-01
6.947314739227294922e-01
7.116782665252685547e-01
5.829715728759765625e-01
4.499778747558593750e-01
3.827352523803710938e-01
5.810694694519042969e-01
5.587489604949951172e-01
5.825891494750976562e-01
3.883943557739257812e-01
6.408238410949707031e-01
6.280536651611328125e-01
6.413581371307373047e-01
4.165487289428710938e-01
6.000602245330810547e-01
4.035003185272216797e-01
6.060662269592285156e-01
3.995184898376464844e-01
4.045939445495605469e-01
4.075016975402832031e-01
4.042229652404785156e-01
3.990995883941650391e-01
6.137039661407470703e-01
4.022805690765380859e-01
5.901944637298583984e-01
3.957271575927734375e-01
3.926098346710205078e-01
5.901744365692138672e-01
5.932626724243164062e-01
6.046407222747802734e-01
5.859918594360351562e-01
6.891510486602783203e-01
6.252489089965820312e-01
6.331963539123535156e-01
6.492118835449218750e-01
5.507235527038574219e-01
6.088657379150390625e-01
4.191133975982666016e-01
6.111457347869873047e-01
6.102337837219238281e-01
3.987288475036621094e-01
4.121155738830566406e-01
6.275870800018310547e-01
6.023225784301757812e-01
4.133002758026123047e-01
5.977354049682617188e-01
4.109938144683837891e-01
6.053872108459472656e-01
5.921261310577392578e-01
4.131786823272705078e-01
4.682614803314208984e-01
5.419085025787353516e-01
6.442673206329345703e-01
6.230828762054443359e-01
6.684255599975585938e-01
6.105265617370605469e-01
5.931289196014404297e-01
3.912816047668457031e-01
3.857769966125488281e-01
6.155350208282470703e-01
5.930318832397460938e-01
6.032490730285644531e-01
5.878829956054687500e-01
6.392428874969482422e-01
6.066389083862304688e-01
5.981986522674560547e-01
5.920653343200683594e-01
6.097438335418701172e-01
6.009912490844726562e-01
4.045727252960205078e-01
4.252498149871826172e-01
4.475924968719482422e-01
5.195267200469970703e-01
5.961754322052001953e-01
5.763878822326660156e-01
5.783350467681884766e-01
3.869414329528808594e-01
6.080651283264160156e-01
6.039669513702392578e-01
5.937199592590332031e-01
5.756869316101074219e-01
3.842964172363281250e-01
5.929756164550781250e-01
3.876268863677978516e-01
5.786569118499755859e-01
4.092588424682617188e-01
5.811102390289306641e-01
5.889697074890136719e-01
5.847086906433105469e-01
5.839517116546630859e-01
6.111524105072021484e-01
3.859655857086181641e-01
6.321368217468261719e-01
6.051969528198242188e-01
4.066696166992187500e-01
3.952391147613525391e-01
6.144452095031738281e-01
4.207317829132080078e-01
5.884072780609130859e-01
3.870811462402343750e-01
4.020774364471435547e-01
6.003873348236083984e-01
5.635070800781250000e-01
3.754329681396484375e-01
5.949883460998535156e-01
3.702597618103027344e-01
5.994958877563476562e-01
6.129949092864990234e-01
6.001331806182861328e-01
5.806446075439453125e-01
3.835325241088867188e-01
5.895030498504638672e-01
5.744490623474121094e-01
6.065757274627685547e-01
3.865098953247070312e-01
3.924937248229980469e-01
5.848131179809570312e-01
5.878219604492187500e-01
6.093440055847167969e-01
5.705735683441162109e-01
5.857174396514892578e-01
4.372625350952148438e-01
3.934776782989501953e-01
3.827884197235107422e-01
4.059069156646728516e-01
3.941133022308349609e-01
5.958249568939208984e-01
5.967297554016113281e-01
6.022565364837646484e-01
4.691972732543945312e-01
6.136746406555175781e-01
3.841066360473632812e-01
3.925943374633789062e-01
4.120743274688720703e-01
6.454899311065673828e-01
4.634902477264404297e-01
5.958209037780761719e-01
6.313190460205078125e-01
6.347527503967285156e-01
4.316322803497314453e-01
6.154503822326660156e-01
6.462562084197998047e-01
4.043078422546386719e-01
4.003105163574218750e-01
6.160862445831298828e-01
6.134538650512695312e-01
6.377422809600830078e-01
7.337517738342285156e-01
3.964128494262695312e-01
4.142162799835205078e-01
6.233777999877929688e-01
4.022257328033447266e-01
4.183275699615478516e-01
4.106216430664062500e-01
5.047912597656250000e-01
5.996716022491455078e-01
6.150753498077392578e-01
6.198818683624267578e-01
6.165614128112792969e-01
6.268341541290283203e-01
6.244745254516601562e-01
6.371502876281738281e-01
6.018309593200683594e-01
5.723474025726318359e-01
7.043824195861816406e-01
6.223273277282714844e-01
4.710206985473632812e-01
4.109182357788085938e-01
6.184964179992675781e-01
5.307486057281494141e-01
6.839437484741210938e-01
6.917161941528320312e-01
7.641537189483642578e-01
3.160634040832519531e-01
6.623108386993408203e-01
6.307199001312255859e-01
6.362762451171875000e-01
4.105401039123535156e-01
6.208641529083251953e-01
6.418714523315429688e-01
5.996787548065185547e-01
6.146230697631835938e-01
6.638553142547607422e-01
6.275088787078857422e-01
5.752918720245361328e-01
6.636452674865722656e-01
6.270554065704345703e-01
5.735507011413574219e-01
6.260788440704345703e-01
6.684529781341552734e-01
5.566551685333251953e-01
4.895985126495361328e-01
6.025125980377197266e-01
5.828983783721923828e-01
4.811522960662841797e-01
3.952355384826660156e-01
