5.959954261779785156e-01
3.551909923553466797e-01
3.575866222381591797e-01
3.574569225311279297e-01
3.488738536834716797e-01
3.577854633331298828e-01
5.684652328491210938e-01
6.333913803100585938e-01
5.884606838226318359e-01
3.554937839508056641e-01
3.509988784790039062e-01
5.853557586669921875e-01
3.637752532958984375e-01
3.493702411651611328e-01
6.012692451477050781e-01
3.493361473083496094e-01
3.640832901000976562e-01
3.765497207641601562e-01
3.645105361938476562e-01
3.742506504058837891e-01
3.644161224365234375e-01
3.619186878204345703e-01
3.701155185699462891e-01
5.431737899780273438e-01
5.539171695709228516e-01
3.746504783630371094e-01
3.789818286895751953e-01
5.707767009735107422e-01
3.688805103302001953e-01
3.853368759155273438e-01
3.733148574829101562e-01
3.600409030914306641e-01
3.692224025726318359e-01
3.525750637054443359e-01
5.586366653442382812e-01
3.563625812530517578e-01
5.783867835998535156e-01
3.596284389495849609e-01
3.689050674438476562e-01
5.633375644683837891e-01
3.713562488555908203e-01
4.068362712860107422e-01
5.979707241058349609e-01
3.971564769744873047e-01
4.260160923004150391e-01
3.937344551086425781e-01
3.836455345153808594e-01
3.927745819091796875e-01
5.763580799102783203e-01
3.980157375335693359e-01
4.049649238586425781e-01
4.196062088012695312e-01
4.248707294464111328e-01
5.423998832702636719e-01
4.076380729675292969e-01
3.924283981323242188e-01
6.170122623443603516e-01
5.625855922698974609e-01
4.107170104980468750e-01
4.519727230072021484e-01
4.475102424621582031e-01
6.211125850677490234e-01
6.320652961730957031e-01
6.215825080871582031e-01
6.087677478790283203e-01
6.679961681365966797e-01
5.946826934814453125e-01
4.030058383941650391e-01
4.076323509216308594e-01
5.857846736907958984e-01
4.300041198730468750e-01
4.029748439788818359e-01
4.691159725189208984e-01
4.195220470428466797e-01
6.119458675384521484e-01
4.443030357360839844e-01
6.196160316467285156e-01
4.093894958496093750e-01
6.946346759796142578e-01
4.094767570495605469e-01
5.476205348968505859e-01
2.787811756134033203e-01
4.921698570251464844e-01
4.412472248077392578e-01
6.249308586120605469e-01
6.232283115386962891e-01
4.032628536224365234e-01
6.091177463531494141e-01
6.106767654418945312e-01
6.151258945465087891e-01
7.181994915008544922e-01
4.286956787109375000e-01
6.017518043518066406e-01
6.015303134918212891e-01
6.296565532684326172e-01
4.053070545196533203e-01
4.159386157989501953e-01
6.345345973968505859e-01
6.181652545928955078e-01
5.949394702911376953e-01
6.707198619842529297e-01
6.242837905883789062e-01
6.434814929962158203e-01
4.238729476928710938e-01
4.305887222290039062e-01
4.079787731170654297e-01
6.059617996215820312e-01
4.164352416992187500e-01
3.889625072479248047e-01
6.134266853332519531e-01
5.978453159332275391e-01
4.018385410308837891e-01
3.996050357818603516e-01
3.917727470397949219e-01
3.861620426177978516e-01
4.034452438354492188e-01
3.992443084716796875e-01
3.992168903350830078e-01
4.012219905853271484e-01
6.130220890045166016e-01
4.087352752685546875e-01
4.087297916412353516e-01
3.875598907470703125e-01
6.857283115386962891e-01
6.123075485229492188e-01
6.553502082824707031e-01
4.381108283996582031e-01
4.148643016815185547e-01
6.217627525329589844e-01
6.440403461456298828e-01
6.118803024291992188e-01
6.362912654876708984e-01
6.346287727355957031e-01
4.177224636077880859e-01
4.180955886840820312e-01
4.203124046325683594e-01
4.229040145874023438e-01
4.226405620574951172e-01
4.200222492218017578e-01
4.080395698547363281e-01
4.078094959259033203e-01
4.143822193145751953e-01
4.021255970001220703e-01
3.962256908416748047e-01
4.029827117919921875e-01
3.964254856109619141e-01
4.052977561950683594e-01
4.011392593383789062e-01
4.206252098083496094e-01
4.140620231628417969e-01
4.505748748779296875e-01
5.175924301147460938e-01
4.217786788940429688e-01
6.696970462799072266e-01
4.021186828613281250e-01
6.349256038665771484e-01
3.810489177703857422e-01
4.110822677612304688e-01
3.775210380554199219e-01
3.954522609710693359e-01
3.989949226379394531e-01
3.940460681915283203e-01
3.998184204101562500e-01
2.467732429504394531e-01
4.206249713897705078e-01
4.148576259613037109e-01
3.970360755920410156e-01
4.112839698791503906e-01
3.894808292388916016e-01
3.902976512908935547e-01
3.896932601928710938e-01
6.024184226989746094e-01
4.045171737670898438e-01
3.985679149627685547e-01
5.873761177062988281e-01
3.793010711669921875e-01
5.991647243499755859e-01
5.749962329864501953e-01
5.689866542816162109e-01
6.062872409820556641e-01
6.087927818298339844e-01
5.952718257904052734e-01
4.010329246520996094e-01
5.969085693359375000e-01
3.876984119415283203e-01
6.675009727478027344e-01
4.503905773162841797e-01
4.286882877349853516e-01
6.326169967651367188e-01
3.974950313568115234e-01
6.016623973846435547e-01
6.086678504943847656e-01
4.020948410034179688e-01
4.032309055328369141e-01
3.953468799591064453e-01
5.846774578094482422e-01
4.517705440521240234e-01
4.088554382324218750e-01
6.056618690490722656e-01
6.007807254791259766e-01
4.036469459533691406e-01
3.865890502929687500e-01
4.529285430908203125e-01
3.917968273162841797e-01
4.164292812347412109e-01
4.701671600341796875e-01
4.274351596832275391e-01
4.201629161834716797e-01
6.795074939727783203e-01
4.201371669769287109e-01
6.186954975128173828e-01
4.172945022583007812e-01
5.967824459075927734e-01
4.191787242889404297e-01
6.085271835327148438e-01
4.240877628326416016e-01
5.995483398437500000e-01
5.285634994506835938e-01
4.022493362426757812e-01
3.952865600585937500e-01
4.149632453918457031e-01
4.053015708923339844e-01
6.014993190765380859e-01
4.132311344146728516e-01
6.347937583923339844e-01
4.097852706909179688e-01
4.723632335662841797e-01
5.995361804962158203e-01
6.023917198181152344e-01
4.363865852355957031e-01
6.048738956451416016e-01
6.141676902770996094e-01
3.925385475158691406e-01
3.903350830078125000e-01
3.877315521240234375e-01
5.805597305297851562e-01
6.010267734527587891e-01
5.999941825866699219e-01
4.527864456176757812e-01
4.051637649536132812e-01
3.967492580413818359e-01
3.955824375152587891e-01
3.843533992767333984e-01
3.905961513519287109e-01
3.873131275177001953e-01
2.495043277740478516e-01
4.130198955535888672e-01
4.052674770355224609e-01
4.193778038024902344e-01
4.217305183410644531e-01
4.244222640991210938e-01
4.119060039520263672e-01
6.088986396789550781e-01
4.275691509246826172e-01
6.354315280914306641e-01
4.135816097259521484e-01
5.934162139892578125e-01
3.978614807128906250e-01
4.066419601440429688e-01
3.893556594848632812e-01
4.033787250518798828e-01
4.070153236389160156e-01
6.079988479614257812e-01
4.022822380065917969e-01
3.991913795471191406e-01
3.974506855010986328e-01
5.922205448150634766e-01
3.966100215911865234e-01
6.041257381439208984e-01
5.949244499206542969e-01
4.198393821716308594e-01
4.249463081359863281e-01
4.168529510498046875e-01
4.065144062042236328e-01
4.104123115539550781e-01
4.090366363525390625e-01
4.187102317810058594e-01
6.030030250549316406e-01
6.200153827667236328e-01
6.025097370147705078e-01
4.131133556365966797e-01
3.969669342041015625e-01
4.154512882232666016e-01
4.024181365966796875e-01
4.101896286010742188e-01
4.075675010681152344e-01
2.573533058166503906e-01
4.108152389526367188e-01
4.061241149902343750e-01
4.288640022277832031e-01
4.144959449768066406e-01
4.159464836120605469e-01
4.093661308288574219e-01
3.955602645874023438e-01
4.021446704864501953e-01
4.105427265167236328e-01
4.106414318084716797e-01
4.149580001831054688e-01
5.357496738433837891e-01
4.023835659027099609e-01
6.444532871246337891e-01
4.058277606964111328e-01
4.118947982788085938e-01
4.140806198120117188e-01
4.027187824249267578e-01
4.077630043029785156e-01
6.269543170928955078e-01
6.198117733001708984e-01
4.032690525054931641e-01
6.123580932617187500e-01
6.306281089782714844e-01
6.188721656799316406e-01
4.111945629119873047e-01
3.980181217193603516e-01
4.367797374725341797e-01
4.259366989135742188e-01
4.160807132720947266e-01
5.227665901184082031e-01
4.782960414886474609e-01
6.867709159851074219e-01
4.591102600097656250e-01
6.339695453643798828e-01
6.413309574127197266e-01
6.416981220245361328e-01
5.258531570434570312e-01
4.465548992156982422e-01
7.762346267700195312e-01
4.040374755859375000e-01
4.385688304901123047e-01
4.412379264831542969e-01
4.336709976196289062e-01
6.331996917724609375e-01
4.630923271179199219e-01
6.457028388977050781e-01
4.475483894348144531e-01
4.240460395812988281e-01
6.909310817718505859e-01
5.218913555145263672e-01
4.141764640808105469e-01
4.622073173522949219e-01
6.250526905059814453e-01
4.069106578826904297e-01
4.607193470001220703e-01
4.935750961303710938e-01
4.362938404083251953e-01
5.167593955993652344e-01
5.221097469329833984e-01
4.405150413513183594e-01
4.528162479400634766e-01
4.459762573242187500e-01
