5.874617099761962891e-01
5.792040824890136719e-01
5.591027736663818359e-01
5.900478363037109375e-01
5.550181865692138672e-01
5.596358776092529297e-01
6.087331771850585938e-01
3.643183708190917969e-01
3.644037246704101562e-01
6.538140773773193359e-01
5.493600368499755859e-01
5.994141101837158203e-01
3.716561794281005859e-01
3.588917255401611328e-01
6.079781055450439453e-01
3.611056804656982422e-01
3.626315593719482422e-01
3.718798160552978516e-01
3.682470321655273438e-01
3.729007244110107422e-01
5.420491695404052734e-01
6.644186973571777344e-01
6.429433822631835938e-01
6.357717514038085938e-01
5.425286293029785156e-01
6.458685398101806641e-01
3.721644878387451172e-01
5.804917812347412109e-01
3.740160465240478516e-01
3.786113262176513672e-01
3.676679134368896484e-01
3.964331150054931641e-01
3.780457973480224609e-01
3.612973690032958984e-01
6.034591197967529297e-01
3.653006553649902344e-01
3.662104606628417969e-01
3.653860092163085938e-01
3.646843433380126953e-01
3.592815399169921875e-01
2.250244617462158203e-01
4.085502624511718750e-01
4.084696769714355469e-01
6.383967399597167969e-01
6.383330821990966797e-01
3.888919353485107422e-01
5.633277893066406250e-01
3.859753608703613281e-01
3.764076232910156250e-01
3.764257431030273438e-01
5.877456665039062500e-01
4.000368118286132812e-01
4.320087432861328125e-01
6.042761802673339844e-01
3.914732933044433594e-01
6.017580032348632812e-01
3.777890205383300781e-01
5.031046867370605469e-01
3.843696117401123047e-01
6.134016513824462891e-01
3.916089534759521484e-01
4.193320274353027344e-01
4.054763317108154297e-01
4.401671886444091797e-01
4.046890735626220703e-01
6.458952426910400391e-01
3.771481513977050781e-01
3.872625827789306641e-01
5.869054794311523438e-01
6.184327602386474609e-01
4.235427379608154297e-01
4.030690193176269531e-01
5.223014354705810547e-01
4.247837066650390625e-01
4.497721195220947266e-01
4.117307662963867188e-01
6.490230560302734375e-01
6.275336742401123047e-01
7.107868194580078125e-01
4.358885288238525391e-01
6.479525566101074219e-01
2.888197898864746094e-01
6.818683147430419922e-01
5.171904563903808594e-01
4.755508899688720703e-01
6.195507049560546875e-01
4.238910675048828125e-01
4.793159961700439453e-01
4.319434165954589844e-01
4.303221702575683594e-01
4.341156482696533203e-01
5.428698062896728516e-01
6.020095348358154297e-01
4.296224117279052734e-01
6.189243793487548828e-01
4.103314876556396484e-01
4.296472072601318359e-01
4.296286106109619141e-01
4.499893188476562500e-01
4.172861576080322266e-01
5.093600749969482422e-01
6.250946521759033203e-01
6.562495231628417969e-01
4.162495136260986328e-01
4.282913208007812500e-01
5.745890140533447266e-01
3.991072177886962891e-01
3.979611396789550781e-01
5.759115219116210938e-01
6.201665401458740234e-01
3.894460201263427734e-01
3.994643688201904297e-01
6.062297821044921875e-01
5.904779434204101562e-01
3.907411098480224609e-01
3.842778205871582031e-01
5.912833213806152344e-01
3.782055377960205078e-01
3.935725688934326172e-01
3.963696956634521484e-01
5.879297256469726562e-01
6.156666278839111328e-01
2.459340095520019531e-01
6.852059364318847656e-01
4.125959873199462891e-01
6.483900547027587891e-01
4.108073711395263672e-01
4.173970222473144531e-01
4.186162948608398438e-01
4.303853511810302734e-01
4.257829189300537109e-01
4.157190322875976562e-01
6.205925941467285156e-01
4.085609912872314453e-01
6.081154346466064453e-01
4.026186466217041016e-01
3.980281352996826172e-01
4.023163318634033203e-01
4.117629528045654297e-01
4.076163768768310547e-01
4.005913734436035156e-01
6.193296909332275391e-01
5.934698581695556641e-01
6.043765544891357422e-01
6.120641231536865234e-01
4.157521724700927734e-01
5.454676151275634766e-01
4.137196540832519531e-01
4.145321846008300781e-01
4.120509624481201172e-01
4.512283802032470703e-01
4.076583385467529297e-01
5.874834060668945312e-01
4.687342643737792969e-01
4.143776893615722656e-01
5.807309150695800781e-01
5.994310379028320312e-01
5.912072658538818359e-01
5.966179370880126953e-01
5.853464603424072266e-01
5.328614711761474609e-01
4.027411937713623047e-01
4.033339023590087891e-01
2.463285923004150391e-01
4.104382991790771484e-01
4.194915294647216797e-01
4.065265655517578125e-01
4.221174716949462891e-01
4.080889225006103516e-01
4.181435108184814453e-01
4.332842826843261719e-01
4.197452068328857422e-01
3.985362052917480469e-01
4.063026905059814453e-01
4.051823616027832031e-01
3.893828392028808594e-01
3.890011310577392578e-01
5.826778411865234375e-01
3.948132991790771484e-01
3.988769054412841797e-01
6.136999130249023438e-01
4.076166152954101562e-01
5.992417335510253906e-01
3.991436958312988281e-01
6.174085140228271484e-01
6.660625934600830078e-01
5.793454647064208984e-01
6.291084289550781250e-01
6.615941524505615234e-01
3.978188037872314453e-01
4.343616962432861328e-01
6.188232898712158203e-01
6.149289608001708984e-01
4.025654792785644531e-01
6.070594787597656250e-01
4.125030040740966797e-01
6.432611942291259766e-01
4.217844009399414062e-01
5.981342792510986328e-01
4.031777381896972656e-01
5.829818248748779297e-01
5.881893634796142578e-01
5.940973758697509766e-01
6.099822521209716797e-01
4.588596820831298828e-01
5.669276714324951172e-01
4.424235820770263672e-01
6.449277400970458984e-01
6.636116504669189453e-01
6.240453720092773438e-01
6.051363945007324219e-01
6.165463924407958984e-01
5.942273139953613281e-01
4.019012451171875000e-01
3.968133926391601562e-01
4.057831764221191406e-01
3.946607112884521484e-01
4.054231643676757812e-01
3.943614959716796875e-01
4.031159877777099609e-01
3.934552669525146484e-01
3.896148204803466797e-01
4.090607166290283203e-01
5.933191776275634766e-01
6.248810291290283203e-01
3.925447463989257812e-01
6.774682998657226562e-01
4.000337123870849609e-01
3.981950283050537109e-01
4.217257499694824219e-01
3.757836818695068359e-01
3.934371471405029297e-01
5.940737724304199219e-01
3.816390037536621094e-01
3.896329402923583984e-01
3.854455947875976562e-01
3.981976509094238281e-01
3.840484619140625000e-01
3.828663825988769531e-01
3.995447158813476562e-01
5.668244361877441406e-01
5.827441215515136719e-01
3.775599002838134766e-01
5.678513050079345703e-01
6.099009513854980469e-01
3.877875804901123047e-01
4.128513336181640625e-01
3.963217735290527344e-01
6.365308761596679688e-01
6.181390285491943359e-01
6.147263050079345703e-01
4.000217914581298828e-01
3.956003189086914062e-01
3.974914550781250000e-01
4.072008132934570312e-01
5.998935699462890625e-01
3.948228359222412109e-01
5.645842552185058594e-01
4.011962413787841797e-01
4.082057476043701172e-01
3.890397548675537109e-01
3.877422809600830078e-01
4.174249172210693359e-01
3.921921253204345703e-01
3.878846168518066406e-01
3.887774944305419922e-01
3.790152072906494141e-01
5.870151519775390625e-01
3.889505863189697266e-01
5.989098548889160156e-01
6.217782497406005859e-01
6.182281970977783203e-01
3.917279243469238281e-01
5.896110534667968750e-01
3.918819427490234375e-01
5.847377777099609375e-01
6.124932765960693359e-01
6.006107330322265625e-01
4.081263542175292969e-01
3.942556381225585938e-01
3.961179256439208984e-01
3.956882953643798828e-01
3.974499702453613281e-01
3.893561363220214844e-01
6.023476123809814453e-01
5.792682170867919922e-01
2.885191440582275391e-01
6.231379508972167969e-01
6.162695884704589844e-01
4.188525676727294922e-01
4.089641571044921875e-01
7.436408996582031250e-01
6.457481384277343750e-01
6.400279998779296875e-01
6.240408420562744141e-01
6.454873085021972656e-01
4.033522605895996094e-01
4.004657268524169922e-01
4.068229198455810547e-01
4.044039249420166016e-01
4.389824867248535156e-01
4.064891338348388672e-01
6.148369312286376953e-01
4.007439613342285156e-01
4.510540962219238281e-01
4.059135913848876953e-01
4.161822795867919922e-01
6.165862083435058594e-01
3.917217254638671875e-01
3.935229778289794922e-01
4.005088806152343750e-01
4.161171913146972656e-01
4.030072689056396484e-01
6.230258941650390625e-01
4.385170936584472656e-01
6.199479103088378906e-01
5.647253990173339844e-01
5.096371173858642578e-01
4.890689849853515625e-01
6.826159954071044922e-01
6.389565467834472656e-01
6.130764484405517578e-01
4.282243251800537109e-01
6.296222209930419922e-01
6.421427726745605469e-01
5.533058643341064453e-01
6.032309532165527344e-01
3.977634906768798828e-01
4.345262050628662109e-01
4.250440597534179688e-01
4.198169708251953125e-01
4.216239452362060547e-01
4.331259727478027344e-01
4.231753349304199219e-01
6.575088500976562500e-01
4.143028259277343750e-01
4.446697235107421875e-01
4.331207275390625000e-01
4.200906753540039062e-01
4.391133785247802734e-01
4.535353183746337891e-01
3.976039886474609375e-01
4.203908443450927734e-01
5.874717235565185547e-01
6.364963054656982422e-01
5.369668006896972656e-01
6.268014907836914062e-01
4.201207160949707031e-01
6.312117576599121094e-01
4.042990207672119141e-01
