3.595314025878906250e-01
6.888313293457031250e-01
6.058628559112548828e-01
3.550629615783691406e-01
3.530871868133544922e-01
3.623318672180175781e-01
3.752264976501464844e-01
3.640837669372558594e-01
3.689265251159667969e-01
3.674173355102539062e-01
3.572316169738769531e-01
3.534362316131591797e-01
3.691458702087402344e-01
3.490099906921386719e-01
3.451302051544189453e-01
3.415615558624267578e-01
3.478217124938964844e-01
3.602302074432373047e-01
3.580298423767089844e-01
3.579993247985839844e-01
3.610258102416992188e-01
3.583972454071044922e-01
3.581664562225341797e-01
6.456716060638427734e-01
3.550806045532226562e-01
3.776137828826904297e-01
3.668563365936279297e-01
5.775361061096191406e-01
3.712570667266845703e-01
3.643057346343994141e-01
3.592352867126464844e-01
3.756585121154785156e-01
3.769922256469726562e-01
3.838524818420410156e-01
3.666536808013916016e-01
3.598837852478027344e-01
3.719904422760009766e-01
3.715922832489013672e-01
3.691849708557128906e-01
3.684034347534179688e-01
3.710193634033203125e-01
4.224703311920166016e-01
4.008877277374267578e-01
4.058899879455566406e-01
4.899737834930419922e-01
5.983300209045410156e-01
3.728828430175781250e-01
3.789122104644775391e-01
3.740372657775878906e-01
3.779349327087402344e-01
3.855659961700439453e-01
3.908224105834960938e-01
4.157471656799316406e-01
6.081264019012451172e-01
3.940010070800781250e-01
3.856651782989501953e-01
3.731319904327392578e-01
5.471696853637695312e-01
3.869130611419677734e-01
4.318308830261230469e-01
4.019074440002441406e-01
6.091208457946777344e-01
4.134764671325683594e-01
3.989319801330566406e-01
3.958420753479003906e-01
4.440472126007080078e-01
3.904869556427001953e-01
3.793842792510986328e-01
3.886659145355224609e-01
5.686469078063964844e-01
4.140784740447998047e-01
3.941922187805175781e-01
6.181764602661132812e-01
5.871391296386718750e-01
6.436266899108886719e-01
6.224236488342285156e-01
5.846369266510009766e-01
4.172661304473876953e-01
4.319429397583007812e-01
4.825801849365234375e-01
6.322672367095947266e-01
2.619433403015136719e-01
6.776916980743408203e-01
4.564599990844726562e-01
4.265348911285400391e-01
4.668769836425781250e-01
4.097371101379394531e-01
6.249456405639648438e-01
6.184272766113281250e-01
6.223230361938476562e-01
6.798214912414550781e-01
6.631653308868408203e-01
4.458863735198974609e-01
4.157807826995849609e-01
5.896811485290527344e-01
3.977353572845458984e-01
4.163565635681152344e-01
5.894641876220703125e-01
4.370734691619873047e-01
5.963149070739746094e-01
5.909442901611328125e-01
4.758782386779785156e-01
7.271008491516113281e-01
4.093503952026367188e-01
4.210135936737060547e-01
4.151237010955810547e-01
4.085395336151123047e-01
4.013550281524658203e-01
4.540324211120605469e-01
6.111462116241455078e-01
4.073741436004638672e-01
4.154767990112304688e-01
4.115118980407714844e-01
3.957746028900146484e-01
3.923368453979492188e-01
4.151604175567626953e-01
4.146091938018798828e-01
4.037697315216064453e-01
3.999991416931152344e-01
4.003565311431884766e-01
3.994190692901611328e-01
3.949332237243652344e-01
3.802177906036376953e-01
5.348215103149414062e-01
4.274156093597412109e-01
6.341948509216308594e-01
4.050493240356445312e-01
4.103949069976806641e-01
5.235576629638671875e-01
4.323396682739257812e-01
4.239299297332763672e-01
4.228549003601074219e-01
4.234900474548339844e-01
5.182945728302001953e-01
4.309251308441162109e-01
4.359626770019531250e-01
4.402489662170410156e-01
4.230620861053466797e-01
4.185023307800292969e-01
4.161040782928466797e-01
4.015271663665771484e-01
4.408454895019531250e-01
4.057302474975585938e-01
4.005382061004638672e-01
4.048864841461181641e-01
6.142480373382568359e-01
6.326062679290771484e-01
6.084933280944824219e-01
5.946149826049804688e-01
4.098834991455078125e-01
6.164488792419433594e-01
4.130048751831054688e-01
6.255924701690673828e-01
6.532502174377441406e-01
6.328735351562500000e-01
4.694864749908447266e-01
7.130656242370605469e-01
3.943543434143066406e-01
5.818598270416259766e-01
3.938574790954589844e-01
5.172698497772216797e-01
3.797731399536132812e-01
3.791286945343017578e-01
4.371263980865478516e-01
6.311132907867431641e-01
6.453468799591064453e-01
4.474325180053710938e-01
6.107110977172851562e-01
4.033577442169189453e-01
6.206891536712646484e-01
4.119725227355957031e-01
4.043648242950439453e-01
6.022467613220214844e-01
3.939299583435058594e-01
5.903537273406982422e-01
6.115262508392333984e-01
5.894398689270019531e-01
6.045548915863037109e-01
6.042220592498779297e-01
6.218872070312500000e-01
4.079408645629882812e-01
6.107144355773925781e-01
4.194450378417968750e-01
4.096510410308837891e-01
4.463694095611572266e-01
4.744739532470703125e-01
4.166283607482910156e-01
4.181034564971923828e-01
4.142589569091796875e-01
4.002082347869873047e-01
5.967311859130859375e-01
6.151881217956542969e-01
4.091966152191162109e-01
4.001035690307617188e-01
5.840013027191162109e-01
5.856945514678955078e-01
6.336109638214111328e-01
4.053056240081787109e-01
4.081106185913085938e-01
3.912553787231445312e-01
3.939785957336425781e-01
5.891196727752685547e-01
3.762080669403076172e-01
5.794854164123535156e-01
4.210336208343505859e-01
4.298546314239501953e-01
6.585397720336914062e-01
4.338855743408203125e-01
5.765404701232910156e-01
6.314196586608886719e-01
4.204354286193847656e-01
6.250309944152832031e-01
4.278588294982910156e-01
6.448278427124023438e-01
4.406824111938476562e-01
4.268939495086669922e-01
6.073203086853027344e-01
4.118530750274658203e-01
4.199287891387939453e-01
4.087760448455810547e-01
4.081296920776367188e-01
4.033343791961669922e-01
4.420614242553710938e-01
4.087328910827636719e-01
4.728531837463378906e-01
4.988651275634765625e-01
5.372238159179687500e-01
6.156730651855468750e-01
4.055161476135253906e-01
6.079275608062744141e-01
5.757482051849365234e-01
4.223673343658447266e-01
4.199137687683105469e-01
6.260221004486083984e-01
5.936312675476074219e-01
4.086184501647949219e-01
4.149472713470458984e-01
5.938572883605957031e-01
3.947210311889648438e-01
4.188728332519531250e-01
4.094657897949218750e-01
6.119394302368164062e-01
4.050450325012207031e-01
4.069259166717529297e-01
4.032144546508789062e-01
2.550930976867675781e-01
4.100906848907470703e-01
6.103546619415283203e-01
4.194431304931640625e-01
4.177670478820800781e-01
4.186913967132568359e-01
4.087750911712646484e-01
6.118032932281494141e-01
3.919887542724609375e-01
4.268324375152587891e-01
4.132843017578125000e-01
4.066231250762939453e-01
4.015324115753173828e-01
4.026296138763427734e-01
6.020269393920898438e-01
4.016466140747070312e-01
6.333127021789550781e-01
4.051370620727539062e-01
4.002933502197265625e-01
6.177039146423339844e-01
5.918393135070800781e-01
5.874660015106201172e-01
4.269034862518310547e-01
3.979640007019042969e-01
4.102194309234619141e-01
4.193944931030273438e-01
4.082925319671630859e-01
4.076907634735107422e-01
5.934798717498779297e-01
5.953722000122070312e-01
6.031525135040283203e-01
6.338779926300048828e-01
4.018895626068115234e-01
4.342906475067138672e-01
4.061856269836425781e-01
4.087321758270263672e-01
4.245414733886718750e-01
6.370863914489746094e-01
4.799115657806396484e-01
5.406196117401123047e-01
4.058253765106201172e-01
3.944015502929687500e-01
4.190185070037841797e-01
4.164826869964599609e-01
6.382706165313720703e-01
4.118115901947021484e-01
6.325056552886962891e-01
4.192917346954345703e-01
4.147670269012451172e-01
4.209733009338378906e-01
5.556027889251708984e-01
4.003446102142333984e-01
6.224358081817626953e-01
6.134054660797119141e-01
6.052138805389404297e-01
4.244256019592285156e-01
4.108655452728271484e-01
5.929167270660400391e-01
4.111950397491455078e-01
6.323497295379638672e-01
5.911734104156494141e-01
6.254496574401855469e-01
5.919675827026367188e-01
5.035295486450195312e-01
3.946774005889892578e-01
4.081685543060302734e-01
4.180221557617187500e-01
4.569573402404785156e-01
4.048299789428710938e-01
4.339694976806640625e-01
6.255934238433837891e-01
5.952317714691162109e-01
5.498378276824951172e-01
4.248516559600830078e-01
6.780407428741455078e-01
4.119687080383300781e-01
4.033684730529785156e-01
4.327630996704101562e-01
4.307544231414794922e-01
6.730568408966064453e-01
5.669994354248046875e-01
7.365233898162841797e-01
2.706229686737060547e-01
6.484923362731933594e-01
4.357092380523681641e-01
4.404103755950927734e-01
6.661682128906250000e-01
6.444635391235351562e-01
4.336750507354736328e-01
4.309639930725097656e-01
4.291605949401855469e-01
4.316303730010986328e-01
6.378979682922363281e-01
4.109668731689453125e-01
6.389579772949218750e-01
4.441485404968261719e-01
4.077854156494140625e-01
4.949128627777099609e-01
4.887292385101318359e-01
4.131016731262207031e-01
4.670495986938476562e-01
4.500169754028320312e-01
6.095795631408691406e-01
4.386529922485351562e-01
4.229898452758789062e-01
