3.565716743469238281e-01
3.635387420654296875e-01
3.622035980224609375e-01
5.883948802947998047e-01
3.525228500366210938e-01
5.342178344726562500e-01
3.517932891845703125e-01
6.350440979003906250e-01
5.831356048583984375e-01
6.264719963073730469e-01
5.598506927490234375e-01
3.408527374267578125e-01
6.085391044616699219e-01
6.212737560272216797e-01
5.538721084594726562e-01
5.512330532073974609e-01
6.239404678344726562e-01
6.330261230468750000e-01
5.644049644470214844e-01
6.151244640350341797e-01
6.305971145629882812e-01
5.684988498687744141e-01
3.684523105621337891e-01
5.217132568359375000e-01
5.601212978363037109e-01
3.789968490600585938e-01
3.663175106048583984e-01
3.644526004791259766e-01
3.687400817871093750e-01
6.309611797332763672e-01
5.843019485473632812e-01
6.303429603576660156e-01
5.892395973205566406e-01
5.431790351867675781e-01
5.674073696136474609e-01
3.663179874420166016e-01
3.622262477874755859e-01
3.606755733489990234e-01
5.627150535583496094e-01
5.537605285644531250e-01
2.217798233032226562e-01
6.158924102783203125e-01
6.293804645538330078e-01
4.167058467864990234e-01
4.956688880920410156e-01
3.939256668090820312e-01
3.714880943298339844e-01
5.957276821136474609e-01
3.726067543029785156e-01
5.827479362487792969e-01
3.791365623474121094e-01
5.971412658691406250e-01
6.029810905456542969e-01
3.967609405517578125e-01
5.803914070129394531e-01
5.978939533233642578e-01
6.076548099517822266e-01
4.234127998352050781e-01
3.893823623657226562e-01
6.217138767242431641e-01
4.470520019531250000e-01
4.381082057952880859e-01
6.215972900390625000e-01
5.926766395568847656e-01
5.946295261383056641e-01
6.520721912384033203e-01
6.007311344146728516e-01
5.681657791137695312e-01
5.862529277801513672e-01
6.245694160461425781e-01
5.888986587524414062e-01
6.092989444732666016e-01
6.044070720672607422e-01
3.951573371887207031e-01
4.632384777069091797e-01
5.230481624603271484e-01
4.251403808593750000e-01
6.166198253631591797e-01
4.743847846984863281e-01
6.306295394897460938e-01
4.283950328826904297e-01
2.784173488616943359e-01
6.959764957427978516e-01
4.686553478240966797e-01
4.606242179870605469e-01
6.265454292297363281e-01
6.729834079742431641e-01
6.289942264556884766e-01
4.303920269012451172e-01
4.956462383270263672e-01
6.434631347656250000e-01
6.598179340362548828e-01
4.348843097686767578e-01
4.162540435791015625e-01
4.064614772796630859e-01
3.959536552429199219e-01
5.944659709930419922e-01
4.054236412048339844e-01
5.995388031005859375e-01
4.003922939300537109e-01
5.028336048126220703e-01
4.606204032897949219e-01
7.140030860900878906e-01
6.088857650756835938e-01
6.064736843109130859e-01
4.063067436218261719e-01
4.134154319763183594e-01
4.179441928863525391e-01
3.921353816986083984e-01
6.237421035766601562e-01
4.028272628784179688e-01
5.709435939788818359e-01
3.860509395599365234e-01
3.858332633972167969e-01
5.610325336456298828e-01
3.957741260528564453e-01
5.849602222442626953e-01
3.884646892547607422e-01
6.007068157196044922e-01
4.071736335754394531e-01
4.043376445770263672e-01
3.994021415710449219e-01
2.380988597869873047e-01
4.322829246520996094e-01
6.473896503448486328e-01
4.243340492248535156e-01
6.363487243652343750e-01
4.161837100982666016e-01
6.233034133911132812e-01
6.132011413574218750e-01
3.900239467620849609e-01
6.130120754241943359e-01
4.079225063323974609e-01
6.023697853088378906e-01
4.009304046630859375e-01
6.318564414978027344e-01
4.040327072143554688e-01
6.203203201293945312e-01
4.030516147613525391e-01
5.874135494232177734e-01
4.115803241729736328e-01
4.255323410034179688e-01
5.862133502960205078e-01
4.051637649536132812e-01
3.987193107604980469e-01
6.015760898590087891e-01
3.932900428771972656e-01
3.908746242523193359e-01
3.917772769927978516e-01
5.803213119506835938e-01
6.204192638397216797e-01
5.855779647827148438e-01
6.117784976959228516e-01
4.551401138305664062e-01
5.786571502685546875e-01
7.089262008666992188e-01
3.786828517913818359e-01
5.702669620513916016e-01
3.795545101165771484e-01
5.638465881347656250e-01
3.755252361297607422e-01
3.846645355224609375e-01
5.942754745483398438e-01
2.451622486114501953e-01
6.354160308837890625e-01
4.353222846984863281e-01
6.278817653656005859e-01
6.073939800262451172e-01
4.177668094635009766e-01
4.260277748107910156e-01
6.211857795715332031e-01
4.097666740417480469e-01
6.082637310028076172e-01
3.954086303710937500e-01
5.904905796051025391e-01
3.778762817382812500e-01
5.695271492004394531e-01
3.772308826446533203e-01
3.900470733642578125e-01
5.955343246459960938e-01
3.990199565887451172e-01
5.810651779174804688e-01
5.907640457153320312e-01
4.010922908782958984e-01
6.235198974609375000e-01
4.852979183197021484e-01
6.299009323120117188e-01
5.907967090606689453e-01
4.258315563201904297e-01
6.429777145385742188e-01
4.145750999450683594e-01
4.259636402130126953e-01
4.042932987213134766e-01
4.096345901489257812e-01
3.994545936584472656e-01
4.026942253112792969e-01
4.802322387695312500e-01
4.079456329345703125e-01
5.957775115966796875e-01
3.956811428070068359e-01
3.980667591094970703e-01
3.877983093261718750e-01
3.850307464599609375e-01
5.958628654479980469e-01
2.464501857757568359e-01
5.590584278106689453e-01
4.396739006042480469e-01
4.255259037017822266e-01
4.653789997100830078e-01
4.189560413360595703e-01
6.075506210327148438e-01
4.017944335937500000e-01
4.006597995758056641e-01
5.999512672424316406e-01
4.003384113311767578e-01
3.944346904754638672e-01
4.255869388580322266e-01
5.327553749084472656e-01
3.974473476409912109e-01
5.809986591339111328e-01
6.051666736602783203e-01
6.191618442535400391e-01
4.006359577178955078e-01
4.204175472259521484e-01
4.249370098114013672e-01
4.423530101776123047e-01
6.693603992462158203e-01
4.057307243347167969e-01
4.044308662414550781e-01
5.890557765960693359e-01
3.857076168060302734e-01
6.246924400329589844e-01
6.311745643615722656e-01
6.031012535095214844e-01
3.960671424865722656e-01
5.852763652801513672e-01
3.908507823944091797e-01
5.864543914794921875e-01
5.823333263397216797e-01
4.268143177032470703e-01
3.865168094635009766e-01
3.692297935485839844e-01
5.792760848999023438e-01
3.755626678466796875e-01
5.891501903533935547e-01
2.710783481597900391e-01
4.337379932403564453e-01
4.136328697204589844e-01
6.203410625457763672e-01
6.140530109405517578e-01
6.138312816619873047e-01
5.979900360107421875e-01
3.909053802490234375e-01
3.972604274749755859e-01
5.984845161437988281e-01
3.954262733459472656e-01
3.703882694244384766e-01
5.587725639343261719e-01
5.739703178405761719e-01
5.490956306457519531e-01
5.833282470703125000e-01
3.657648563385009766e-01
3.794836997985839844e-01
5.857858657836914062e-01
5.930614471435546875e-01
3.637285232543945312e-01
5.570306777954101562e-01
3.801534175872802734e-01
5.707881450653076172e-01
3.904662132263183594e-01
3.807370662689208984e-01
3.824372291564941406e-01
3.819174766540527344e-01
3.885507583618164062e-01
3.975787162780761719e-01
4.347226619720458984e-01
3.939607143402099609e-01
5.647473335266113281e-01
5.810368061065673828e-01
5.779137611389160156e-01
5.863444805145263672e-01
5.625319480895996094e-01
3.873696327209472656e-01
3.885688781738281250e-01
5.990450382232666016e-01
3.775389194488525391e-01
2.444806098937988281e-01
4.137110710144042969e-01
3.985173702239990234e-01
4.134149551391601562e-01
4.024314880371093750e-01
4.300947189331054688e-01
3.990073204040527344e-01
4.026410579681396484e-01
6.241586208343505859e-01
6.725399494171142578e-01
6.172726154327392578e-01
6.058895587921142578e-01
7.218587398529052734e-01
5.948224067687988281e-01
5.966994762420654297e-01
6.285471916198730469e-01
5.911397933959960938e-01
6.017491817474365234e-01
4.587850570678710938e-01
3.973829746246337891e-01
4.059333801269531250e-01
4.085192680358886719e-01
5.919916629791259766e-01
3.974568843841552734e-01
3.971872329711914062e-01
6.246511936187744141e-01
4.484529495239257812e-01
5.945291519165039062e-01
6.226046085357666016e-01
4.487359523773193359e-01
5.615870952606201172e-01
6.147699356079101562e-01
6.237690448760986328e-01
6.754376888275146484e-01
6.113142967224121094e-01
6.026129722595214844e-01
6.130578517913818359e-01
6.262218952178955078e-01
4.727275371551513672e-01
6.915612220764160156e-01
7.552254199981689453e-01
4.083693027496337891e-01
4.637579917907714844e-01
6.270940303802490234e-01
4.369814395904541016e-01
4.284689426422119141e-01
4.561131000518798828e-01
5.777924060821533203e-01
4.351956844329833984e-01
5.980889797210693359e-01
5.313470363616943359e-01
5.104999542236328125e-01
4.000625610351562500e-01
4.385514259338378906e-01
6.395196914672851562e-01
5.848555564880371094e-01
6.256847381591796875e-01
6.656107902526855469e-01
4.378604888916015625e-01
6.443605422973632812e-01
6.148128509521484375e-01
4.071929454803466797e-01
6.102027893066406250e-01
6.011741161346435547e-01
