3.566491603851318359e-01
6.870274543762207031e-01
3.495352268218994141e-01
3.340570926666259766e-01
3.445427417755126953e-01
3.362226486206054688e-01
3.429713249206542969e-01
3.488819599151611328e-01
3.649682998657226562e-01
3.599410057067871094e-01
3.451440334320068359e-01
5.857520103454589844e-01
3.619556427001953125e-01
3.516170978546142578e-01
3.560626506805419922e-01
3.544311523437500000e-01
3.461992740631103516e-01
3.566830158233642578e-01
3.618223667144775391e-01
3.637580871582031250e-01
3.637511730194091797e-01
6.682662963867187500e-01
3.618733882904052734e-01
7.443313598632812500e-01
3.567240238189697266e-01
6.387760639190673828e-01
3.778007030487060547e-01
3.724400997161865234e-01
6.281554698944091797e-01
3.645076751708984375e-01
3.736226558685302734e-01
3.754994869232177734e-01
3.824608325958251953e-01
3.672015666961669922e-01
3.616366386413574219e-01
6.769089698791503906e-01
5.756561756134033203e-01
5.815277099609375000e-01
3.771109580993652344e-01
3.724050521850585938e-01
2.254652976989746094e-01
6.090960502624511719e-01
4.101731777191162109e-01
4.255316257476806641e-01
6.632330417633056641e-01
3.992731571197509766e-01
3.933150768280029297e-01
3.975546360015869141e-01
3.863720893859863281e-01
3.972907066345214844e-01
3.960955142974853516e-01
4.167430400848388672e-01
6.139719486236572266e-01
4.031548500061035156e-01
4.019238948822021484e-01
6.201765537261962891e-01
3.744809627532958984e-01
6.503748893737792969e-01
3.922808170318603516e-01
4.197759628295898438e-01
4.272725582122802734e-01
4.173274040222167969e-01
6.088981628417968750e-01
4.009494781494140625e-01
6.054484844207763672e-01
5.436775684356689453e-01
4.292848110198974609e-01
3.896183967590332031e-01
3.904144763946533203e-01
4.557440280914306641e-01
4.580600261688232422e-01
4.040164947509765625e-01
4.127516746520996094e-01
3.958528041839599609e-01
6.454296112060546875e-01
4.165105819702148438e-01
6.277534961700439453e-01
4.101524353027343750e-01
4.192986488342285156e-01
4.698424339294433594e-01
4.147510528564453125e-01
3.888680934906005859e-01
6.847870349884033203e-01
6.356203556060791016e-01
4.338428974151611328e-01
4.347443580627441406e-01
4.141576290130615234e-01
4.372961521148681641e-01
4.182069301605224609e-01
6.154508590698242188e-01
4.121184349060058594e-01
6.482486724853515625e-01
4.112222194671630859e-01
5.839278697967529297e-01
4.019532203674316406e-01
5.889422893524169922e-01
5.979621410369873047e-01
4.567797183990478516e-01
6.074700355529785156e-01
3.964216709136962891e-01
6.588256359100341797e-01
4.171645641326904297e-01
7.198712825775146484e-01
4.013941287994384766e-01
4.244480133056640625e-01
4.209342002868652344e-01
4.199881553649902344e-01
6.041686534881591797e-01
4.638652801513671875e-01
4.316148757934570312e-01
4.038488864898681641e-01
6.231212615966796875e-01
4.123191833496093750e-01
4.107162952423095703e-01
5.861332416534423828e-01
6.118574142456054688e-01
4.480683803558349609e-01
5.974855422973632812e-01
4.184172153472900391e-01
6.341507434844970703e-01
6.297769546508789062e-01
4.118902683258056641e-01
3.935561180114746094e-01
6.555609703063964844e-01
4.257242679595947266e-01
4.294505119323730469e-01
4.149208068847656250e-01
4.203612804412841797e-01
4.300262928009033203e-01
4.245181083679199219e-01
4.193370342254638672e-01
4.148323535919189453e-01
4.055759906768798828e-01
4.037621021270751953e-01
6.112277507781982422e-01
6.415982246398925781e-01
4.031622409820556641e-01
4.024441242218017578e-01
3.925342559814453125e-01
3.892436027526855469e-01
5.784704685211181641e-01
3.952450752258300781e-01
5.774664878845214844e-01
5.981540679931640625e-01
6.363973617553710938e-01
4.003739356994628906e-01
4.108107089996337891e-01
4.025428295135498047e-01
5.940775871276855469e-01
5.854482650756835938e-01
6.017107963562011719e-01
4.750020503997802734e-01
6.100523471832275391e-01
5.772063732147216797e-01
4.091582298278808594e-01
8.064391613006591797e-01
4.058265686035156250e-01
3.801634311676025391e-01
3.740878105163574219e-01
3.799774646759033203e-01
3.728344440460205078e-01
5.878038406372070312e-01
4.004065990447998047e-01
3.894932270050048828e-01
4.252846240997314453e-01
4.176428318023681641e-01
4.160866737365722656e-01
4.109575748443603516e-01
4.097549915313720703e-01
4.055149555206298828e-01
4.146833419799804688e-01
6.376726627349853516e-01
4.073297977447509766e-01
6.176836490631103516e-01
3.963720798492431641e-01
4.066703319549560547e-01
4.060015678405761719e-01
4.083452224731445312e-01
4.145910739898681641e-01
4.456925392150878906e-01
6.366684436798095703e-01
4.035966396331787109e-01
4.012737274169921875e-01
4.039282798767089844e-01
4.155988693237304688e-01
6.211156845092773438e-01
4.048550128936767578e-01
6.371927261352539062e-01
6.492955684661865234e-01
4.094450473785400391e-01
4.434208869934082031e-01
4.182937145233154297e-01
4.166014194488525391e-01
4.081914424896240234e-01
5.916178226470947266e-01
4.049825668334960938e-01
6.383433341979980469e-01
5.981721878051757812e-01
4.263613224029541016e-01
4.544317722320556641e-01
3.977489471435546875e-01
4.005949497222900391e-01
3.995192050933837891e-01
3.969421386718750000e-01
3.908388614654541016e-01
6.920685768127441406e-01
4.368777275085449219e-01
4.218900203704833984e-01
4.244120121002197266e-01
4.163610935211181641e-01
4.319868087768554688e-01
4.147477149963378906e-01
4.113152027130126953e-01
4.033410549163818359e-01
6.049609184265136719e-01
4.081196784973144531e-01
3.868496417999267578e-01
6.332576274871826172e-01
6.038329601287841797e-01
3.987402915954589844e-01
3.940763473510742188e-01
3.912682533264160156e-01
4.124917984008789062e-01
5.873451232910156250e-01
6.563267707824707031e-01
6.173546314239501953e-01
4.203090667724609375e-01
3.928463459014892578e-01
3.739466667175292969e-01
3.581705093383789062e-01
3.642396926879882812e-01
3.803496360778808594e-01
3.815162181854248047e-01
5.976710319519042969e-01
5.664668083190917969e-01
3.755524158477783203e-01
5.803968906402587891e-01
3.837301731109619141e-01
3.881547451019287109e-01
4.359438419342041016e-01
3.787128925323486328e-01
3.900983333587646484e-01
3.896870613098144531e-01
3.825955390930175781e-01
3.889877796173095703e-01
2.807302474975585938e-01
4.494135379791259766e-01
4.281425476074218750e-01
4.197330474853515625e-01
3.928434848785400391e-01
4.172351360321044922e-01
4.065525531768798828e-01
4.373703002929687500e-01
5.959408283233642578e-01
6.116046905517578125e-01
6.040220260620117188e-01
3.691818714141845703e-01
3.730139732360839844e-01
3.817517757415771484e-01
3.751149177551269531e-01
3.797297477722167969e-01
3.761589527130126953e-01
3.797457218170166016e-01
3.770325183868408203e-01
3.831257820129394531e-01
3.660383224487304688e-01
3.585712909698486328e-01
5.858521461486816406e-01
5.704259872436523438e-01
3.893325328826904297e-01
3.934376239776611328e-01
5.763566493988037109e-01
6.332671642303466797e-01
3.852932453155517578e-01
5.764143466949462891e-01
5.734062194824218750e-01
6.226706504821777344e-01
3.861191272735595703e-01
6.022794246673583984e-01
3.954916000366210938e-01
5.960674285888671875e-01
3.889954090118408203e-01
5.987770557403564453e-01
5.974855422973632812e-01
6.148796081542968750e-01
5.987060070037841797e-01
2.380146980285644531e-01
4.185562133789062500e-01
4.134528636932373047e-01
4.130752086639404297e-01
6.080212593078613281e-01
6.399586200714111328e-01
6.201434135437011719e-01
6.554591655731201172e-01
4.184610843658447266e-01
4.255173206329345703e-01
6.436398029327392578e-01
4.202525615692138672e-01
4.121177196502685547e-01
3.989708423614501953e-01
4.062292575836181641e-01
5.339801311492919922e-01
3.954939842224121094e-01
6.126711368560791016e-01
6.286542415618896484e-01
3.995194435119628906e-01
6.132676601409912109e-01
3.954839706420898438e-01
4.108426570892333984e-01
4.135432243347167969e-01
4.171092510223388672e-01
4.260933399200439453e-01
4.376766681671142578e-01
4.128284454345703125e-01
4.906985759735107422e-01
4.322524070739746094e-01
4.093589782714843750e-01
6.733367443084716797e-01
7.592239379882812500e-01
7.386779785156250000e-01
6.397681236267089844e-01
4.209027290344238281e-01
4.458801746368408203e-01
4.319005012512207031e-01
5.629580020904541016e-01
7.230613231658935547e-01
7.831737995147705078e-01
3.996021747589111328e-01
4.290680885314941406e-01
6.402611732482910156e-01
4.339811801910400391e-01
4.329369068145751953e-01
4.344637393951416016e-01
4.188203811645507812e-01
4.236516952514648438e-01
6.130723953247070312e-01
6.549644470214843750e-01
4.172141551971435547e-01
6.037156581878662109e-01
4.283814430236816406e-01
4.263916015625000000e-01
5.951683521270751953e-01
4.037396907806396484e-01
4.866158962249755859e-01
4.393346309661865234e-01
4.968943595886230469e-01
4.267513751983642578e-01
5.838425159454345703e-01
4.077966213226318359e-01
6.136965751647949219e-01
