3.634891510009765625e-01
3.581767082214355469e-01
3.566799163818359375e-01
3.449811935424804688e-01
3.499858379364013672e-01
3.472740650177001953e-01
3.563311100006103516e-01
3.589758872985839844e-01
3.679113388061523438e-01
3.505921363830566406e-01
3.491609096527099609e-01
3.767564296722412109e-01
6.452958583831787109e-01
6.414368152618408203e-01
3.625051975250244141e-01
3.571276664733886719e-01
3.660957813262939453e-01
3.566000461578369141e-01
3.674993515014648438e-01
3.667402267456054688e-01
3.594818115234375000e-01
3.687477111816406250e-01
5.734310150146484375e-01
6.690695285797119141e-01
3.681478500366210938e-01
3.778815269470214844e-01
3.710584640502929688e-01
3.807318210601806641e-01
3.729007244110107422e-01
3.772485256195068359e-01
3.757228851318359375e-01
5.941517353057861328e-01
3.722383975982666016e-01
5.664408206939697266e-01
3.706068992614746094e-01
6.637017726898193359e-01
3.538057804107666016e-01
5.686070919036865234e-01
5.677039623260498047e-01
3.657541275024414062e-01
2.251255512237548828e-01
4.117920398712158203e-01
3.989238739013671875e-01
3.945133686065673828e-01
4.317572116851806641e-01
4.008767604827880859e-01
5.843060016632080078e-01
5.749237537384033203e-01
5.957732200622558594e-01
5.912199020385742188e-01
5.921759605407714844e-01
3.993809223175048828e-01
4.858276844024658203e-01
4.173452854156494141e-01
5.874185562133789062e-01
3.948266506195068359e-01
3.848147392272949219e-01
6.127443313598632812e-01
6.075744628906250000e-01
4.141552448272705078e-01
5.772113800048828125e-01
6.054415702819824219e-01
6.349694728851318359e-01
4.157757759094238281e-01
4.173634052276611328e-01
6.655225753784179688e-01
3.892672061920166016e-01
5.776667594909667969e-01
3.960711956024169922e-01
4.763660430908203125e-01
6.221764087677001953e-01
4.230382442474365234e-01
4.175529479980468750e-01
4.254319667816162109e-01
4.769973754882812500e-01
5.477969646453857422e-01
6.755340099334716797e-01
4.148900508880615234e-01
5.707168579101562500e-01
4.463074207305908203e-01
6.468687057495117188e-01
2.663879394531250000e-01
4.407546520233154297e-01
6.564660072326660156e-01
4.214587211608886719e-01
4.199655055999755859e-01
6.731417179107666016e-01
4.192621707916259766e-01
4.203269481658935547e-01
4.175174236297607422e-01
4.160995483398437500e-01
4.161851406097412109e-01
4.100775718688964844e-01
5.879769325256347656e-01
3.894243240356445312e-01
3.885550498962402344e-01
4.115760326385498047e-01
4.108994007110595703e-01
4.416131973266601562e-01
3.972263336181640625e-01
4.947426319122314453e-01
4.557967185974121094e-01
4.394037723541259766e-01
4.050645828247070312e-01
4.098203182220458984e-01
3.971595764160156250e-01
3.816320896148681641e-01
5.898876190185546875e-01
5.759456157684326172e-01
6.110715866088867188e-01
4.001600742340087891e-01
3.876464366912841797e-01
6.004395484924316406e-01
3.872549533843994141e-01
5.607163906097412109e-01
3.816568851470947266e-01
3.968734741210937500e-01
5.794370174407958984e-01
3.772938251495361328e-01
3.912241458892822266e-01
3.921179771423339844e-01
5.921423435211181641e-01
2.398226261138916016e-01
4.346559047698974609e-01
4.299726486206054688e-01
6.259424686431884766e-01
6.374557018280029297e-01
6.466116905212402344e-01
4.056391716003417969e-01
4.073476791381835938e-01
4.162206649780273438e-01
4.115371704101562500e-01
6.173589229583740234e-01
6.149322986602783203e-01
5.874598026275634766e-01
4.121804237365722656e-01
6.456737518310546875e-01
4.047348499298095703e-01
6.104185581207275391e-01
4.082739353179931641e-01
4.219839572906494141e-01
4.142267704010009766e-01
4.043967723846435547e-01
6.180708408355712891e-01
6.519443988800048828e-01
6.115233898162841797e-01
4.170753955841064453e-01
6.139800548553466797e-01
4.244148731231689453e-01
5.452146530151367188e-01
4.777553081512451172e-01
6.058354377746582031e-01
4.228997230529785156e-01
5.407612323760986328e-01
6.572213172912597656e-01
6.835649013519287109e-01
4.202499389648437500e-01
3.843438625335693359e-01
4.495909214019775391e-01
3.888537883758544922e-01
3.925521373748779297e-01
5.844235420227050781e-01
3.887946605682373047e-01
2.428667545318603516e-01
4.238429069519042969e-01
6.323449611663818359e-01
4.461345672607421875e-01
5.981712341308593750e-01
5.982763767242431641e-01
6.099159717559814453e-01
6.165542602539062500e-01
6.269910335540771484e-01
6.215527057647705078e-01
6.235158443450927734e-01
6.224701404571533203e-01
6.178205013275146484e-01
4.479632377624511719e-01
4.038939476013183594e-01
4.159774780273437500e-01
6.366269588470458984e-01
6.459107398986816406e-01
4.349510669708251953e-01
4.276087284088134766e-01
4.166367053985595703e-01
4.137887954711914062e-01
4.691109657287597656e-01
4.907193183898925781e-01
4.362425804138183594e-01
6.501469612121582031e-01
6.582393646240234375e-01
6.139316558837890625e-01
4.356076717376708984e-01
6.135835647583007812e-01
4.178125858306884766e-01
4.303181171417236328e-01
4.287502765655517578e-01
5.098011493682861328e-01
4.290046691894531250e-01
4.212303161621093750e-01
5.982999801635742188e-01
5.939915180206298828e-01
5.874564647674560547e-01
4.577202796936035156e-01
4.023542404174804688e-01
4.112110137939453125e-01
7.240009307861328125e-01
4.370465278625488281e-01
4.306533336639404297e-01
4.582123756408691406e-01
4.144146442413330078e-01
4.271721839904785156e-01
6.117703914642333984e-01
4.194874763488769531e-01
4.162285327911376953e-01
6.115400791168212891e-01
6.041839122772216797e-01
3.975548744201660156e-01
4.058892726898193359e-01
4.126191139221191406e-01
3.975808620452880859e-01
3.969795703887939453e-01
3.946499824523925781e-01
4.034073352813720703e-01
5.938403606414794922e-01
7.078101634979248047e-01
6.366827487945556641e-01
6.363422870635986328e-01
4.125678539276123047e-01
5.860047340393066406e-01
3.884787559509277344e-01
5.500428676605224609e-01
3.810691833496093750e-01
3.927254676818847656e-01
3.932783603668212891e-01
3.836507797241210938e-01
3.823051452636718750e-01
5.861022472381591797e-01
5.707201957702636719e-01
5.745058059692382812e-01
6.020801067352294922e-01
5.741987228393554688e-01
3.849134445190429688e-01
5.820946693420410156e-01
3.788640499114990234e-01
3.845467567443847656e-01
2.343964576721191406e-01
6.179442405700683594e-01
3.991932868957519531e-01
4.034442901611328125e-01
6.152601242065429688e-01
4.115216732025146484e-01
6.334068775177001953e-01
3.872871398925781250e-01
3.897356986999511719e-01
4.043307304382324219e-01
3.878614902496337891e-01
5.666377544403076172e-01
5.585443973541259766e-01
5.875968933105468750e-01
4.029490947723388672e-01
3.775722980499267578e-01
3.763256072998046875e-01
3.836016654968261719e-01
3.762104511260986328e-01
5.909745693206787109e-01
5.740160942077636719e-01
3.669474124908447266e-01
4.022831916809082031e-01
5.776088237762451172e-01
5.914826393127441406e-01
5.848131179809570312e-01
3.792817592620849609e-01
6.240656375885009766e-01
3.673179149627685547e-01
5.718882083892822266e-01
3.738806247711181641e-01
5.993137359619140625e-01
3.998544216156005859e-01
6.179404258728027344e-01
4.127016067504882812e-01
4.204945564270019531e-01
6.229515075683593750e-01
4.193801879882812500e-01
4.023241996765136719e-01
4.102020263671875000e-01
3.973224163055419922e-01
2.990164756774902344e-01
6.390938758850097656e-01
4.120984077453613281e-01
6.378951072692871094e-01
6.015343666076660156e-01
4.188444614410400391e-01
7.162811756134033203e-01
6.217961311340332031e-01
6.208295822143554688e-01
3.951075077056884766e-01
3.990554809570312500e-01
3.980236053466796875e-01
5.936095714569091797e-01
4.002423286437988281e-01
5.981924533843994141e-01
3.782894611358642578e-01
3.924186229705810547e-01
5.935499668121337891e-01
3.918426036834716797e-01
4.026000499725341797e-01
3.978197574615478516e-01
5.868477821350097656e-01
6.157839298248291016e-01
6.116616725921630859e-01
5.907161235809326172e-01
4.450836181640625000e-01
6.199824810028076172e-01
3.930120468139648438e-01
6.178598403930664062e-01
4.174845218658447266e-01
3.938288688659667969e-01
4.859879016876220703e-01
5.187165737152099609e-01
6.173954010009765625e-01
4.446375370025634766e-01
3.954253196716308594e-01
4.689800739288330078e-01
4.200930595397949219e-01
5.557930469512939453e-01
4.749999046325683594e-01
7.528173923492431641e-01
4.156451225280761719e-01
5.585277080535888672e-01
4.356136322021484375e-01
4.326977729797363281e-01
4.390351772308349609e-01
6.755244731903076172e-01
5.870792865753173828e-01
6.317954063415527344e-01
4.474229812622070312e-01
4.578654766082763672e-01
6.255767345428466797e-01
4.156634807586669922e-01
6.802437305450439453e-01
4.622659683227539062e-01
4.114499092102050781e-01
6.521286964416503906e-01
6.132509708404541016e-01
4.916968345642089844e-01
4.496603012084960938e-01
6.633813381195068359e-01
6.176710128784179688e-01
4.452452659606933594e-01
4.377343654632568359e-01
