3.517944812774658203e-01
3.540718555450439453e-01
3.663144111633300781e-01
3.515796661376953125e-01
5.536220073699951172e-01
3.598740100860595703e-01
3.623642921447753906e-01
5.784716606140136719e-01
3.630006313323974609e-01
3.659927845001220703e-01
3.584740161895751953e-01
5.995893478393554688e-01
6.311810016632080078e-01
6.351487636566162109e-01
5.689043998718261719e-01
5.497977733612060547e-01
6.390554904937744141e-01
6.224911212921142578e-01
5.586199760437011719e-01
5.479755401611328125e-01
3.686528205871582031e-01
3.747060298919677734e-01
5.711510181427001953e-01
5.340812206268310547e-01
3.695697784423828125e-01
3.912203311920166016e-01
5.969324111938476562e-01
3.687398433685302734e-01
5.860960483551025391e-01
5.981359481811523438e-01
5.764722824096679688e-01
5.941407680511474609e-01
5.825004577636718750e-01
5.697646141052246094e-01
3.754448890686035156e-01
4.082851409912109375e-01
3.756830692291259766e-01
3.545746803283691406e-01
5.548541545867919922e-01
5.887475013732910156e-01
3.707501888275146484e-01
5.978388786315917969e-01
5.932433605194091797e-01
3.867945671081542969e-01
4.055607318878173828e-01
3.946397304534912109e-01
3.656735420227050781e-01
3.823761940002441406e-01
3.676404953002929688e-01
3.664968013763427734e-01
5.731437206268310547e-01
5.853540897369384766e-01
4.105067253112792969e-01
3.910770416259765625e-01
3.924350738525390625e-01
3.719997406005859375e-01
5.999965667724609375e-01
6.303386688232421875e-01
5.665192604064941406e-01
4.066028594970703125e-01
3.814268112182617188e-01
5.843658447265625000e-01
3.994216918945312500e-01
3.847520351409912109e-01
3.806428909301757812e-01
5.256121158599853516e-01
5.546202659606933594e-01
5.648682117462158203e-01
5.900163650512695312e-01
5.991859436035156250e-01
4.192123413085937500e-01
5.731852054595947266e-01
3.917863368988037109e-01
5.730457305908203125e-01
4.202754497528076172e-01
6.124141216278076172e-01
4.499599933624267578e-01
6.327955722808837891e-01
5.023772716522216797e-01
4.345445632934570312e-01
6.683962345123291016e-01
3.177065849304199219e-01
6.871275901794433594e-01
4.276683330535888672e-01
4.415612220764160156e-01
4.219303131103515625e-01
4.210884571075439453e-01
4.604115486145019531e-01
4.255607128143310547e-01
6.082429885864257812e-01
4.862108230590820312e-01
6.970729827880859375e-01
4.148459434509277344e-01
3.989095687866210938e-01
5.841314792633056641e-01
4.042344093322753906e-01
4.252650737762451172e-01
4.534742832183837891e-01
4.263515472412109375e-01
4.114394187927246094e-01
4.990513324737548828e-01
6.107962131500244141e-01
5.111906528472900391e-01
6.010534763336181641e-01
6.036527156829833984e-01
5.741577148437500000e-01
6.064188480377197266e-01
5.847387313842773438e-01
3.921787738800048828e-01
4.021975994110107422e-01
5.988197326660156250e-01
3.973159790039062500e-01
3.964319229125976562e-01
5.991821289062500000e-01
5.649969577789306641e-01
5.970604419708251953e-01
4.392957687377929688e-01
3.826379776000976562e-01
3.949863910675048828e-01
3.971838951110839844e-01
4.103989601135253906e-01
4.018433094024658203e-01
2.426693439483642578e-01
4.325110912322998047e-01
6.562201976776123047e-01
4.328658580780029297e-01
6.089925765991210938e-01
6.021018028259277344e-01
4.128954410552978516e-01
4.056437015533447266e-01
5.986704826354980469e-01
5.464344024658203125e-01
5.182862281799316406e-01
6.106162071228027344e-01
6.295173168182373047e-01
6.149985790252685547e-01
6.194560527801513672e-01
6.277077198028564453e-01
6.062493324279785156e-01
6.028861999511718750e-01
6.016883850097656250e-01
6.022229194641113281e-01
5.978419780731201172e-01
4.046354293823242188e-01
4.189352989196777344e-01
6.047921180725097656e-01
6.217269897460937500e-01
6.036288738250732422e-01
6.170022487640380859e-01
4.020073413848876953e-01
6.247053146362304688e-01
3.842194080352783203e-01
3.966429233551025391e-01
6.888537406921386719e-01
4.960830211639404297e-01
6.627407073974609375e-01
6.969599723815917969e-01
3.768010139465332031e-01
5.660517215728759766e-01
3.856902122497558594e-01
5.688178539276123047e-01
3.792626857757568359e-01
3.736050128936767578e-01
2.321598529815673828e-01
4.220633506774902344e-01
4.091877937316894531e-01
6.375050544738769531e-01
3.952744007110595703e-01
5.919539928436279297e-01
3.961105346679687500e-01
4.000425338745117188e-01
3.891315460205078125e-01
3.876118659973144531e-01
3.969905376434326172e-01
3.905375003814697266e-01
3.801190853118896484e-01
4.016158580780029297e-01
3.799004554748535156e-01
3.923833370208740234e-01
6.005434989929199219e-01
3.887186050415039062e-01
4.119713306427001953e-01
5.968174934387207031e-01
5.822284221649169922e-01
5.796096324920654297e-01
6.552889347076416016e-01
7.045552730560302734e-01
6.066758632659912109e-01
6.278669834136962891e-01
5.095276832580566406e-01
4.015271663665771484e-01
4.009115695953369141e-01
5.934445858001708984e-01
6.105287075042724609e-01
6.053876876831054688e-01
6.035165786743164062e-01
4.555668830871582031e-01
6.027641296386718750e-01
5.991349220275878906e-01
4.295685291290283203e-01
5.762548446655273438e-01
5.947844982147216797e-01
5.866885185241699219e-01
5.802848339080810547e-01
2.556254863739013672e-01
6.811833381652832031e-01
4.325191974639892578e-01
6.115674972534179688e-01
4.361987113952636719e-01
6.107556819915771484e-01
4.142248630523681641e-01
4.123942852020263672e-01
6.128237247467041016e-01
4.123706817626953125e-01
4.125845432281494141e-01
4.092907905578613281e-01
6.081357002258300781e-01
4.157290458679199219e-01
6.176211833953857422e-01
6.000804901123046875e-01
6.006739139556884766e-01
6.229307651519775391e-01
6.141247749328613281e-01
4.412605762481689453e-01
6.504328250885009766e-01
4.309968948364257812e-01
6.453626155853271484e-01
4.165871143341064453e-01
3.901958465576171875e-01
3.770627975463867188e-01
3.752977848052978516e-01
3.914179801940917969e-01
3.898942470550537109e-01
3.902199268341064453e-01
3.929166793823242188e-01
5.699110031127929688e-01
3.953480720520019531e-01
3.941285610198974609e-01
4.457376003265380859e-01
5.862011909484863281e-01
3.768019676208496094e-01
3.862574100494384766e-01
3.843114376068115234e-01
5.809094905853271484e-01
3.838899135589599609e-01
2.489438056945800781e-01
6.374878883361816406e-01
4.364321231842041016e-01
6.252977848052978516e-01
4.141857624053955078e-01
4.018909931182861328e-01
6.001904010772705078e-01
6.016087532043457031e-01
6.038897037506103516e-01
5.959939956665039062e-01
5.499958992004394531e-01
3.617913722991943359e-01
3.591930866241455078e-01
3.735973834991455078e-01
5.545563697814941406e-01
5.885806083679199219e-01
5.798733234405517578e-01
5.703194141387939453e-01
3.829863071441650391e-01
4.319107532501220703e-01
5.646188259124755859e-01
3.750495910644531250e-01
5.680174827575683594e-01
3.632590770721435547e-01
3.808028697967529297e-01
5.999453067779541016e-01
5.975494384765625000e-01
5.995953083038330078e-01
5.678942203521728516e-01
3.660769462585449219e-01
5.810310840606689453e-01
3.774974346160888672e-01
5.725700855255126953e-01
3.751242160797119141e-01
5.625612735748291016e-01
5.723035335540771484e-01
3.627297878265380859e-01
6.065707206726074219e-01
5.647425651550292969e-01
3.883891105651855469e-01
5.723235607147216797e-01
2.324717044830322266e-01
6.243388652801513672e-01
6.155183315277099609e-01
6.203255653381347656e-01
3.981885910034179688e-01
4.487681388854980469e-01
4.060881137847900391e-01
6.493902206420898438e-01
3.997740745544433594e-01
6.832289695739746094e-01
6.320865154266357422e-01
6.095724105834960938e-01
3.947939872741699219e-01
6.049153804779052734e-01
4.343686103820800781e-01
6.816251277923583984e-01
4.111866950988769531e-01
4.190580844879150391e-01
4.115884304046630859e-01
5.987708568572998047e-01
5.505366325378417969e-01
4.129297733306884766e-01
6.196510791778564453e-01
4.114797115325927734e-01
4.043157100677490234e-01
4.580643177032470703e-01
4.188711643218994141e-01
4.128894805908203125e-01
4.342274665832519531e-01
6.265811920166015625e-01
3.998637199401855469e-01
6.784217357635498047e-01
4.225769042968750000e-01
4.298202991485595703e-01
6.376202106475830078e-01
4.195194244384765625e-01
4.251630306243896484e-01
4.202899932861328125e-01
4.761528968811035156e-01
7.185120582580566406e-01
7.774653434753417969e-01
3.244795799255371094e-01
6.668145656585693359e-01
4.442813396453857422e-01
6.570611000061035156e-01
4.279396533966064453e-01
4.892544746398925781e-01
6.516542434692382812e-01
4.133262634277343750e-01
6.134738922119140625e-01
6.326212882995605469e-01
6.135418415069580078e-01
6.143918037414550781e-01
6.894345283508300781e-01
6.106710433959960938e-01
6.044459342956542969e-01
6.441564559936523438e-01
6.677820682525634766e-01
6.765522956848144531e-01
6.575217247009277344e-01
4.423532485961914062e-01
4.126424789428710938e-01
6.307013034820556641e-01
4.042243957519531250e-01
