5.851674079895019531e-01
3.612637519836425781e-01
6.071848869323730469e-01
5.577340126037597656e-01
5.637581348419189453e-01
5.455090999603271484e-01
5.949709415435791016e-01
5.768222808837890625e-01
5.557754039764404297e-01
6.510198116302490234e-01
5.479898452758789062e-01
3.636364936828613281e-01
6.250829696655273438e-01
6.310977935791015625e-01
3.569240570068359375e-01
5.298933982849121094e-01
6.349382400512695312e-01
6.122388839721679688e-01
5.352933406829833984e-01
5.444400310516357422e-01
5.454411506652832031e-01
3.584511280059814453e-01
4.105329513549804688e-01
5.238509178161621094e-01
3.606159687042236328e-01
6.600766181945800781e-01
6.112973690032958984e-01
3.686077594757080078e-01
6.163318157196044922e-01
6.523823738098144531e-01
5.976824760437011719e-01
4.184136390686035156e-01
6.041152477264404297e-01
5.646762847900390625e-01
6.129660606384277344e-01
4.210824966430664062e-01
3.789644241333007812e-01
5.858275890350341797e-01
5.801365375518798828e-01
6.061956882476806641e-01
3.832254409790039062e-01
6.028189659118652344e-01
3.966169357299804688e-01
6.162333488464355469e-01
6.364302635192871094e-01
5.883097648620605469e-01
5.578782558441162109e-01
5.905544757843017578e-01
5.666160583496093750e-01
5.764527320861816406e-01
5.884382724761962891e-01
5.907845497131347656e-01
5.924267768859863281e-01
6.006422042846679688e-01
5.769810676574707031e-01
3.640019893646240234e-01
5.900080204010009766e-01
5.634653568267822266e-01
5.632271766662597656e-01
5.978653430938720703e-01
5.890684127807617188e-01
3.926002979278564453e-01
4.505021572113037109e-01
5.882966518402099609e-01
3.724575042724609375e-01
4.949276447296142578e-01
4.143426418304443359e-01
3.853132724761962891e-01
6.124677658081054688e-01
4.118287563323974609e-01
6.034331321716308594e-01
6.135308742523193359e-01
6.317524909973144531e-01
6.101891994476318359e-01
4.355409145355224609e-01
6.243157386779785156e-01
4.597797393798828125e-01
4.785199165344238281e-01
5.614111423492431641e-01
6.521244049072265625e-01
6.468114852905273438e-01
3.939235210418701172e-01
5.789756774902343750e-01
6.497137546539306641e-01
6.275184154510498047e-01
4.152765274047851562e-01
6.360366344451904297e-01
4.436352252960205078e-01
6.149594783782958984e-01
4.077687263488769531e-01
7.076132297515869141e-01
3.859012126922607422e-01
5.867815017700195312e-01
3.830752372741699219e-01
6.055057048797607422e-01
5.990400314331054688e-01
5.809743404388427734e-01
5.806932449340820312e-01
5.909917354583740234e-01
5.841348171234130859e-01
6.315462589263916016e-01
6.102869510650634766e-01
6.148982048034667969e-01
5.953073501586914062e-01
3.750355243682861328e-01
3.731346130371093750e-01
5.661354064941406250e-01
4.557240009307861328e-01
5.708036422729492188e-01
5.895471572875976562e-01
3.920178413391113281e-01
3.750343322753906250e-01
5.822255611419677734e-01
3.767237663269042969e-01
3.832497596740722656e-01
3.886628150939941406e-01
5.886781215667724609e-01
5.772397518157958984e-01
5.962505340576171875e-01
3.967452049255371094e-01
5.891280174255371094e-01
5.873482227325439453e-01
2.354667186737060547e-01
6.584503650665283203e-01
5.712034702301025391e-01
4.475483894348144531e-01
4.373631477355957031e-01
6.454207897186279297e-01
5.078597068786621094e-01
4.226632118225097656e-01
6.063463687896728516e-01
5.321600437164306641e-01
4.999523162841796875e-01
5.021195411682128906e-01
4.142744541168212891e-01
6.012740135192871094e-01
6.211264133453369141e-01
6.094775199890136719e-01
6.158733367919921875e-01
6.003398895263671875e-01
5.992705821990966797e-01
6.105017662048339844e-01
4.077079296112060547e-01
4.009919166564941406e-01
5.987744331359863281e-01
4.013388156890869141e-01
6.107659339904785156e-01
6.028048992156982422e-01
4.173791408538818359e-01
6.053740978240966797e-01
5.019881725311279297e-01
4.253928661346435547e-01
5.974154472351074219e-01
5.470342636108398438e-01
6.897723674774169922e-01
5.683567523956298828e-01
4.232275485992431641e-01
5.958473682403564453e-01
5.815253257751464844e-01
5.884523391723632812e-01
5.962772369384765625e-01
6.024429798126220703e-01
6.087892055511474609e-01
4.411230087280273438e-01
6.314504146575927734e-01
4.162881374359130859e-01
6.214053630828857422e-01
6.143345832824707031e-01
6.076116561889648438e-01
6.186952590942382812e-01
6.150703430175781250e-01
6.440663337707519531e-01
6.052162647247314453e-01
6.172561645507812500e-01
3.995018005371093750e-01
6.056823730468750000e-01
3.935971260070800781e-01
3.851788043975830078e-01
5.867669582366943359e-01
6.231997013092041016e-01
4.192173480987548828e-01
5.510060787200927734e-01
4.100351333618164062e-01
5.972249507904052734e-01
4.558806419372558594e-01
5.095894336700439453e-01
4.545567035675048828e-01
5.455412864685058594e-01
4.214065074920654297e-01
6.502022743225097656e-01
4.410846233367919922e-01
6.167755126953125000e-01
4.059185981750488281e-01
6.243135929107666016e-01
4.283709526062011719e-01
4.108352661132812500e-01
4.825947284698486328e-01
4.099533557891845703e-01
4.123213291168212891e-01
5.964996814727783203e-01
4.043917655944824219e-01
5.931134223937988281e-01
4.139802455902099609e-01
4.022250175476074219e-01
4.064171314239501953e-01
4.552543163299560547e-01
6.497619152069091797e-01
6.526618003845214844e-01
6.536705493927001953e-01
4.282553195953369141e-01
4.353902339935302734e-01
6.128792762756347656e-01
6.202092170715332031e-01
4.298663139343261719e-01
4.276905059814453125e-01
6.199624538421630859e-01
4.663984775543212891e-01
6.301531791687011719e-01
6.133823394775390625e-01
6.088938713073730469e-01
6.383552551269531250e-01
6.489746570587158203e-01
6.229157447814941406e-01
4.112222194671630859e-01
7.189190387725830078e-01
6.326665878295898438e-01
6.340098381042480469e-01
5.995473861694335938e-01
1.837091445922851562e+00
5.951418876647949219e-01
6.061549186706542969e-01
6.154317855834960938e-01
6.343400478363037109e-01
3.947982788085937500e-01
5.856590270996093750e-01
5.680568218231201172e-01
4.110035896301269531e-01
3.923909664154052734e-01
5.804955959320068359e-01
5.929172039031982422e-01
5.798468589782714844e-01
5.852863788604736328e-01
5.912580490112304688e-01
5.785410404205322266e-01
6.022145748138427734e-01
3.815295696258544922e-01
6.160390377044677734e-01
6.064600944519042969e-01
6.363468170166015625e-01
6.275203227996826172e-01
6.227564811706542969e-01
6.407444477081298828e-01
4.598252773284912109e-01
6.044633388519287109e-01
4.245901107788085938e-01
6.141717433929443359e-01
5.951581001281738281e-01
5.835089683532714844e-01
6.030149459838867188e-01
5.961604118347167969e-01
6.159458160400390625e-01
6.015653610229492188e-01
6.037278175354003906e-01
6.069879531860351562e-01
6.220757961273193359e-01
4.113783836364746094e-01
4.034588336944580078e-01
4.486293792724609375e-01
3.924746513366699219e-01
4.008193016052246094e-01
4.089372158050537109e-01
4.058387279510498047e-01
4.136939048767089844e-01
4.021501541137695312e-01
4.101569652557373047e-01
4.111373424530029297e-01
6.438663005828857422e-01
4.089264869689941406e-01
4.256424903869628906e-01
4.173724651336669922e-01
4.203329086303710938e-01
4.026224613189697266e-01
4.133841991424560547e-01
6.000874042510986328e-01
5.430467128753662109e-01
4.006569385528564453e-01
4.026908874511718750e-01
6.343863010406494141e-01
4.192128181457519531e-01
6.232385635375976562e-01
6.089498996734619141e-01
4.315805435180664062e-01
4.513278007507324219e-01
4.461007118225097656e-01
5.315248966217041016e-01
4.045286178588867188e-01
6.364293098449707031e-01
6.202433109283447266e-01
3.903350830078125000e-01
3.962149620056152344e-01
4.546384811401367188e-01
6.861906051635742188e-01
6.205868721008300781e-01
6.171009540557861328e-01
6.244928836822509766e-01
6.074416637420654297e-01
6.271131038665771484e-01
4.103839397430419922e-01
4.001934528350830078e-01
6.320021152496337891e-01
4.108526706695556641e-01
6.173880100250244141e-01
6.499693393707275391e-01
5.947475433349609375e-01
6.252446174621582031e-01
4.556472301483154297e-01
6.113727092742919922e-01
6.970975399017333984e-01
7.136590480804443359e-01
4.417145252227783203e-01
4.577338695526123047e-01
6.062994003295898438e-01
6.346838474273681641e-01
6.219325065612792969e-01
6.709804534912109375e-01
4.801690578460693359e-01
7.518136501312255859e-01
4.055492877960205078e-01
6.625504493713378906e-01
4.356625080108642578e-01
6.378514766693115234e-01
6.482436656951904297e-01
6.745655536651611328e-01
6.545236110687255859e-01
4.541163444519042969e-01
4.761533737182617188e-01
6.720120906829833984e-01
4.492969512939453125e-01
6.036500930786132812e-01
6.843922138214111328e-01
4.676415920257568359e-01
4.200835227966308594e-01
4.995615482330322266e-01
4.984703063964843750e-01
6.465117931365966797e-01
6.457901000976562500e-01
6.255428791046142578e-01
4.335222244262695312e-01
6.231441497802734375e-01
6.222321987152099609e-01
